CompteurTemps	Temps	Cx0	Cy0	
1	0	-229.815	61.0719	
2	1e-06	-78.3374	-19.0054	
3	2e-06	-25.223	-64.8199	
4	3e-06	-19.4003	-58.2497	
5	4e-06	-17.8875	-51.2331	
6	5e-06	-15.7183	-46.0445	
7	6e-06	-13.2002	-40.7509	
8	7e-06	-11.3364	-35.4872	
9	8e-06	-10.42	-31.1443	
10	9e-06	-9.21407	-27.9613	
11	1e-05	-8.78389	-24.4904	
12	1.1e-05	-7.78199	-22.5	
13	1.2e-05	-6.82444	-20.3199	
14	1.3e-05	-6.28575	-18.361	
15	1.4e-05	-5.96302	-16.5057	
16	1.5e-05	-5.58343	-15.1148	
17	1.6e-05	-4.91501	-13.9605	
18	1.7e-05	-4.68626	-12.5099	
19	1.8e-05	-4.472	-11.3344	
20	1.9e-05	-4.12021	-10.4906	
21	2e-05	-3.69386	-9.72843	
22	2.1e-05	-3.44803	-9.03508	
23	2.2e-05	-3.22512	-8.34945	
24	2.3e-05	-3.33968	-7.60377	
25	2.4e-05	-2.89476	-7.24678	
26	2.5e-05	-2.75386	-6.73241	
27	2.6e-05	-2.82702	-6.16022	
28	2.7e-05	-2.49155	-5.91164	
29	2.8e-05	-2.64883	-5.42396	
30	2.9e-05	-2.66029	-5.13747	
31	3e-05	-2.43586	-4.88406	
32	3.1e-05	-2.4328	-4.64277	
33	3.2e-05	-2.44666	-4.5415	
34	3.3e-05	-2.25885	-4.39043	
35	3.4e-05	-2.19232	-4.37748	
36	3.5e-05	-1.86875	-4.39755	
37	3.6e-05	-1.68623	-4.22022	
38	3.7e-05	-2.08625	-3.76006	
39	3.8e-05	-1.94448	-3.6976	
40	3.9e-05	-1.9517	-3.64475	
41	4e-05	-2.305	-3.22392	
42	4.1e-05	-2.20727	-3.23949	
43	4.2e-05	-2.08261	-3.33949	
44	4.3e-05	-1.68675	-3.481	
45	4.4e-05	-1.77974	-3.21662	
46	4.5e-05	-1.53825	-3.35426	
47	4.6e-05	-2.02886	-2.90923	
48	4.7e-05	-1.54437	-3.28986	
49	4.8e-05	-1.94604	-2.91197	
50	4.9e-05	-1.43895	-3.27307	
51	5e-05	-1.75165	-2.93331	
52	5.1e-05	-1.83325	-2.88132	
53	5.2e-05	-1.74837	-2.88064	
54	5.3e-05	-1.90375	-2.67696	
55	5.4e-05	-1.91294	-2.65858	
56	5.5e-05	-1.72026	-2.79547	
57	5.6e-05	-1.70901	-2.80259	
58	5.7e-05	-1.63055	-2.96589	
59	5.8e-05	-1.69216	-2.86416	
60	5.9e-05	-1.72908	-2.86697	
61	6e-05	-1.56561	-2.96882	
62	6.1e-05	-1.7053	-2.91539	
63	6.2e-05	-1.66159	-2.8774	
64	6.3e-05	-2.05791	-2.54153	
65	6.4e-05	-1.58309	-2.96674	
66	6.5e-05	-1.70944	-2.77719	
67	6.6e-05	-1.78867	-2.8287	
68	6.7e-05	-1.66772	-2.94996	
69	6.8e-05	-1.62634	-2.97839	
70	6.9e-05	-1.66778	-2.85425	
71	7e-05	-1.63222	-2.90473	
72	7.1e-05	-1.53053	-2.91532	
73	7.2e-05	-1.71827	-2.82303	
74	7.3e-05	-1.65342	-2.87136	
75	7.4e-05	-1.78049	-3.05927	
76	7.5e-05	-1.543	-3.22341	
77	7.6e-05	-1.70364	-3.07086	
78	7.7e-05	-1.51983	-3.10592	
79	7.8e-05	-1.46319	-3.12771	
80	7.9e-05	-1.49618	-3.11449	
81	8e-05	-1.51419	-3.15364	
82	8.1e-05	-1.3727	-3.25345	
83	8.2e-05	-1.65448	-3.07593	
84	8.3e-05	-1.75799	-2.9882	
85	8.4e-05	-1.54427	-3.22615	
86	8.5e-05	-1.65658	-3.09664	
87	8.6e-05	-1.53545	-3.18965	
88	8.7e-05	-1.94469	-2.87399	
89	8.8e-05	-1.70228	-3.06526	
90	8.9e-05	-1.57616	-3.13307	
91	9e-05	-1.66381	-3.0178	
92	9.1e-05	-1.59449	-2.7847	
93	9.2e-05	-1.57341	-3.13923	
94	9.3e-05	-1.62144	-3.09128	
95	9.4e-05	-1.6306	-3.04784	
96	9.5e-05	-1.33226	-3.26056	
97	9.6e-05	-1.46657	-3.20073	
98	9.7e-05	-1.56133	-3.19823	
99	9.8e-05	-1.59773	-3.15693	
100	9.9e-05	-1.52589	-3.24387	
101	0.0001	-1.43764	-3.20496	
102	0.000101	-1.5283	-3.16598	
103	0.000102	-1.58311	-3.08806	
104	0.000103	-1.50284	-3.03202	
105	0.000104	-1.27925	-3.28367	
106	0.000105	-1.51283	-2.98468	
107	0.000106	-1.3542	-3.0678	
108	0.000107	-1.56769	-2.95513	
109	0.000108	-1.28638	-3.23093	
110	0.000109	-1.33583	-3.31145	
111	0.00011	-1.23014	-3.33676	
112	0.000111	-1.41197	-3.18486	
113	0.000112	-1.20927	-3.32325	
114	0.000113	-1.62514	-3.00924	
115	0.000114	-1.59484	-2.99434	
116	0.000115	-1.70145	-2.92382	
117	0.000116	-1.48562	-3.17297	
118	0.000117	-1.34632	-3.21078	
119	0.000118	-1.80134	-2.87881	
120	0.000119	-1.54029	-3.2018	
121	0.00012	-1.41248	-3.20836	
122	0.000121	-1.6108	-3.03975	
123	0.000122	-1.46321	-3.09951	
124	0.000123	-1.34838	-3.10024	
125	0.000124	-1.40293	-3.05201	
126	0.000125	-1.63916	-2.93608	
127	0.000126	-1.50636	-3.08803	
128	0.000127	-1.37675	-3.15782	
129	0.000128	-1.37647	-3.09414	
130	0.000129	-1.77582	-2.80728	
131	0.00013	-1.59273	-3.02498	
132	0.000131	-1.22466	-3.28416	
133	0.000132	-1.19857	-3.26512	
134	0.000133	-1.29959	-3.2045	
135	0.000134	-1.50419	-3.08821	
136	0.000135	-1.65202	-2.98689	
137	0.000136	-1.2895	-3.27245	
138	0.000137	-1.39766	-3.09312	
139	0.000138	-1.26713	-3.19357	
140	0.000139	-1.32465	-3.13347	
141	0.00014	-1.25324	-3.22388	
142	0.000141	-1.57986	-2.97381	
143	0.000142	-1.35527	-3.07727	
144	0.000143	-1.34918	-3.17332	
145	0.000144	-1.41267	-3.13664	
146	0.000145	-1.31268	-3.24495	
147	0.000146	-1.23426	-3.21999	
148	0.000147	-1.38084	-3.112	
149	0.000148	-1.3266	-3.24405	
150	0.000149	-1.67018	-3.0676	
151	0.00015	-1.49096	-3.14416	
152	0.000151	-1.49932	-3.13601	
153	0.000152	-1.54029	-3.06526	
154	0.000153	-1.3939	-3.21388	
155	0.000154	-1.59936	-3.04886	
156	0.000155	-1.38434	-3.37211	
157	0.000156	-1.3368	-3.36547	
158	0.000157	-1.42466	-3.24788	
159	0.000158	-1.51063	-3.23708	
160	0.000159	-1.36529	-3.28914	
161	0.00016	-1.45112	-3.19265	
162	0.000161	-1.44575	-3.18456	
163	0.000162	-1.36053	-3.30469	
164	0.000163	-1.28101	-3.37197	
165	0.000164	-1.54717	-3.14641	
166	0.000165	-1.46436	-3.31443	
167	0.000166	-1.41946	-3.26187	
168	0.000167	-1.3396	-3.29497	
169	0.000168	-1.3076	-3.28061	
170	0.000169	-1.67242	-3.10126	
171	0.00017	-1.41415	-3.35684	
172	0.000171	-1.32061	-3.35926	
173	0.000172	-1.25945	-3.35351	
174	0.000173	-1.20924	-3.42748	
175	0.000174	-1.27952	-3.44929	
176	0.000175	-1.21079	-3.39674	
177	0.000176	-1.40344	-3.35936	
178	0.000177	-1.33688	-3.36998	
179	0.000178	-1.20778	-3.47193	
180	0.000179	-1.18578	-3.44633	
181	0.00018	-1.38988	-3.28575	
182	0.000181	-1.6054	-3.13967	
183	0.000182	-1.34089	-3.35654	
184	0.000183	-1.58921	-3.18863	
185	0.000184	-1.55357	-3.25953	
186	0.000185	-1.41375	-3.35551	
187	0.000186	-1.44825	-3.33598	
188	0.000187	-1.24464	-3.52142	
189	0.000188	-1.47433	-3.34984	
190	0.000189	-1.63135	-3.10705	
191	0.00019	-1.40026	-3.26051	
192	0.000191	-1.48077	-3.33314	
193	0.000192	-1.38167	-3.44261	
194	0.000193	-1.46193	-3.44073	
195	0.000194	-1.31475	-3.51289	
196	0.000195	-1.28643	-3.53786	
197	0.000196	-1.08109	-3.68903	
198	0.000197	-1.28152	-3.38068	
199	0.000198	-1.27844	-3.38767	
200	0.000199	-1.37362	-3.36105	
201	0.0002	-1.14427	-3.54912	
202	0.000201	-1.26235	-3.46367	
203	0.000202	-1.25106	-3.50437	
204	0.000203	-1.26905	-3.35619	
205	0.000204	-1.24881	-3.44936	
206	0.000205	-1.39972	-3.28531	
207	0.000206	-1.31384	-3.42035	
208	0.000207	-1.28406	-3.47394	
209	0.000208	-1.28364	-3.42098	
210	0.000209	-1.26323	-3.48198	
211	0.00021	-1.37623	-3.30562	
212	0.000211	-1.42615	-3.53147	
213	0.000212	-1.51544	-3.5007	
214	0.000213	-1.36514	-3.53958	
215	0.000214	-1.24291	-3.63467	
216	0.000215	-1.57749	-3.45993	
217	0.000216	-1.10724	-3.63054	
218	0.000217	-1.21519	-3.4571	
219	0.000218	-1.26843	-3.48092	
220	0.000219	-1.30765	-3.43384	
221	0.00022	-1.14493	-3.53846	
222	0.000221	-1.26053	-3.43458	
223	0.000222	-1.06448	-3.46467	
224	0.000223	-1.2161	-3.39847	
225	0.000224	-1.59797	-3.24559	
226	0.000225	-1.50891	-3.44825	
227	0.000226	-1.24889	-3.59096	
228	0.000227	-1.552	-3.40816	
229	0.000228	-1.34688	-3.62291	
230	0.000229	-1.57077	-3.39816	
231	0.00023	-1.3326	-3.61005	
232	0.000231	-1.24145	-3.63557	
233	0.000232	-1.38082	-3.54392	
234	0.000233	-1.24002	-3.63877	
235	0.000234	-1.28026	-3.58774	
236	0.000235	-1.41679	-3.50215	
237	0.000236	-1.16923	-3.70579	
238	0.000237	-1.19958	-3.65502	
239	0.000238	-1.52479	-3.46001	
240	0.000239	-1.40081	-3.55795	
241	0.00024	-1.17339	-3.7725	
242	0.000241	-1.23345	-3.64843	
243	0.000242	-1.18526	-3.80391	
244	0.000243	-1.24599	-3.69509	
245	0.000244	-1.21344	-3.73504	
246	0.000245	-1.32439	-3.60841	
247	0.000246	-1.40315	-3.54483	
248	0.000247	-1.18201	-3.7202	
249	0.000248	-1.17965	-3.66031	
250	0.000249	-1.23842	-3.62845	
251	0.00025	-1.35567	-3.51376	
252	0.000251	-1.45143	-3.53184	
253	0.000252	-1.42855	-3.53028	
254	0.000253	-1.30828	-3.663	
255	0.000254	-1.19173	-3.69387	
256	0.000255	-1.24023	-3.62818	
257	0.000256	-1.34978	-3.52444	
258	0.000257	-1.41101	-3.61047	
259	0.000258	-1.38742	-3.65511	
260	0.000259	-1.25585	-3.74068	
261	0.00026	-1.18113	-3.76591	
262	0.000261	-1.30465	-3.61447	
263	0.000262	-1.42171	-3.59272	
264	0.000263	-1.60521	-3.50323	
265	0.000264	-1.26406	-3.84471	
266	0.000265	-1.42894	-3.67688	
267	0.000266	-1.1875	-3.88171	
268	0.000267	-1.4241	-3.74123	
269	0.000268	-1.24822	-3.60895	
270	0.000269	-1.3298	-3.71541	
271	0.00027	-1.57889	-3.96269	
272	0.000271	-1.63019	-4.13499	
273	0.000272	-1.5855	-4.16611	
274	0.000273	-1.49835	-4.17917	
275	0.000274	-1.37889	-4.14071	
276	0.000275	-1.57514	-3.98004	
277	0.000276	-1.33793	-4.14006	
278	0.000277	-1.32644	-4.08083	
279	0.000278	-1.28118	-4.15292	
280	0.000279	-1.26249	-4.04783	
281	0.00028	-1.27754	-3.94868	
282	0.000281	-1.25845	-3.94099	
283	0.000282	-1.30014	-4.00595	
284	0.000283	-1.27873	-4.00882	
285	0.000284	-1.34592	-3.98602	
286	0.000285	-1.50385	-3.83475	
287	0.000286	-1.40006	-3.84489	
288	0.000287	-1.27523	-3.92458	
289	0.000288	-1.29279	-3.90346	
290	0.000289	-1.24865	-3.84197	
291	0.00029	-1.34392	-3.7974	
292	0.000291	-1.26984	-3.86054	
293	0.000292	-1.20799	-3.90884	
294	0.000293	-1.14049	-3.92507	
295	0.000294	-1.1279	-3.89848	
296	0.000295	-1.33689	-3.71665	
297	0.000296	-1.28807	-3.78163	
298	0.000297	-1.18452	-3.8813	
299	0.000298	-1.34982	-3.74124	
300	0.000299	-1.11309	-3.88346	
301	0.0003	-1.21217	-3.79226	
302	0.000301	-1.09986	-3.90328	
303	0.000302	-1.25528	-3.76133	
304	0.000303	-1.15019	-3.88004	
305	0.000304	-1.24204	-3.76543	
306	0.000305	-1.18887	-3.79168	
307	0.000306	-1.20963	-3.8259	
308	0.000307	-1.24151	-3.7794	
309	0.000308	-1.22579	-3.82594	
310	0.000309	-1.17799	-3.86454	
311	0.00031	-1.18887	-3.81959	
312	0.000311	-1.08362	-3.93491	
313	0.000312	-1.23214	-3.80207	
314	0.000313	-1.37427	-3.6378	
315	0.000314	-1.15704	-3.87589	
316	0.000315	-1.22502	-3.81104	
317	0.000316	-1.30268	-3.77476	
318	0.000317	-1.40854	-3.6049	
319	0.000318	-1.17121	-3.77472	
320	0.000319	-1.18347	-3.75683	
321	0.00032	-1.1655	-3.73269	
322	0.000321	-1.34256	-3.63223	
323	0.000322	-1.19637	-3.82428	
324	0.000323	-1.2609	-3.79173	
325	0.000324	-1.15132	-3.84134	
326	0.000325	-1.39872	-3.69028	
327	0.000326	-1.37651	-3.74416	
328	0.000327	-1.38164	-3.69302	
329	0.000328	-1.29576	-3.78939	
330	0.000329	-1.47911	-3.67245	
331	0.00033	-1.27629	-3.86601	
332	0.000331	-1.33445	-3.74179	
333	0.000332	-1.22884	-3.81253	
334	0.000333	-1.3547	-3.78533	
335	0.000334	-1.13175	-3.96443	
336	0.000335	-1.27138	-3.87742	
337	0.000336	-1.29581	-3.91743	
338	0.000337	-1.33225	-3.84993	
339	0.000338	-1.09573	-4.05772	
340	0.000339	-1.17072	-3.97261	
341	0.00034	-1.32497	-3.76192	
342	0.000341	-1.17677	-3.90606	
343	0.000342	-1.20806	-3.91085	
344	0.000343	-1.38991	-3.80666	
345	0.000344	-1.20191	-3.97098	
346	0.000345	-1.39053	-3.82875	
347	0.000346	-1.08618	-3.99835	
348	0.000347	-1.40122	-3.68098	
349	0.000348	-1.36243	-3.73743	
350	0.000349	-1.18277	-3.8766	
351	0.00035	-1.16213	-3.95503	
352	0.000351	-1.30287	-3.89126	
353	0.000352	-1.31157	-3.89987	
354	0.000353	-1.49269	-3.67978	
355	0.000354	-1.34327	-3.75319	
356	0.000355	-1.2043	-3.91467	
357	0.000356	-1.24384	-3.89134	
358	0.000357	-1.31949	-3.83151	
359	0.000358	-1.09429	-4.01437	
360	0.000359	-1.23769	-3.9022	
361	0.00036	-1.24503	-3.88039	
362	0.000361	-1.22958	-3.90314	
363	0.000362	-1.13059	-3.98741	
364	0.000363	-1.288	-3.92696	
365	0.000364	-1.27281	-3.94888	
366	0.000365	-1.06636	-4.1227	
367	0.000366	-1.61032	-3.69129	
368	0.000367	-1.29383	-3.7455	
369	0.000368	-1.30574	-3.85399	
370	0.000369	-1.34451	-3.85369	
371	0.00037	-1.23769	-3.93912	
372	0.000371	-1.41332	-3.76991	
373	0.000372	-1.38687	-3.79625	
374	0.000373	-1.26207	-3.89235	
375	0.000374	-1.19266	-3.90683	
376	0.000375	-1.42346	-3.7083	
377	0.000376	-1.26565	-3.84239	
378	0.000377	-1.24497	-3.97619	
379	0.000378	-1.3806	-3.76908	
380	0.000379	-1.38603	-3.79631	
381	0.00038	-1.2958	-3.92489	
382	0.000381	-1.42001	-3.79366	
383	0.000382	-1.3609	-3.82281	
384	0.000383	-1.39677	-3.74905	
385	0.000384	-1.25179	-3.79359	
386	0.000385	-1.15707	-3.82095	
387	0.000386	-1.28174	-3.71772	
388	0.000387	-1.14278	-3.86324	
389	0.000388	-1.11407	-3.93931	
390	0.000389	-1.25497	-3.8449	
391	0.00039	-1.40059	-3.83816	
392	0.000391	-1.14325	-3.91941	
393	0.000392	-1.05992	-3.95002	
394	0.000393	-1.28249	-4.05485	
395	0.000394	-1.52132	-3.67503	
396	0.000395	-1.27857	-3.81571	
397	0.000396	-1.37607	-3.72957	
398	0.000397	-1.46272	-3.60365	
399	0.000398	-1.36814	-3.70803	
400	0.000399	-1.32977	-3.92239	
401	0.0004	-1.53973	-3.87373	
402	0.000401	-1.53805	-3.6898	
403	0.000402	-1.20783	-3.92053	
404	0.000403	-1.36035	-3.79545	
405	0.000404	-1.22504	-3.95073	
406	0.000405	-1.37568	-3.93072	
407	0.000406	-1.13438	-4.02508	
408	0.000407	-1.11232	-3.9611	
409	0.000408	-0.962451	-4.09957	
410	0.000409	-1.01983	-4.02316	
411	0.00041	-1.104	-3.96613	
412	0.000411	-1.21051	-3.8618	
413	0.000412	-1.07191	-3.98049	
414	0.000413	-1.14291	-3.89502	
415	0.000414	-1.07825	-3.94837	
416	0.000415	-1.25184	-4.04675	
417	0.000416	-1.34862	-3.88916	
418	0.000417	-1.35092	-3.91004	
419	0.000418	-1.22813	-4.05154	
420	0.000419	-1.23609	-4.0038	
421	0.00042	-1.1543	-4.11547	
422	0.000421	-1.13748	-3.9782	
423	0.000422	-1.17583	-3.98174	
424	0.000423	-1.36506	-3.8277	
425	0.000424	-1.36688	-3.7792	
426	0.000425	-1.33937	-4.09369	
427	0.000426	-1.26378	-4.12689	
428	0.000427	-1.30586	-4.07048	
429	0.000428	-1.0208	-4.33152	
430	0.000429	-1.09514	-4.19809	
431	0.00043	-1.31141	-4.00518	
432	0.000431	-1.11191	-4.14572	
433	0.000432	-0.963432	-4.30682	
434	0.000433	-1.15753	-3.99297	
435	0.000434	-1.15302	-4.00149	
436	0.000435	-1.42313	-3.82695	
437	0.000436	-1.25835	-4.03253	
438	0.000437	-1.20297	-4.00937	
439	0.000438	-1.34122	-3.90892	
440	0.000439	-1.33498	-3.87979	
441	0.00044	-1.27701	-3.91073	
442	0.000441	-1.20283	-4.09273	
443	0.000442	-1.36759	-3.89951	
444	0.000443	-1.24467	-3.98674	
445	0.000444	-1.41391	-3.80446	
446	0.000445	-1.23323	-4.12375	
447	0.000446	-1.22402	-4.17298	
448	0.000447	-1.23636	-4.2227	
449	0.000448	-1.36593	-3.93976	
450	0.000449	-1.45773	-4.02719	
451	0.00045	-1.40556	-4.01712	
452	0.000451	-1.48031	-4.03863	
453	0.000452	-1.49349	-4.05449	
454	0.000453	-1.31447	-4.18047	
455	0.000454	-1.13856	-4.2292	
456	0.000455	-1.20364	-4.15612	
457	0.000456	-1.24505	-4.1338	
458	0.000457	-1.46402	-4.01946	
459	0.000458	-1.14843	-4.3393	
460	0.000459	-1.23833	-4.13775	
461	0.00046	-1.29147	-4.11882	
462	0.000461	-1.12548	-4.25412	
463	0.000462	-1.43701	-3.92582	
464	0.000463	-1.28122	-4.09476	
465	0.000464	-1.2321	-4.16123	
466	0.000465	-1.25354	-4.17278	
467	0.000466	-1.24936	-4.19711	
468	0.000467	-1.25426	-4.16567	
469	0.000468	-1.24159	-4.32095	
470	0.000469	-1.19617	-4.34592	
471	0.00047	-1.01068	-4.4321	
472	0.000471	-1.36886	-4.09288	
473	0.000472	-1.20571	-4.30112	
474	0.000473	-1.26097	-4.24954	
475	0.000474	-1.23368	-4.2632	
476	0.000475	-1.30447	-4.192	
477	0.000476	-1.38236	-4.15496	
478	0.000477	-1.23919	-4.39693	
479	0.000478	-1.17567	-4.4247	
480	0.000479	-1.1521	-4.41093	
481	0.00048	-1.39287	-4.13209	
482	0.000481	-1.3114	-4.17448	
483	0.000482	-1.32349	-4.15084	
484	0.000483	-1.29479	-4.26136	
485	0.000484	-1.15799	-4.31828	
486	0.000485	-1.29701	-4.19145	
487	0.000486	-1.36731	-4.06738	
488	0.000487	-1.33112	-4.13728	
489	0.000488	-1.15777	-4.27082	
490	0.000489	-1.24016	-4.20891	
491	0.00049	-1.14028	-4.3166	
492	0.000491	-1.27871	-4.18296	
493	0.000492	-1.2987	-4.15822	
494	0.000493	-1.46455	-4.04723	
495	0.000494	-1.22429	-4.17345	
496	0.000495	-1.25959	-4.17602	
497	0.000496	-1.25297	-4.19279	
498	0.000497	-1.41802	-4.09204	
499	0.000498	-1.28148	-4.24088	
500	0.000499	-1.45347	-4.08035	
501	0.0005	-1.21369	-4.28902	
502	0.000501	-1.28122	-4.20705	
503	0.000502	-1.16135	-4.33886	
504	0.000503	-1.20932	-4.27384	
505	0.000504	-1.48192	-4.01604	
506	0.000505	-1.40492	-4.11454	
507	0.000506	-1.22436	-4.30428	
508	0.000507	-1.27804	-4.227	
509	0.000508	-1.22003	-4.31042	
510	0.000509	-1.21586	-4.28274	
511	0.00051	-1.14093	-4.25828	
512	0.000511	-1.46319	-4.06095	
513	0.000512	-1.38912	-4.15239	
514	0.000513	-1.3933	-4.08358	
515	0.000514	-1.3475	-4.17495	
516	0.000515	-1.69935	-3.87912	
517	0.000516	-1.30604	-4.23761	
518	0.000517	-1.36066	-4.1864	
519	0.000518	-1.34009	-4.29327	
520	0.000519	-1.19905	-4.37194	
521	0.00052	-1.15529	-4.39692	
522	0.000521	-1.52489	-4.1637	
523	0.000522	-1.29217	-4.46781	
524	0.000523	-1.38746	-4.20158	
525	0.000524	-1.12416	-4.32596	
526	0.000525	-1.3162	-4.11782	
527	0.000526	-1.22809	-4.20591	
528	0.000527	-1.38167	-4.19389	
529	0.000528	-1.30188	-4.25322	
530	0.000529	-1.23189	-4.38127	
531	0.00053	-1.62669	-4.12425	
532	0.000531	-1.36894	-4.3495	
533	0.000532	-1.31573	-4.37677	
534	0.000533	-1.31631	-4.41457	
535	0.000534	-1.28891	-4.30293	
536	0.000535	-1.27625	-4.30652	
537	0.000536	-1.36611	-4.13247	
538	0.000537	-1.11954	-4.59086	
539	0.000538	-1.2483	-4.49574	
540	0.000539	-1.30698	-4.24477	
541	0.00054	-1.42219	-4.14316	
542	0.000541	-1.11401	-4.45855	
543	0.000542	-1.16687	-4.40836	
544	0.000543	-1.18127	-4.39561	
545	0.000544	-1.29312	-4.38371	
546	0.000545	-1.20356	-4.38264	
547	0.000546	-1.1536	-4.35273	
548	0.000547	-1.29072	-4.24454	
549	0.000548	-1.26782	-4.30994	
550	0.000549	-1.29917	-4.40755	
551	0.00055	-1.32226	-4.386	
552	0.000551	-1.14662	-4.4984	
553	0.000552	-1.22451	-4.43642	
554	0.000553	-1.13767	-4.54337	
555	0.000554	-1.10778	-4.57936	
556	0.000555	-1.26642	-4.38608	
557	0.000556	-1.14186	-4.47625	
558	0.000557	-1.0309	-4.56996	
559	0.000558	-1.09519	-4.45541	
560	0.000559	-1.19399	-4.35072	
561	0.00056	-1.09969	-4.42532	
562	0.000561	-1.19423	-4.37092	
563	0.000562	-1.31159	-4.32662	
564	0.000563	-1.13799	-4.57958	
565	0.000564	-1.22924	-4.41999	
566	0.000565	-1.28221	-4.43367	
567	0.000566	-1.10331	-4.62552	
568	0.000567	-1.4799	-4.27548	
569	0.000568	-1.02664	-4.72293	
570	0.000569	-1.29086	-4.46407	
571	0.00057	-1.20879	-4.57734	
572	0.000571	-1.2506	-4.52261	
573	0.000572	-1.28335	-4.41965	
574	0.000573	-1.31452	-4.36067	
575	0.000574	-1.45352	-4.24055	
576	0.000575	-1.18833	-4.57986	
577	0.000576	-1.3778	-4.39245	
578	0.000577	-1.4589	-4.39996	
579	0.000578	-1.5465	-4.38819	
580	0.000579	-1.54107	-4.33424	
581	0.00058	-1.22221	-4.63457	
582	0.000581	-1.40964	-4.40108	
583	0.000582	-1.3238	-4.51215	
584	0.000583	-1.47316	-4.39066	
585	0.000584	-1.20883	-4.59143	
586	0.000585	-1.29779	-4.47796	
587	0.000586	-1.38636	-4.44502	
588	0.000587	-1.36846	-4.4189	
589	0.000588	-1.37068	-4.49356	
590	0.000589	-1.43403	-4.64157	
591	0.00059	-1.414	-4.69649	
592	0.000591	-1.36326	-4.61973	
593	0.000592	-1.32499	-4.52677	
594	0.000593	-1.45633	-4.48431	
595	0.000594	-1.3825	-4.50883	
596	0.000595	-1.11193	-4.79633	
597	0.000596	-1.4962	-4.43408	
598	0.000597	-1.36742	-4.60241	
599	0.000598	-1.75224	-4.32486	
600	0.000599	-1.32129	-4.70038	
601	0.0006	-1.14095	-4.78389	
602	0.000601	-1.26143	-4.65932	
603	0.000602	-1.21227	-4.64606	
604	0.000603	-1.34982	-4.54934	
605	0.000604	-1.4739	-4.32947	
606	0.000605	-1.60583	-4.35737	
607	0.000606	-1.40699	-4.57984	
608	0.000607	-1.3939	-4.65674	
609	0.000608	-1.56149	-4.63697	
610	0.000609	-1.66761	-4.60547	
611	0.00061	-1.3867	-4.71835	
612	0.000611	-1.35392	-4.82832	
613	0.000612	-1.31474	-4.80028	
614	0.000613	-1.3485	-4.7565	
615	0.000614	-1.30556	-4.83033	
616	0.000615	-1.33618	-4.70527	
617	0.000616	-1.58992	-4.53947	
618	0.000617	-1.22412	-4.8032	
619	0.000618	-1.59398	-4.50498	
620	0.000619	-1.37666	-4.72557	
621	0.00062	-1.36837	-4.68258	
622	0.000621	-1.56646	-4.58146	
623	0.000622	-1.5164	-4.68076	
624	0.000623	-1.53769	-4.58526	
625	0.000624	-1.72005	-4.39918	
626	0.000625	-1.24259	-4.88267	
627	0.000626	-1.41873	-4.73336	
628	0.000627	-1.33018	-4.82349	
629	0.000628	-1.19046	-4.87498	
630	0.000629	-1.36536	-4.60409	
631	0.00063	-1.49782	-4.48816	
632	0.000631	-1.67395	-4.46039	
633	0.000632	-1.45004	-4.70954	
634	0.000633	-1.40019	-4.78912	
635	0.000634	-1.29867	-4.79409	
636	0.000635	-1.47619	-4.65736	
637	0.000636	-1.41853	-4.6554	
638	0.000637	-1.50381	-4.6829	
639	0.000638	-1.45933	-4.65353	
640	0.000639	-1.45888	-4.65612	
641	0.00064	-1.42577	-4.73638	
642	0.000641	-1.36392	-4.76155	
643	0.000642	-1.41833	-4.73901	
644	0.000643	-1.3525	-4.78527	
645	0.000644	-1.24791	-4.93354	
646	0.000645	-1.29964	-4.94669	
647	0.000646	-1.47335	-4.69368	
648	0.000647	-1.46533	-4.7726	
649	0.000648	-1.33179	-4.92028	
650	0.000649	-1.26501	-4.99349	
651	0.00065	-1.49642	-4.7147	
652	0.000651	-1.18738	-4.9422	
653	0.000652	-1.45285	-4.68141	
654	0.000653	-1.46051	-4.87826	
655	0.000654	-1.38559	-4.93337	
656	0.000655	-1.58482	-4.72438	
657	0.000656	-1.50466	-4.95303	
658	0.000657	-1.3542	-5.02071	
659	0.000658	-1.16043	-5.18154	
660	0.000659	-1.71898	-4.71021	
661	0.00066	-1.48044	-4.89784	
662	0.000661	-1.67772	-4.84621	
663	0.000662	-1.47354	-5.01188	
664	0.000663	-1.55628	-4.88013	
665	0.000664	-1.52702	-4.91456	
666	0.000665	-1.39123	-5.04535	
667	0.000666	-1.41125	-4.9836	
668	0.000667	-1.39109	-5.01122	
669	0.000668	-1.54447	-4.87317	
670	0.000669	-1.5622	-4.9026	
671	0.00067	-1.54563	-5.08898	
672	0.000671	-1.55975	-5.03092	
673	0.000672	-1.51716	-5.00825	
674	0.000673	-1.60267	-4.8891	
675	0.000674	-1.55956	-4.84794	
676	0.000675	-1.43136	-5.03474	
677	0.000676	-1.52952	-4.90456	
678	0.000677	-1.59598	-4.90147	
679	0.000678	-1.46452	-4.91352	
680	0.000679	-1.56323	-4.80293	
681	0.00068	-1.52567	-4.99994	
682	0.000681	-1.28162	-5.05017	
683	0.000682	-1.67882	-4.73601	
684	0.000683	-1.39485	-5.04161	
685	0.000684	-1.44244	-4.96264	
686	0.000685	-1.31901	-5.09298	
687	0.000686	-1.42652	-5.10213	
688	0.000687	-1.60939	-4.88515	
689	0.000688	-1.372	-5.04934	
690	0.000689	-1.59335	-4.78938	
691	0.00069	-1.38225	-4.90333	
692	0.000691	-1.31751	-5.21286	
693	0.000692	-1.31518	-5.05893	
694	0.000693	-1.51904	-4.8082	
695	0.000694	-1.44178	-4.95781	
696	0.000695	-1.68174	-4.67021	
697	0.000696	-1.26023	-4.9649	
698	0.000697	-1.42531	-4.78475	
699	0.000698	-1.0911	-5.05404	
700	0.000699	-1.48132	-4.64046	
701	0.0007	-1.47656	-4.63631	
702	0.000701	-1.44694	-4.64487	
703	0.000702	-1.19723	-4.80748	
704	0.000703	-1.52734	-4.51689	
705	0.000704	-1.3002	-4.88091	
706	0.000705	-1.48716	-4.67908	
707	0.000706	-1.39456	-4.71736	
708	0.000707	-1.31567	-4.79417	
709	0.000708	-1.23623	-4.83825	
710	0.000709	-1.4843	-4.59768	
711	0.00071	-1.21738	-4.84168	
712	0.000711	-1.20669	-4.91076	
713	0.000712	-1.49863	-4.61155	
714	0.000713	-1.62668	-4.60796	
715	0.000714	-2.17697	-4.36358	
716	0.000715	-1.83687	-4.80066	
717	0.000716	-1.69703	-4.98348	
718	0.000717	-2.01979	-4.56229	
719	0.000718	-1.4683	-5.01629	
720	0.000719	-1.25636	-5.14567	
721	0.00072	-1.90813	-4.52135	
722	0.000721	-1.45023	-4.84741	
723	0.000722	-1.30503	-4.84299	
724	0.000723	-1.49779	-4.58659	
725	0.000724	-1.73064	-4.41836	
726	0.000725	-1.49024	-4.91888	
727	0.000726	-1.40038	-4.87809	
728	0.000727	-1.39922	-4.79846	
729	0.000728	-1.48317	-4.76748	
730	0.000729	-1.38642	-4.86199	
731	0.00073	-1.61323	-4.59979	
732	0.000731	-1.40782	-4.7142	
733	0.000732	-1.27383	-4.77716	
734	0.000733	-1.33956	-4.70735	
735	0.000734	-1.06829	-4.91662	
736	0.000735	-1.49937	-4.58033	
737	0.000736	-1.34063	-4.74088	
738	0.000737	-1.57159	-4.49667	
739	0.000738	-1.2329	-4.78579	
740	0.000739	-1.22876	-4.81475	
741	0.00074	-1.81119	-4.61371	
742	0.000741	-1.56349	-4.84178	
743	0.000742	-1.46398	-4.89464	
744	0.000743	-1.70904	-4.83299	
745	0.000744	-1.75843	-4.72359	
746	0.000745	-1.61782	-4.95174	
747	0.000746	-1.36342	-5.33147	
748	0.000747	-1.40362	-5.15583	
749	0.000748	-1.5665	-4.83933	
750	0.000749	-1.41073	-4.95979	
751	0.00075	-1.60002	-4.80468	
752	0.000751	-1.39066	-5.10782	
753	0.000752	-1.56444	-4.97354	
754	0.000753	-1.6715	-4.90412	
755	0.000754	-1.60175	-4.87478	
756	0.000755	-1.54804	-4.90759	
757	0.000756	-1.5269	-4.95108	
758	0.000757	-1.30964	-5.08804	
759	0.000758	-1.45407	-4.86003	
760	0.000759	-1.40965	-5.01165	
761	0.00076	-1.53032	-4.84731	
762	0.000761	-1.57164	-4.80117	
763	0.000762	-1.44113	-4.82874	
764	0.000763	-1.62161	-4.72555	
765	0.000764	-1.67985	-4.64999	
766	0.000765	-1.45774	-4.81145	
767	0.000766	-1.60354	-4.66967	
768	0.000767	-1.5214	-4.74202	
769	0.000768	-1.57567	-4.73361	
770	0.000769	-1.83177	-4.63213	
771	0.00077	-1.47768	-4.7786	
772	0.000771	-1.34894	-4.91961	
773	0.000772	-1.48953	-4.7938	
774	0.000773	-1.51564	-4.76868	
775	0.000774	-1.30703	-4.87421	
776	0.000775	-1.3199	-4.91914	
777	0.000776	-1.18512	-5.1142	
778	0.000777	-1.28144	-4.87768	
779	0.000778	-1.30921	-4.79556	
780	0.000779	-1.53508	-4.52074	
781	0.00078	-1.21699	-4.71912	
782	0.000781	-1.5625	-4.55038	
783	0.000782	-1.65945	-4.44205	
784	0.000783	-1.66224	-4.65258	
785	0.000784	-1.55393	-4.79166	
786	0.000785	-1.70731	-4.7304	
787	0.000786	-1.50988	-4.85918	
788	0.000787	-1.30305	-5.08121	
789	0.000788	-1.40515	-4.92206	
790	0.000789	-1.50939	-4.74926	
791	0.00079	-1.45351	-4.77147	
792	0.000791	-1.51519	-4.67327	
793	0.000792	-1.59959	-4.62198	
794	0.000793	-1.33732	-4.83356	
795	0.000794	-1.59409	-4.76322	
796	0.000795	-1.42934	-5.02014	
797	0.000796	-1.55417	-4.82966	
798	0.000797	-1.52674	-4.82352	
799	0.000798	-1.40155	-4.93952	
800	0.000799	-1.32983	-4.95835	
801	0.0008	-1.5149	-4.8063	
802	0.000801	-1.29825	-4.98894	
803	0.000802	-1.4139	-4.88626	
804	0.000803	-1.49985	-4.86089	
805	0.000804	-1.22508	-5.06781	
806	0.000805	-1.58325	-4.76497	
807	0.000806	-1.45953	-4.88775	
808	0.000807	-1.43618	-4.93935	
809	0.000808	-1.44976	-4.8564	
810	0.000809	-1.50411	-4.75692	
811	0.00081	-1.30849	-4.97477	
812	0.000811	-1.51492	-4.66188	
813	0.000812	-1.31996	-4.8152	
814	0.000813	-1.31098	-4.78023	
815	0.000814	-1.45937	-4.68006	
816	0.000815	-1.36948	-4.66012	
817	0.000816	-1.2469	-4.71927	
818	0.000817	-1.28003	-4.94065	
819	0.000818	-1.30587	-5.02289	
820	0.000819	-1.49446	-4.88448	
821	0.00082	-1.41055	-4.95417	
822	0.000821	-1.3461	-4.883	
823	0.000822	-1.35102	-4.8086	
824	0.000823	-1.34001	-4.8187	
825	0.000824	-1.51368	-4.69166	
826	0.000825	-1.57969	-4.702	
827	0.000826	-1.56933	-4.726	
828	0.000827	-1.73178	-4.68286	
829	0.000828	-1.14207	-5.21748	
830	0.000829	-1.37274	-5.10067	
831	0.00083	-1.51575	-4.95482	
832	0.000831	-1.55795	-4.81428	
833	0.000832	-1.55933	-4.80601	
834	0.000833	-1.34248	-4.86989	
835	0.000834	-1.28173	-4.87635	
836	0.000835	-1.33034	-4.88767	
837	0.000836	-1.42889	-4.81258	
838	0.000837	-1.4308	-4.80989	
839	0.000838	-1.31179	-4.88937	
840	0.000839	-1.38636	-4.86149	
841	0.00084	-1.42284	-4.85847	
842	0.000841	-1.36469	-4.85972	
843	0.000842	-1.69822	-4.65327	
844	0.000843	-1.74741	-4.87903	
845	0.000844	-1.81438	-4.91533	
846	0.000845	-1.63182	-4.91429	
847	0.000846	-1.60588	-4.93639	
848	0.000847	-1.56219	-5.02828	
849	0.000848	-1.44378	-4.93472	
850	0.000849	-1.49353	-4.84544	
851	0.00085	-1.25873	-5.05699	
852	0.000851	-1.6215	-4.88566	
853	0.000852	-1.22254	-5.05383	
854	0.000853	-1.53409	-4.90321	
855	0.000854	-1.5138	-4.96419	
856	0.000855	-1.5795	-4.94321	
857	0.000856	-1.48447	-4.91067	
858	0.000857	-1.41933	-4.93441	
859	0.000858	-1.5421	-4.88437	
860	0.000859	-1.64209	-4.82204	
861	0.00086	-1.78571	-4.75345	
862	0.000861	-1.3079	-5.19187	
863	0.000862	-1.25959	-5.30049	
864	0.000863	-1.43539	-5.18211	
865	0.000864	-1.52458	-5.00898	
866	0.000865	-1.46222	-5.10012	
867	0.000866	-1.59871	-4.96023	
868	0.000867	-1.59049	-5.14478	
869	0.000868	-1.48987	-5.22994	
870	0.000869	-1.60988	-5.15999	
871	0.00087	-1.79399	-4.87517	
872	0.000871	-1.67879	-5.06923	
873	0.000872	-1.6019	-5.12257	
874	0.000873	-1.66733	-5.03253	
875	0.000874	-1.54248	-5.16625	
876	0.000875	-1.56161	-5.07001	
877	0.000876	-1.58604	-5.01869	
878	0.000877	-1.38806	-5.25271	
879	0.000878	-1.4793	-5.04025	
880	0.000879	-1.44735	-4.9703	
881	0.00088	-1.47348	-4.97702	
882	0.000881	-1.8559	-4.72595	
883	0.000882	-1.91605	-4.7474	
884	0.000883	-1.3428	-5.29919	
885	0.000884	-1.97451	-4.69765	
886	0.000885	-1.70422	-4.96336	
887	0.000886	-1.69535	-5.00642	
888	0.000887	-1.43324	-5.17746	
889	0.000888	-1.58329	-5.12976	
890	0.000889	-1.64325	-5.00849	
891	0.00089	-1.58576	-5.0373	
892	0.000891	-1.75386	-4.91589	
893	0.000892	-1.52711	-5.13896	
894	0.000893	-1.54815	-5.14925	
895	0.000894	-1.63623	-5.32267	
896	0.000895	-1.5721	-5.42223	
897	0.000896	-1.5774	-5.15556	
898	0.000897	-1.42588	-5.35012	
899	0.000898	-1.38589	-5.34966	
900	0.000899	-1.49051	-5.19637	
901	0.0009	-1.69405	-5.04674	
902	0.000901	-1.73534	-4.93254	
903	0.000902	-1.70174	-5.0711	
904	0.000903	-1.54808	-5.10801	
905	0.000904	-1.84437	-4.80131	
906	0.000905	-1.76069	-4.87665	
907	0.000906	-1.09693	-5.38445	
908	0.000907	-1.52611	-5.06311	
909	0.000908	-1.5658	-5.09743	
910	0.000909	-1.5456	-5.1175	
911	0.00091	-1.64578	-5.01197	
912	0.000911	-1.45942	-5.12252	
913	0.000912	-1.70787	-4.99664	
914	0.000913	-1.55945	-5.19752	
915	0.000914	-1.65279	-5.09973	
916	0.000915	-1.38653	-5.27698	
917	0.000916	-1.57811	-5.0917	
918	0.000917	-1.45725	-5.17897	
919	0.000918	-1.44446	-5.19848	
920	0.000919	-1.47556	-5.10768	
921	0.00092	-1.60514	-5.06819	
922	0.000921	-1.43914	-5.22482	
923	0.000922	-1.50784	-5.26101	
924	0.000923	-1.43836	-5.23913	
925	0.000924	-1.8242	-4.99209	
926	0.000925	-1.65092	-5.03475	
927	0.000926	-1.71442	-4.91305	
928	0.000927	-1.60099	-5.11858	
929	0.000928	-1.49635	-5.15263	
930	0.000929	-1.51223	-5.12315	
931	0.00093	-1.56969	-5.00213	
932	0.000931	-1.74327	-4.80618	
933	0.000932	-1.30474	-5.20307	
934	0.000933	-1.50732	-5.04051	
935	0.000934	-1.40692	-5.04836	
936	0.000935	-1.46591	-5.19389	
937	0.000936	-1.35641	-5.32309	
938	0.000937	-1.31564	-5.36557	
939	0.000938	-1.75463	-4.82792	
940	0.000939	-1.56379	-5.17123	
941	0.00094	-1.49016	-5.19794	
942	0.000941	-1.39934	-5.24068	
943	0.000942	-1.44561	-5.11304	
944	0.000943	-1.46391	-5.0426	
945	0.000944	-1.51835	-5.07903	
946	0.000945	-1.44348	-5.15545	
947	0.000946	-1.59624	-4.96036	
948	0.000947	-1.36974	-5.17487	
949	0.000948	-1.40845	-5.13375	
950	0.000949	-1.4162	-5.12982	
951	0.00095	-1.67168	-4.93786	
952	0.000951	-1.50975	-4.96241	
953	0.000952	-1.49201	-4.98306	
954	0.000953	-1.51806	-4.98349	
955	0.000954	-1.50303	-4.84196	
956	0.000955	-1.48417	-4.93173	
957	0.000956	-1.64521	-4.75313	
958	0.000957	-1.67258	-4.77267	
959	0.000958	-1.70628	-4.96303	
960	0.000959	-1.53594	-5.10215	
961	0.00096	-1.31681	-5.1565	
962	0.000961	-1.64372	-4.84652	
963	0.000962	-1.3749	-5.08494	
964	0.000963	-1.32227	-5.17908	
965	0.000964	-1.3447	-5.07359	
966	0.000965	-1.48239	-4.95193	
967	0.000966	-1.46026	-4.92045	
968	0.000967	-1.56514	-4.81082	
969	0.000968	-1.60858	-4.82452	
970	0.000969	-1.64653	-5.03204	
971	0.00097	-1.20772	-5.28419	
972	0.000971	-1.44465	-4.88797	
973	0.000972	-1.68734	-4.72998	
974	0.000973	-1.44511	-4.9345	
975	0.000974	-1.57564	-4.85627	
976	0.000975	-1.74556	-4.71767	
977	0.000976	-1.43424	-5.29371	
978	0.000977	-1.68477	-5.09698	
979	0.000978	-1.64232	-5.08165	
980	0.000979	-1.48388	-5.2596	
981	0.00098	-1.73709	-5.02794	
982	0.000981	-1.74248	-5.21854	
983	0.000982	-1.39761	-5.40914	
984	0.000983	-1.59057	-5.10084	
985	0.000984	-1.37541	-5.28029	
986	0.000985	-1.69047	-4.98333	
987	0.000986	-1.59573	-5.18066	
988	0.000987	-1.61867	-5.03619	
989	0.000988	-1.76699	-4.83063	
990	0.000989	-1.32771	-5.17553	
991	0.00099	-1.57299	-4.85001	
992	0.000991	-1.52349	-4.93936	
993	0.000992	-1.56376	-4.90902	
994	0.000993	-1.72542	-4.82579	
995	0.000994	-1.66478	-4.86107	
996	0.000995	-1.48938	-4.98	
997	0.000996	-1.68495	-4.78288	
998	0.000997	-1.97884	-4.56021	
999	0.000998	-1.60103	-4.86829	
1000	0.000999	-1.59196	-4.82728	
1001	0.001	-1.64261	-4.733	
1002	0.001001	-1.69767	-4.79482	
1003	0.001002	-1.5074	-5.06573	
1004	0.001003	-1.48557	-5.02697	
1005	0.001004	-1.6792	-5.03101	
1006	0.001005	-1.741	-4.94235	
1007	0.001006	-1.62618	-5.09158	
1008	0.001007	-1.48748	-5.21746	
1009	0.001008	-1.54708	-5.06238	
1010	0.001009	-1.45933	-5.20457	
1011	0.00101	-1.64945	-4.95901	
1012	0.001011	-1.50696	-5.02217	
1013	0.001012	-1.65981	-4.91244	
1014	0.001013	-1.62269	-4.93572	
1015	0.001014	-1.40929	-5.04883	
1016	0.001015	-1.52781	-4.96692	
1017	0.001016	-1.40082	-4.9901	
1018	0.001017	-1.73602	-4.70725	
1019	0.001018	-1.70516	-4.8033	
1020	0.001019	-1.45873	-5.01951	
1021	0.00102	-1.40929	-4.98721	
1022	0.001021	-1.74593	-4.99164	
1023	0.001022	-1.6077	-4.96155	
1024	0.001023	-1.80549	-4.82351	
1025	0.001024	-1.60098	-4.94196	
1026	0.001025	-1.63522	-4.92268	
1027	0.001026	-1.82634	-4.82697	
1028	0.001027	-1.74562	-4.99213	
1029	0.001028	-1.91549	-4.88302	
1030	0.001029	-1.63828	-5.05213	
1031	0.00103	-1.45871	-5.22106	
1032	0.001031	-1.51767	-5.16655	
1033	0.001032	-1.79146	-4.9764	
1034	0.001033	-1.49053	-5.19787	
1035	0.001034	-1.66681	-4.96606	
1036	0.001035	-1.65201	-5.07842	
1037	0.001036	-1.59295	-5.16743	
1038	0.001037	-1.60408	-5.15994	
1039	0.001038	-1.47052	-5.20655	
1040	0.001039	-1.52138	-5.16666	
1041	0.00104	-1.51603	-5.10336	
1042	0.001041	-1.68391	-5.04278	
1043	0.001042	-1.87023	-4.85599	
1044	0.001043	-1.70014	-5.01977	
1045	0.001044	-1.5796	-5.09855	
1046	0.001045	-1.62279	-4.92478	
1047	0.001046	-1.57871	-5.02468	
1048	0.001047	-1.82255	-4.89294	
1049	0.001048	-1.70442	-5.01947	
1050	0.001049	-1.76928	-4.9639	
1051	0.00105	-1.76252	-4.95939	
1052	0.001051	-1.77113	-4.96001	
1053	0.001052	-1.90563	-4.8072	
1054	0.001053	-1.80938	-4.88783	
1055	0.001054	-1.53227	-5.10794	
1056	0.001055	-1.77412	-4.91396	
1057	0.001056	-1.67164	-4.97739	
1058	0.001057	-1.61408	-5.04442	
1059	0.001058	-1.53354	-5.13407	
1060	0.001059	-1.81534	-4.97856	
1061	0.00106	-1.6082	-5.18497	
1062	0.001061	-1.94701	-4.90523	
1063	0.001062	-1.65624	-5.17962	
1064	0.001063	-1.43269	-5.31659	
1065	0.001064	-1.78676	-5.04455	
1066	0.001065	-1.60733	-5.20644	
1067	0.001066	-1.6697	-5.16786	
1068	0.001067	-1.79046	-5.1052	
1069	0.001068	-1.80413	-5.13418	
1070	0.001069	-1.59011	-5.27701	
1071	0.00107	-1.65191	-5.1877	
1072	0.001071	-1.65564	-5.31433	
1073	0.001072	-1.98384	-4.97	
1074	0.001073	-1.97635	-4.99662	
1075	0.001074	-1.64409	-5.31507	
1076	0.001075	-2.05423	-4.88418	
1077	0.001076	-1.80632	-5.24969	
1078	0.001077	-1.59008	-5.37278	
1079	0.001078	-1.78702	-5.12559	
1080	0.001079	-1.78235	-5.15578	
1081	0.00108	-2.03088	-5.02145	
1082	0.001081	-1.95196	-5.10873	
1083	0.001082	-1.97988	-5.18531	
1084	0.001083	-1.85967	-5.36941	
1085	0.001084	-1.7778	-5.33342	
1086	0.001085	-1.69515	-5.24421	
1087	0.001086	-1.88375	-5.06251	
1088	0.001087	-1.81761	-5.08136	
1089	0.001088	-1.9149	-4.96487	
1090	0.001089	-1.92362	-5.02999	
1091	0.00109	-1.76897	-5.08737	
1092	0.001091	-1.79158	-4.96783	
1093	0.001092	-1.87244	-4.93322	
1094	0.001093	-1.78055	-5.00827	
1095	0.001094	-1.62956	-5.1014	
1096	0.001095	-1.83732	-4.96378	
1097	0.001096	-1.67987	-5.07607	
1098	0.001097	-1.90463	-4.82024	
1099	0.001098	-1.58614	-5.06806	
1100	0.001099	-1.81721	-4.86539	
1101	0.0011	-1.96772	-4.83512	
1102	0.001101	-1.62679	-5.07166	
1103	0.001102	-1.95269	-4.87881	
1104	0.001103	-1.93128	-5.38299	
1105	0.001104	-1.84499	-5.39742	
1106	0.001105	-1.62835	-5.59698	
1107	0.001106	-2.03964	-5.34565	
1108	0.001107	-1.76378	-5.50467	
1109	0.001108	-2.07623	-5.20777	
1110	0.001109	-1.85384	-5.39695	
1111	0.00111	-1.63489	-5.65115	
1112	0.001111	-1.75278	-5.49604	
1113	0.001112	-1.73241	-5.50344	
1114	0.001113	-1.86346	-5.31969	
1115	0.001114	-1.93859	-5.22306	
1116	0.001115	-1.85649	-5.34735	
1117	0.001116	-1.91462	-5.25433	
1118	0.001117	-1.83886	-5.30049	
1119	0.001118	-1.86552	-5.34247	
1120	0.001119	-1.71174	-5.41868	
1121	0.00112	-1.76394	-5.39817	
1122	0.001121	-1.88679	-5.28628	
1123	0.001122	-2.01133	-5.19453	
1124	0.001123	-1.85897	-5.45364	
1125	0.001124	-1.76806	-5.4778	
1126	0.001125	-1.85703	-5.33491	
1127	0.001126	-1.68839	-5.43844	
1128	0.001127	-1.9356	-5.24411	
1129	0.001128	-1.86157	-5.31539	
1130	0.001129	-1.78298	-5.44722	
1131	0.00113	-1.80423	-5.32646	
1132	0.001131	-1.74173	-5.46969	
1133	0.001132	-1.70125	-5.35596	
1134	0.001133	-1.8344	-5.23423	
1135	0.001134	-1.77304	-5.35577	
1136	0.001135	-1.7779	-5.36159	
1137	0.001136	-1.82587	-5.21921	
1138	0.001137	-1.78031	-5.30599	
1139	0.001138	-1.79137	-5.25105	
1140	0.001139	-1.73462	-5.28213	
1141	0.00114	-1.90142	-5.19623	
1142	0.001141	-1.80264	-5.22048	
1143	0.001142	-1.69374	-5.29094	
1144	0.001143	-1.9779	-5.06352	
1145	0.001144	-1.61719	-5.27374	
1146	0.001145	-1.77124	-5.16559	
1147	0.001146	-1.68864	-5.26049	
1148	0.001147	-1.67396	-5.31603	
1149	0.001148	-2.09998	-5.03151	
1150	0.001149	-2.16781	-4.90041	
1151	0.00115	-1.89384	-5.27036	
1152	0.001151	-1.84059	-5.35731	
1153	0.001152	-1.84012	-5.19563	
1154	0.001153	-1.89729	-5.07752	
1155	0.001154	-1.86905	-5.11578	
1156	0.001155	-2.05495	-4.95965	
1157	0.001156	-1.8174	-5.30755	
1158	0.001157	-1.86997	-5.19886	
1159	0.001158	-1.68215	-5.3021	
1160	0.001159	-1.89935	-5.07418	
1161	0.00116	-2.02128	-5.00762	
1162	0.001161	-1.85887	-5.1412	
1163	0.001162	-1.84084	-5.11097	
1164	0.001163	-1.81708	-5.10562	
1165	0.001164	-1.77648	-5.1532	
1166	0.001165	-2.0954	-4.81041	
1167	0.001166	-1.92515	-5.01196	
1168	0.001167	-1.9304	-4.93438	
1169	0.001168	-1.80976	-5.07652	
1170	0.001169	-1.7298	-5.05062	
1171	0.00117	-1.91983	-4.82254	
1172	0.001171	-1.70711	-4.91742	
1173	0.001172	-1.81781	-4.86901	
1174	0.001173	-1.58197	-5.09577	
1175	0.001174	-1.63272	-5.02773	
1176	0.001175	-1.85259	-4.69752	
1177	0.001176	-1.83247	-4.95898	
1178	0.001177	-1.87072	-4.92171	
1179	0.001178	-1.94944	-4.84765	
1180	0.001179	-1.77666	-5.02819	
1181	0.00118	-1.86565	-4.83649	
1182	0.001181	-1.79235	-4.91448	
1183	0.001182	-1.89731	-4.86931	
1184	0.001183	-1.98895	-4.71581	
1185	0.001184	-1.83576	-4.83298	
1186	0.001185	-1.92338	-4.73465	
1187	0.001186	-1.85792	-4.84556	
1188	0.001187	-1.74782	-4.81354	
1189	0.001188	-2.01311	-4.57388	
1190	0.001189	-1.76682	-4.77471	
1191	0.00119	-1.9893	-4.64779	
1192	0.001191	-1.90367	-4.68373	
1193	0.001192	-1.89386	-4.6841	
1194	0.001193	-1.68431	-4.96773	
1195	0.001194	-1.83366	-4.8596	
1196	0.001195	-1.78972	-4.83948	
1197	0.001196	-1.69663	-4.85383	
1198	0.001197	-1.99383	-4.58422	
1199	0.001198	-1.87829	-4.67781	
1200	0.001199	-1.81886	-4.78137	
1201	0.0012	-1.56147	-5.0676	
1202	0.001201	-1.52579	-4.98168	
1203	0.001202	-1.63029	-4.81477	
1204	0.001203	-1.63182	-4.81868	
1205	0.001204	-1.77731	-4.64923	
1206	0.001205	-1.8275	-4.60545	
1207	0.001206	-1.499	-4.9654	
1208	0.001207	-1.61055	-4.71685	
1209	0.001208	-1.76558	-4.50245	
1210	0.001209	-1.75814	-4.54276	
1211	0.00121	-1.67917	-4.67608	
1212	0.001211	-1.86197	-4.48042	
1213	0.001212	-1.8374	-4.5036	
1214	0.001213	-1.66101	-4.56178	
1215	0.001214	-1.7056	-4.53386	
1216	0.001215	-1.94844	-4.25074	
1217	0.001216	-1.79248	-4.41312	
1218	0.001217	-2.01529	-4.20329	
1219	0.001218	-1.86166	-4.32273	
1220	0.001219	-1.63194	-4.45531	
1221	0.00122	-1.82887	-4.17963	
1222	0.001221	-1.61118	-4.43189	
1223	0.001222	-1.66984	-4.26159	
1224	0.001223	-1.64766	-4.24309	
1225	0.001224	-1.71596	-4.17574	
1226	0.001225	-1.68921	-4.19168	
1227	0.001226	-1.53789	-4.32474	
1228	0.001227	-1.83604	-4.12274	
1229	0.001228	-1.78744	-4.10551	
1230	0.001229	-1.87149	-4.07535	
1231	0.00123	-1.54763	-4.35913	
1232	0.001231	-1.64745	-4.22611	
1233	0.001232	-1.78859	-3.99578	
1234	0.001233	-1.67782	-4.05178	
1235	0.001234	-1.7695	-4.02027	
1236	0.001235	-1.83225	-4.01028	
1237	0.001236	-1.71194	-4.16475	
1238	0.001237	-1.72287	-4.09607	
1239	0.001238	-1.5987	-4.1245	
1240	0.001239	-1.53896	-4.02617	
1241	0.00124	-1.6708	-3.99248	
1242	0.001241	-1.72884	-3.90882	
1243	0.001242	-1.39411	-4.16365	
1244	0.001243	-1.50249	-4.01367	
1245	0.001244	-1.74392	-3.82721	
1246	0.001245	-1.57725	-3.96669	
1247	0.001246	-1.38467	-4.03598	
1248	0.001247	-1.49068	-3.93639	
1249	0.001248	-1.31457	-4.06167	
1250	0.001249	-1.44095	-3.83835	
1251	0.00125	-1.50688	-3.75344	
1252	0.001251	-1.41698	-3.84634	
1253	0.001252	-1.50627	-3.78217	
1254	0.001253	-1.51146	-3.79272	
1255	0.001254	-1.88599	-3.44575	
1256	0.001255	-1.71445	-3.66671	
1257	0.001256	-1.6286	-3.68849	
1258	0.001257	-1.67137	-3.63721	
1259	0.001258	-1.89952	-3.46744	
1260	0.001259	-1.67786	-3.63417	
1261	0.00126	-1.49637	-3.7363	
1262	0.001261	-1.75425	-3.55347	
1263	0.001262	-1.61729	-3.63412	
1264	0.001263	-1.66744	-3.53662	
1265	0.001264	-1.67521	-3.544	
1266	0.001265	-1.62974	-3.65524	
1267	0.001266	-1.7311	-3.5388	
1268	0.001267	-1.87198	-3.36338	
1269	0.001268	-1.7793	-3.5873	
1270	0.001269	-1.41091	-3.8669	
1271	0.00127	-1.42603	-3.72235	
1272	0.001271	-1.80831	-3.44362	
1273	0.001272	-1.57302	-3.71458	
1274	0.001273	-1.77145	-3.56482	
1275	0.001274	-1.77962	-3.53917	
1276	0.001275	-1.78919	-3.50521	
1277	0.001276	-1.5221	-3.7282	
1278	0.001277	-1.53108	-3.6703	
1279	0.001278	-1.72951	-3.51819	
1280	0.001279	-1.45819	-3.70031	
1281	0.00128	-1.45621	-3.61727	
1282	0.001281	-1.48393	-3.66078	
1283	0.001282	-1.48915	-3.61391	
1284	0.001283	-1.5716	-3.43831	
1285	0.001284	-1.72877	-3.38358	
1286	0.001285	-1.53704	-3.58177	
1287	0.001286	-1.43014	-3.70644	
1288	0.001287	-1.42521	-3.64405	
1289	0.001288	-1.43269	-3.58314	
1290	0.001289	-1.55167	-3.36678	
1291	0.00129	-1.9194	-3.20303	
1292	0.001291	-1.55512	-3.42537	
1293	0.001292	-1.68595	-3.35874	
1294	0.001293	-1.77465	-3.32883	
1295	0.001294	-1.51694	-3.57533	
1296	0.001295	-1.58585	-3.48709	
1297	0.001296	-1.51115	-3.55335	
1298	0.001297	-1.56917	-3.47677	
1299	0.001298	-1.61412	-3.44739	
1300	0.001299	-1.71671	-3.35675	
1301	0.0013	-1.56234	-3.44427	
1302	0.001301	-1.65525	-3.35323	
1303	0.001302	-1.59058	-3.4543	
1304	0.001303	-1.5903	-3.42472	
1305	0.001304	-1.34521	-3.65868	
1306	0.001305	-1.9985	-3.10493	
1307	0.001306	-1.54021	-3.57443	
1308	0.001307	-1.7574	-3.28521	
1309	0.001308	-1.67315	-3.34614	
1310	0.001309	-1.95243	-3.15785	
1311	0.00131	-1.83122	-3.22926	
1312	0.001311	-1.7146	-3.41251	
1313	0.001312	-1.65218	-3.43611	
1314	0.001313	-1.94136	-3.21383	
1315	0.001314	-2.02279	-3.19632	
1316	0.001315	-1.88504	-3.34463	
1317	0.001316	-1.78033	-3.4458	
1318	0.001317	-1.73499	-3.48288	
1319	0.001318	-1.71669	-3.49798	
1320	0.001319	-1.87862	-3.37334	
1321	0.00132	-1.83408	-3.48161	
1322	0.001321	-1.82506	-3.45983	
1323	0.001322	-1.96834	-3.39898	
1324	0.001323	-2.29874	-3.18581	
1325	0.001324	-1.74854	-3.63215	
1326	0.001325	-1.857	-3.46453	
1327	0.001326	-2.05831	-3.17478	
1328	0.001327	-1.64894	-3.5216	
1329	0.001328	-1.60204	-3.55701	
1330	0.001329	-1.70372	-3.38473	
1331	0.00133	-1.88967	-3.30795	
1332	0.001331	-2.04413	-3.2795	
1333	0.001332	-1.98001	-3.37565	
1334	0.001333	-1.68819	-3.60515	
1335	0.001334	-1.74304	-3.53408	
1336	0.001335	-1.75208	-3.5255	
1337	0.001336	-1.85348	-3.38594	
1338	0.001337	-1.78325	-3.54001	
1339	0.001338	-1.75417	-3.62156	
1340	0.001339	-1.91231	-3.49388	
1341	0.00134	-1.6748	-3.69287	
1342	0.001341	-1.76024	-3.57549	
1343	0.001342	-1.83158	-3.50588	
1344	0.001343	-1.64394	-3.63528	
1345	0.001344	-1.91135	-3.39428	
1346	0.001345	-2.01296	-3.38291	
1347	0.001346	-1.7045	-3.644	
1348	0.001347	-1.57721	-3.78725	
1349	0.001348	-1.5393	-3.65811	
1350	0.001349	-1.75496	-3.46952	
1351	0.00135	-2.04659	-3.24187	
1352	0.001351	-1.79219	-3.44359	
1353	0.001352	-1.81669	-3.39108	
1354	0.001353	-1.88346	-3.25575	
1355	0.001354	-1.82951	-3.41619	
1356	0.001355	-1.69953	-3.53709	
1357	0.001356	-2.08548	-3.22047	
1358	0.001357	-1.75583	-3.65016	
1359	0.001358	-1.93484	-3.58828	
1360	0.001359	-1.6322	-3.87236	
1361	0.00136	-1.53775	-3.8856	
1362	0.001361	-1.76808	-3.6811	
1363	0.001362	-1.70337	-3.80436	
1364	0.001363	-1.9246	-3.51314	
1365	0.001364	-2.12392	-3.37553	
1366	0.001365	-1.95893	-3.51323	
1367	0.001366	-1.94834	-3.515	
1368	0.001367	-1.96467	-3.57914	
1369	0.001368	-2.12174	-3.40167	
1370	0.001369	-1.87793	-3.62132	
1371	0.00137	-1.99141	-3.41112	
1372	0.001371	-1.8537	-3.44424	
1373	0.001372	-1.91786	-3.25479	
1374	0.001373	-1.82752	-3.3748	
1375	0.001374	-1.92689	-3.38903	
1376	0.001375	-1.75303	-3.49274	
1377	0.001376	-1.92768	-3.32977	
1378	0.001377	-1.68006	-3.58013	
1379	0.001378	-2.09677	-3.20135	
1380	0.001379	-2.0221	-3.39448	
1381	0.00138	-1.77394	-3.61957	
1382	0.001381	-1.86432	-3.52127	
1383	0.001382	-2.1017	-3.34186	
1384	0.001383	-1.87579	-3.55068	
1385	0.001384	-2.10737	-3.37249	
1386	0.001385	-1.8116	-3.67571	
1387	0.001386	-1.88901	-3.48631	
1388	0.001387	-1.90389	-3.55172	
1389	0.001388	-1.82037	-3.78412	
1390	0.001389	-1.80549	-3.72647	
1391	0.00139	-1.88128	-3.78725	
1392	0.001391	-2.07078	-3.58716	
1393	0.001392	-1.93887	-3.63223	
1394	0.001393	-2.05445	-3.60274	
1395	0.001394	-1.75004	-3.82453	
1396	0.001395	-1.69832	-3.84476	
1397	0.001396	-1.7773	-3.78636	
1398	0.001397	-1.68608	-3.84687	
1399	0.001398	-1.75158	-3.69722	
1400	0.001399	-1.72569	-3.7048	
1401	0.0014	-2.02172	-3.40781	
1402	0.001401	-1.79291	-3.63942	
1403	0.001402	-1.96512	-3.76432	
1404	0.001403	-2.09865	-3.68917	
1405	0.001404	-1.76895	-3.90333	
1406	0.001405	-2.09342	-3.71075	
1407	0.001406	-1.97681	-3.84153	
1408	0.001407	-2.1712	-3.60865	
1409	0.001408	-2.25709	-3.54566	
1410	0.001409	-1.98585	-3.77096	
1411	0.00141	-1.99494	-3.7743	
1412	0.001411	-2.05812	-3.63675	
1413	0.001412	-1.97039	-3.75641	
1414	0.001413	-1.92669	-3.66459	
1415	0.001414	-2.17517	-3.46973	
1416	0.001415	-1.85958	-3.69311	
1417	0.001416	-1.67565	-3.71247	
1418	0.001417	-1.6455	-3.69204	
1419	0.001418	-2.09809	-3.26501	
1420	0.001419	-1.61208	-3.76334	
1421	0.00142	-2.00384	-3.40991	
1422	0.001421	-1.61894	-3.72676	
1423	0.001422	-1.68434	-3.68144	
1424	0.001423	-1.80342	-3.56554	
1425	0.001424	-1.81822	-3.54348	
1426	0.001425	-1.65425	-3.74204	
1427	0.001426	-1.56599	-3.77982	
1428	0.001427	-1.4988	-3.83616	
1429	0.001428	-1.5124	-3.8173	
1430	0.001429	-1.74419	-3.52902	
1431	0.00143	-1.82126	-3.49107	
1432	0.001431	-1.65365	-3.63098	
1433	0.001432	-1.81988	-3.54245	
1434	0.001433	-1.6758	-3.51688	
1435	0.001434	-2.30402	-2.92346	
1436	0.001435	-1.93031	-3.42775	
1437	0.001436	-1.65475	-3.55602	
1438	0.001437	-1.57949	-3.63158	
1439	0.001438	-2.02122	-3.30249	
1440	0.001439	-1.88777	-3.33666	
1441	0.00144	-1.97233	-3.33296	
1442	0.001441	-1.77232	-3.61012	
1443	0.001442	-1.75767	-3.48952	
1444	0.001443	-1.74273	-3.53381	
1445	0.001444	-1.73122	-3.57727	
1446	0.001445	-1.50962	-3.67623	
1447	0.001446	-1.52471	-3.6065	
1448	0.001447	-1.65196	-3.53913	
1449	0.001448	-1.63404	-3.47329	
1450	0.001449	-1.66328	-3.40711	
1451	0.00145	-1.80532	-3.27057	
1452	0.001451	-1.94426	-3.23071	
1453	0.001452	-1.9728	-3.24413	
1454	0.001453	-1.79833	-3.66597	
1455	0.001454	-1.59477	-3.65753	
1456	0.001455	-1.84423	-3.39699	
1457	0.001456	-1.74783	-3.52747	
1458	0.001457	-1.63465	-3.60238	
1459	0.001458	-1.68241	-3.50681	
1460	0.001459	-1.7788	-3.35691	
1461	0.00146	-2.11073	-3.21582	
1462	0.001461	-1.81333	-3.53696	
1463	0.001462	-2.19218	-3.19429	
1464	0.001463	-1.98425	-3.36177	
1465	0.001464	-2.19076	-3.10991	
1466	0.001465	-2.13235	-3.19133	
1467	0.001466	-1.56918	-3.62809	
1468	0.001467	-2.03	-3.20119	
1469	0.001468	-1.61979	-3.51862	
1470	0.001469	-1.70091	-3.3843	
1471	0.00147	-1.9103	-3.2133	
1472	0.001471	-1.82898	-3.36763	
1473	0.001472	-1.63352	-3.58513	
1474	0.001473	-1.72293	-3.43502	
1475	0.001474	-2.04584	-3.2507	
1476	0.001475	-1.96634	-3.35669	
1477	0.001476	-1.75569	-3.45526	
1478	0.001477	-1.82346	-3.32294	
1479	0.001478	-1.80897	-3.42739	
1480	0.001479	-1.9272	-3.16634	
1481	0.00148	-1.86188	-3.2513	
1482	0.001481	-1.87051	-3.20614	
1483	0.001482	-1.75113	-3.27731	
1484	0.001483	-1.8135	-3.21943	
1485	0.001484	-1.63975	-3.46665	
1486	0.001485	-1.58239	-3.4845	
1487	0.001486	-1.88399	-3.10176	
1488	0.001487	-1.6597	-3.31345	
1489	0.001488	-1.55385	-3.36537	
1490	0.001489	-1.34274	-3.54136	
1491	0.00149	-1.47342	-3.37321	
1492	0.001491	-1.90226	-3.08103	
1493	0.001492	-1.70126	-3.23895	
1494	0.001493	-1.89968	-3.14525	
1495	0.001494	-1.60957	-3.32141	
1496	0.001495	-1.5491	-3.31103	
1497	0.001496	-1.52451	-3.30307	
1498	0.001497	-1.64997	-3.09483	
1499	0.001498	-1.83955	-3.00536	
1500	0.001499	-1.88024	-3.09141	
1501	0.0015	-1.9142	-3.07225	
1502	0.001501	-1.65128	-3.2294	
1503	0.001502	-1.49724	-3.37029	
1504	0.001503	-1.60913	-3.2484	
1505	0.001504	-1.61938	-3.41044	
1506	0.001505	-1.83875	-3.16905	
1507	0.001506	-1.79413	-3.38046	
1508	0.001507	-1.83576	-3.12311	
1509	0.001508	-1.71256	-3.19904	
1510	0.001509	-1.53445	-3.22665	
1511	0.00151	-1.87555	-2.90974	
1512	0.001511	-1.53728	-3.1503	
1513	0.001512	-1.80854	-2.93639	
1514	0.001513	-1.62609	-3.07559	
1515	0.001514	-1.52619	-3.13965	
1516	0.001515	-1.75643	-2.92073	
1517	0.001516	-1.90723	-2.7969	
1518	0.001517	-2.16337	-2.59423	
1519	0.001518	-1.78735	-2.95256	
1520	0.001519	-1.86993	-2.91681	
1521	0.00152	-1.68254	-3.146	
1522	0.001521	-1.70469	-3.09812	
1523	0.001522	-1.91819	-3.00835	
1524	0.001523	-1.49463	-3.43238	
1525	0.001524	-1.62583	-3.31011	
1526	0.001525	-1.87319	-3.25545	
1527	0.001526	-1.75424	-3.27659	
1528	0.001527	-1.80377	-3.56749	
1529	0.001528	-1.76065	-3.50603	
1530	0.001529	-2.04136	-3.22047	
1531	0.00153	-1.59883	-3.59399	
1532	0.001531	-1.88027	-3.27376	
1533	0.001532	-1.62219	-3.42484	
1534	0.001533	-1.42558	-3.53152	
1535	0.001534	-1.4289	-3.62425	
1536	0.001535	-1.73639	-3.26675	
1537	0.001536	-1.50777	-3.46663	
1538	0.001537	-1.5423	-3.35544	
1539	0.001538	-1.78644	-3.15179	
1540	0.001539	-1.3297	-3.56504	
1541	0.00154	-1.56845	-3.30354	
1542	0.001541	-1.65351	-3.3752	
1543	0.001542	-1.55697	-3.20712	
1544	0.001543	-1.8658	-3.15163	
1545	0.001544	-1.73317	-3.2359	
1546	0.001545	-1.68056	-3.2721	
1547	0.001546	-1.73212	-3.24149	
1548	0.001547	-1.72925	-3.15528	
1549	0.001548	-1.55071	-3.39381	
1550	0.001549	-1.40647	-3.50665	
1551	0.00155	-1.71931	-3.14212	
1552	0.001551	-1.42535	-3.385	
1553	0.001552	-1.5171	-3.23385	
1554	0.001553	-1.50793	-3.29311	
1555	0.001554	-1.48427	-3.39726	
1556	0.001555	-1.64879	-3.20626	
1557	0.001556	-1.50948	-3.25966	
1558	0.001557	-1.38408	-3.3881	
1559	0.001558	-1.48392	-3.39766	
1560	0.001559	-1.84521	-3.09812	
1561	0.00156	-1.51122	-3.42691	
1562	0.001561	-1.48675	-3.48516	
1563	0.001562	-1.55662	-3.41203	
1564	0.001563	-1.71756	-3.1806	
1565	0.001564	-1.54569	-3.43061	
1566	0.001565	-1.5029	-3.39025	
1567	0.001566	-1.79994	-3.33984	
1568	0.001567	-1.66044	-3.43898	
1569	0.001568	-1.47692	-3.54431	
1570	0.001569	-1.7117	-3.27993	
1571	0.00157	-1.42663	-3.52307	
1572	0.001571	-1.98821	-3.14679	
1573	0.001572	-1.51622	-3.58126	
1574	0.001573	-1.4642	-3.5751	
1575	0.001574	-1.83202	-3.35175	
1576	0.001575	-1.5897	-3.57267	
1577	0.001576	-1.80023	-3.38369	
1578	0.001577	-1.62068	-3.57359	
1579	0.001578	-1.8789	-3.34455	
1580	0.001579	-1.7429	-3.38581	
1581	0.00158	-1.82034	-3.3001	
1582	0.001581	-1.72034	-3.38919	
1583	0.001582	-1.74246	-3.27844	
1584	0.001583	-1.78792	-3.2929	
1585	0.001584	-1.60501	-3.29491	
1586	0.001585	-1.74037	-3.35194	
1587	0.001586	-1.62776	-3.48749	
1588	0.001587	-1.4162	-3.76777	
1589	0.001588	-1.47282	-3.62771	
1590	0.001589	-1.75378	-3.41239	
1591	0.00159	-1.64167	-3.73165	
1592	0.001591	-1.84231	-3.59731	
1593	0.001592	-1.83222	-3.59219	
1594	0.001593	-1.69419	-3.73843	
1595	0.001594	-1.88773	-3.43718	
1596	0.001595	-1.86016	-3.5032	
1597	0.001596	-1.73294	-3.6056	
1598	0.001597	-2.41507	-3.09659	
1599	0.001598	-1.6598	-3.72539	
1600	0.001599	-1.77665	-3.77543	
1601	0.0016	-1.50576	-3.97354	
1602	0.001601	-1.8136	-3.70793	
1603	0.001602	-1.61099	-3.89557	
1604	0.001603	-1.7936	-3.71764	
1605	0.001604	-1.69672	-3.7715	
1606	0.001605	-1.69481	-3.73482	
1607	0.001606	-1.48773	-3.9942	
1608	0.001607	-1.41022	-3.93222	
1609	0.001608	-1.58907	-3.8996	
1610	0.001609	-1.56907	-3.99138	
1611	0.00161	-1.77041	-3.92346	
1612	0.001611	-1.84856	-3.89205	
1613	0.001612	-1.97458	-3.72676	
1614	0.001613	-1.83289	-3.91005	
1615	0.001614	-2.31888	-3.61268	
1616	0.001615	-1.8361	-4.11978	
1617	0.001616	-1.71396	-4.25803	
1618	0.001617	-1.74469	-4.18992	
1619	0.001618	-1.82166	-4.11979	
1620	0.001619	-1.85592	-4.05756	
1621	0.00162	-1.96806	-3.93043	
1622	0.001621	-1.97839	-3.75838	
1623	0.001622	-2.04436	-3.91923	
1624	0.001623	-1.94924	-4.1689	
1625	0.001624	-1.87253	-4.24513	
1626	0.001625	-1.76953	-4.32293	
1627	0.001626	-1.89267	-4.14664	
1628	0.001627	-2.32053	-3.82639	
1629	0.001628	-2.14777	-4.30529	
1630	0.001629	-2.28891	-4.05579	
1631	0.00163	-1.91282	-4.59336	
1632	0.001631	-1.87634	-4.51724	
1633	0.001632	-2.00145	-4.32579	
1634	0.001633	-1.97601	-4.26339	
1635	0.001634	-1.99358	-4.47319	
1636	0.001635	-2.02315	-4.45604	
1637	0.001636	-1.71482	-4.6674	
1638	0.001637	-1.94674	-4.38329	
1639	0.001638	-1.70538	-4.59766	
1640	0.001639	-1.61697	-4.70023	
1641	0.00164	-2.23651	-4.29734	
1642	0.001641	-2.05823	-4.56251	
1643	0.001642	-1.69507	-4.74524	
1644	0.001643	-2.35858	-4.20089	
1645	0.001644	-1.84392	-4.64015	
1646	0.001645	-2.09819	-4.33138	
1647	0.001646	-2.26144	-4.54143	
1648	0.001647	-1.77688	-5.09827	
1649	0.001648	-1.95199	-4.68152	
1650	0.001649	-2.36793	-4.30725	
1651	0.00165	-1.93406	-4.63204	
1652	0.001651	-1.90819	-4.6566	
1653	0.001652	-2.12594	-4.46356	
1654	0.001653	-1.88835	-4.76045	
1655	0.001654	-1.90849	-4.64338	
1656	0.001655	-1.73598	-4.80106	
1657	0.001656	-1.9763	-4.643	
1658	0.001657	-1.70186	-4.87969	
1659	0.001658	-1.91638	-4.73106	
1660	0.001659	-1.89306	-5.06995	
1661	0.00166	-1.92892	-4.845	
1662	0.001661	-2.02124	-4.87019	
1663	0.001662	-1.8313	-5.08239	
1664	0.001663	-2.00996	-4.95275	
1665	0.001664	-2.0281	-4.84244	
1666	0.001665	-1.76321	-5.21744	
1667	0.001666	-1.97367	-5.02182	
1668	0.001667	-2.3055	-4.90124	
1669	0.001668	-2.35972	-4.84792	
1670	0.001669	-2.02337	-5.20852	
1671	0.00167	-1.99205	-5.25078	
1672	0.001671	-1.85588	-5.31781	
1673	0.001672	-1.99199	-5.15347	
1674	0.001673	-2.16345	-5.06999	
1675	0.001674	-1.97255	-5.14044	
1676	0.001675	-1.98079	-5.01908	
1677	0.001676	-2.48246	-4.65734	
1678	0.001677	-1.99829	-5.0618	
1679	0.001678	-2.36966	-4.73596	
1680	0.001679	-1.7992	-5.29779	
1681	0.00168	-2.01703	-5.04744	
1682	0.001681	-2.07663	-5.01011	
1683	0.001682	-2.09162	-5.01486	
1684	0.001683	-1.95933	-5.03537	
1685	0.001684	-2.25286	-4.85542	
1686	0.001685	-2.19675	-4.84789	
1687	0.001686	-1.91216	-5.05627	
1688	0.001687	-1.91822	-4.91738	
1689	0.001688	-2.03216	-4.95225	
1690	0.001689	-1.95853	-5.08513	
1691	0.00169	-1.94942	-5.22783	
1692	0.001691	-1.9779	-5.04458	
1693	0.001692	-1.86816	-4.98351	
1694	0.001693	-1.88263	-4.9055	
1695	0.001694	-1.85198	-4.89325	
1696	0.001695	-1.88422	-4.9784	
1697	0.001696	-1.87738	-4.87202	
1698	0.001697	-1.91207	-4.86485	
1699	0.001698	-1.94775	-4.89143	
1700	0.001699	-2.07537	-4.68354	
1701	0.0017	-2.18406	-4.65391	
1702	0.001701	-1.91576	-4.79069	
1703	0.001702	-1.8995	-4.91409	
1704	0.001703	-1.78295	-4.99684	
1705	0.001704	-1.82252	-4.9059	
1706	0.001705	-2.15712	-4.79902	
1707	0.001706	-1.81256	-5.29438	
1708	0.001707	-2.00697	-5.19733	
1709	0.001708	-2.08851	-5.28915	
1710	0.001709	-2.14459	-5.05776	
1711	0.00171	-2.23474	-5.04199	
1712	0.001711	-1.86023	-5.33604	
1713	0.001712	-1.75872	-5.2103	
1714	0.001713	-1.74033	-5.18637	
1715	0.001714	-1.99412	-4.99618	
1716	0.001715	-1.66745	-5.20174	
1717	0.001716	-1.82341	-5.07983	
1718	0.001717	-1.62203	-5.22295	
1719	0.001718	-1.66017	-5.18992	
1720	0.001719	-1.71049	-5.06023	
1721	0.00172	-1.93796	-4.89966	
1722	0.001721	-1.66778	-5.1593	
1723	0.001722	-1.70743	-5.02431	
1724	0.001723	-1.74987	-4.89971	
1725	0.001724	-1.68708	-4.94083	
1726	0.001725	-1.58441	-5.03256	
1727	0.001726	-1.48752	-5.00096	
1728	0.001727	-1.57449	-4.82412	
1729	0.001728	-1.51644	-4.98432	
1730	0.001729	-1.59339	-4.86747	
1731	0.00173	-1.4909	-4.89745	
1732	0.001731	-1.54779	-4.8358	
1733	0.001732	-1.48907	-4.85921	
1734	0.001733	-2.19228	-4.33445	
1735	0.001734	-2.13823	-4.50247	
1736	0.001735	-1.6862	-4.83725	
1737	0.001736	-1.48166	-4.93791	
1738	0.001737	-1.82232	-4.61666	
1739	0.001738	-1.79306	-4.58056	
1740	0.001739	-1.89272	-4.5762	
1741	0.00174	-1.71748	-4.72447	
1742	0.001741	-2.06217	-4.43234	
1743	0.001742	-2.05822	-4.45411	
1744	0.001743	-1.79056	-4.69461	
1745	0.001744	-1.79824	-4.56496	
1746	0.001745	-1.76609	-4.43189	
1747	0.001746	-1.68398	-4.43466	
1748	0.001747	-1.55046	-4.61551	
1749	0.001748	-1.58733	-4.42717	
1750	0.001749	-1.87909	-4.11277	
1751	0.00175	-1.4248	-4.50861	
1752	0.001751	-1.82662	-4.18791	
1753	0.001752	-1.66307	-4.16437	
1754	0.001753	-1.48166	-4.28594	
1755	0.001754	-1.65271	-4.11702	
1756	0.001755	-1.69592	-4.11708	
1757	0.001756	-1.44852	-4.29179	
1758	0.001757	-1.53125	-4.16077	
1759	0.001758	-1.56498	-4.17216	
1760	0.001759	-1.6934	-4.0396	
1761	0.00176	-1.5137	-4.12242	
1762	0.001761	-1.4056	-4.13154	
1763	0.001762	-1.36814	-4.12058	
1764	0.001763	-1.42287	-4.1608	
1765	0.001764	-1.51101	-4.162	
1766	0.001765	-1.49432	-4.19701	
1767	0.001766	-1.55552	-4.13467	
1768	0.001767	-1.65775	-4.50898	
1769	0.001768	-1.63503	-4.63297	
1770	0.001769	-1.81689	-4.46053	
1771	0.00177	-1.4477	-4.60264	
1772	0.001771	-1.64379	-4.29741	
1773	0.001772	-1.57059	-4.21857	
1774	0.001773	-1.42985	-4.27904	
1775	0.001774	-1.26973	-4.21851	
1776	0.001775	-1.40541	-4.08968	
1777	0.001776	-1.61395	-3.90622	
1778	0.001777	-1.34265	-4.1205	
1779	0.001778	-1.60887	-3.98601	
1780	0.001779	-1.61423	-3.96439	
1781	0.00178	-1.3176	-4.15529	
1782	0.001781	-1.33614	-3.97995	
1783	0.001782	-1.71113	-3.52392	
1784	0.001783	-1.62684	-3.99526	
1785	0.001784	-1.76915	-3.93895	
1786	0.001785	-1.71425	-3.97	
1787	0.001786	-1.61925	-4.07177	
1788	0.001787	-1.59701	-4.01149	
1789	0.001788	-1.63846	-3.9397	
1790	0.001789	-1.85144	-3.66679	
1791	0.00179	-1.48386	-3.88322	
1792	0.001791	-1.46926	-3.95917	
1793	0.001792	-1.76879	-3.74457	
1794	0.001793	-1.52617	-3.88866	
1795	0.001794	-1.5413	-3.90753	
1796	0.001795	-1.41594	-3.87727	
1797	0.001796	-1.57841	-3.67528	
1798	0.001797	-1.30581	-3.84238	
1799	0.001798	-1.48818	-3.5324	
1800	0.001799	-1.29554	-3.67518	
1801	0.0018	-1.46497	-3.5537	
1802	0.001801	-1.4388	-3.58797	
1803	0.001802	-1.55515	-3.3911	
1804	0.001803	-1.31438	-3.49394	
1805	0.001804	-1.24774	-3.56734	
1806	0.001805	-1.36235	-3.46438	
1807	0.001806	-1.28608	-3.5208	
1808	0.001807	-1.72437	-3.5586	
1809	0.001808	-1.20295	-3.90737	
1810	0.001809	-1.29086	-3.71841	
1811	0.00181	-1.64328	-3.40441	
1812	0.001811	-1.57676	-3.4761	
1813	0.001812	-1.36076	-3.58717	
1814	0.001813	-1.48028	-3.44199	
1815	0.001814	-1.16551	-3.68577	
1816	0.001815	-1.23515	-3.55615	
1817	0.001816	-1.38676	-3.37714	
1818	0.001817	-1.34029	-3.4262	
1819	0.001818	-1.21257	-3.52151	
1820	0.001819	-1.30022	-3.46257	
1821	0.00182	-1.54749	-3.26243	
1822	0.001821	-1.35798	-3.27313	
1823	0.001822	-1.33396	-3.27476	
1824	0.001823	-1.4253	-3.42427	
1825	0.001824	-1.34261	-3.37873	
1826	0.001825	-1.36981	-3.3245	
1827	0.001826	-1.29396	-3.42185	
1828	0.001827	-1.39212	-3.4417	
1829	0.001828	-1.41241	-3.38921	
1830	0.001829	-1.19483	-3.55282	
1831	0.00183	-1.71739	-2.92781	
1832	0.001831	-1.58799	-3.0326	
1833	0.001832	-1.51541	-3.13814	
1834	0.001833	-1.39837	-3.18136	
1835	0.001834	-2.0302	-2.76319	
1836	0.001835	-1.51893	-3.44892	
1837	0.001836	-1.31161	-3.35711	
1838	0.001837	-1.35758	-3.30723	
1839	0.001838	-1.42705	-3.13133	
1840	0.001839	-1.35031	-3.13154	
1841	0.00184	-1.39492	-3.12471	
1842	0.001841	-1.44167	-2.9617	
1843	0.001842	-1.55024	-3.01707	
1844	0.001843	-1.5656	-2.99804	
1845	0.001844	-1.30449	-3.22044	
1846	0.001845	-1.38149	-3.12695	
1847	0.001846	-1.16882	-3.25561	
1848	0.001847	-1.1191	-3.26891	
1849	0.001848	-1.12932	-3.25238	
1850	0.001849	-1.12871	-3.19796	
1851	0.00185	-1.13456	-3.14793	
1852	0.001851	-1.19688	-3.1102	
1853	0.001852	-1.45469	-2.84796	
1854	0.001853	-1.15853	-3.19555	
1855	0.001854	-1.13564	-3.19808	
1856	0.001855	-1.18135	-3.13272	
1857	0.001856	-1.72122	-2.64016	
1858	0.001857	-1.37234	-3.05337	
1859	0.001858	-1.46596	-2.87343	
1860	0.001859	-1.49752	-2.91565	
1861	0.00186	-1.66599	-2.7367	
1862	0.001861	-1.25908	-3.11197	
1863	0.001862	-1.52649	-2.87152	
1864	0.001863	-1.3318	-3.08468	
1865	0.001864	-1.40017	-3.07973	
1866	0.001865	-1.41852	-3.06119	
1867	0.001866	-1.29734	-3.18578	
1868	0.001867	-1.38227	-3.10559	
1869	0.001868	-1.367	-3.02193	
1870	0.001869	-1.47519	-2.74804	
1871	0.00187	-1.51475	-2.84685	
1872	0.001871	-1.23363	-3.08491	
1873	0.001872	-1.49554	-2.94312	
1874	0.001873	-1.59894	-2.83136	
1875	0.001874	-1.50722	-2.98297	
1876	0.001875	-1.49286	-3.00618	
1877	0.001876	-1.40903	-3.08871	
1878	0.001877	-1.30453	-3.09653	
1879	0.001878	-1.22318	-3.12243	
1880	0.001879	-1.4581	-2.88777	
1881	0.00188	-1.44036	-2.80976	
1882	0.001881	-1.50881	-2.7023	
1883	0.001882	-1.41596	-2.80288	
1884	0.001883	-1.36789	-2.857	
1885	0.001884	-1.41312	-2.86865	
1886	0.001885	-1.51378	-2.76428	
1887	0.001886	-1.22806	-2.95736	
1888	0.001887	-1.16439	-2.9311	
1889	0.001888	-1.25271	-2.7411	
1890	0.001889	-1.17819	-2.78454	
1891	0.00189	-1.09269	-2.88557	
1892	0.001891	-1.3527	-2.67185	
1893	0.001892	-1.1742	-2.82647	
1894	0.001893	-1.48708	-2.80398	
1895	0.001894	-1.34696	-3.07238	
1896	0.001895	-1.35021	-2.96514	
1897	0.001896	-1.17823	-3.02631	
1898	0.001897	-1.20227	-3.16831	
1899	0.001898	-1.21354	-3.10108	
1900	0.001899	-1.42752	-2.93764	
1901	0.0019	-1.46444	-2.92	
1902	0.001901	-1.39967	-2.92136	
1903	0.001902	-1.42278	-2.93846	
1904	0.001903	-1.64521	-2.82466	
1905	0.001904	-1.42781	-2.95471	
1906	0.001905	-1.51061	-2.87684	
1907	0.001906	-1.33338	-3.06222	
1908	0.001907	-1.51791	-2.88105	
1909	0.001908	-1.35914	-3.03122	
1910	0.001909	-1.29013	-3.08918	
1911	0.00191	-1.29394	-3.07453	
1912	0.001911	-1.30169	-3.00254	
1913	0.001912	-1.35803	-2.95692	
1914	0.001913	-1.24249	-2.9729	
1915	0.001914	-1.56055	-2.72337	
1916	0.001915	-1.3441	-2.99927	
1917	0.001916	-1.56062	-2.76714	
1918	0.001917	-1.36158	-3.03363	
1919	0.001918	-1.58873	-2.75525	
1920	0.001919	-1.22342	-2.97661	
1921	0.00192	-1.22496	-2.90659	
1922	0.001921	-1.29103	-2.76185	
1923	0.001922	-1.34634	-2.76158	
1924	0.001923	-1.2287	-2.81557	
1925	0.001924	-1.4636	-2.74405	
1926	0.001925	-1.47577	-2.89185	
1927	0.001926	-1.44501	-2.93436	
1928	0.001927	-1.54952	-2.87437	
1929	0.001928	-1.44355	-3.01832	
1930	0.001929	-1.49086	-2.85784	
1931	0.00193	-1.52697	-2.89608	
1932	0.001931	-1.34695	-2.91057	
1933	0.001932	-1.62425	-2.58833	
1934	0.001933	-1.62798	-2.80984	
1935	0.001934	-1.42023	-2.92375	
1936	0.001935	-1.51202	-2.92099	
1937	0.001936	-1.2467	-3.13477	
1938	0.001937	-1.25786	-2.96152	
1939	0.001938	-1.21266	-3.02498	
1940	0.001939	-1.17991	-2.97498	
1941	0.00194	-1.22525	-2.98637	
1942	0.001941	-1.15102	-3.05375	
1943	0.001942	-1.12342	-3.08278	
1944	0.001943	-1.41487	-2.91361	
1945	0.001944	-1.23045	-2.88968	
1946	0.001945	-1.50693	-2.74924	
1947	0.001946	-1.45923	-2.79268	
1948	0.001947	-1.37249	-2.85676	
1949	0.001948	-1.32362	-2.83604	
1950	0.001949	-1.21647	-2.97846	
1951	0.00195	-1.49829	-2.73941	
1952	0.001951	-1.47392	-2.86535	
1953	0.001952	-1.32701	-3.00018	
1954	0.001953	-1.44848	-2.85862	
1955	0.001954	-1.26322	-2.95432	
1956	0.001955	-1.19369	-2.9422	
1957	0.001956	-1.3143	-2.78681	
1958	0.001957	-1.17829	-2.95847	
1959	0.001958	-1.15644	-3.08001	
1960	0.001959	-1.20226	-3.0129	
1961	0.00196	-1.28432	-2.92845	
1962	0.001961	-1.24554	-3.00833	
1963	0.001962	-1.56727	-2.75759	
1964	0.001963	-1.37414	-2.94657	
1965	0.001964	-1.13149	-3.16065	
1966	0.001965	-1.12385	-3.14851	
1967	0.001966	-1.01104	-3.22652	
1968	0.001967	-1.35359	-2.9171	
1969	0.001968	-1.31812	-3.01825	
1970	0.001969	-1.1985	-3.10793	
1971	0.00197	-1.2412	-3.0691	
1972	0.001971	-1.31707	-2.98102	
1973	0.001972	-1.18171	-3.07127	
1974	0.001973	-1.39928	-2.92508	
1975	0.001974	-1.29299	-3.09098	
1976	0.001975	-1.44329	-2.93118	
1977	0.001976	-1.29804	-3.12718	
1978	0.001977	-1.49192	-2.99443	
1979	0.001978	-1.34348	-3.12228	
1980	0.001979	-1.4206	-3.02908	
1981	0.00198	-1.70321	-2.74464	
1982	0.001981	-1.52678	-2.98699	
1983	0.001982	-1.20628	-3.26787	
1984	0.001983	-1.42549	-3.10898	
1985	0.001984	-1.53481	-3.06269	
1986	0.001985	-1.35501	-3.23618	
1987	0.001986	-1.16774	-3.44946	
1988	0.001987	-1.19036	-3.34929	
1989	0.001988	-1.22077	-3.34276	
1990	0.001989	-1.50046	-3.06287	
1991	0.00199	-1.38539	-3.17138	
1992	0.001991	-1.28439	-3.18176	
1993	0.001992	-1.40951	-3.14793	
1994	0.001993	-1.19956	-3.32913	
1995	0.001994	-1.46557	-3.11975	
1996	0.001995	-1.38655	-3.13977	
1997	0.001996	-1.48545	-3.14827	
1998	0.001997	-1.54305	-3.06394	
1999	0.001998	-1.53522	-3.07668	
2000	0.001999	-1.52829	-3.08863	
2001	0.002	-1.3638	-3.26233	
2002	0.002001	-1.29766	-3.33745	
2003	0.002002	-1.46886	-3.23267	
2004	0.002003	-1.59498	-3.05344	
2005	0.002004	-1.64844	-3.10437	
2006	0.002005	-1.56662	-3.16406	
2007	0.002006	-1.68925	-3.01983	
2008	0.002007	-1.85869	-2.82561	
2009	0.002008	-1.30989	-3.22534	
2010	0.002009	-1.43836	-3.09119	
2011	0.00201	-1.42345	-3.0281	
2012	0.002011	-1.66628	-2.92171	
2013	0.002012	-1.49665	-3.0979	
2014	0.002013	-1.4995	-3.10461	
2015	0.002014	-2.02649	-2.74093	
2016	0.002015	-1.45772	-3.33358	
2017	0.002016	-1.71376	-2.99247	
2018	0.002017	-1.45427	-3.2935	
2019	0.002018	-1.37138	-3.35254	
2020	0.002019	-2.13274	-2.68892	
2021	0.00202	-1.9478	-2.92943	
2022	0.002021	-1.75573	-3.15505	
2023	0.002022	-1.62086	-3.27211	
2024	0.002023	-1.4089	-3.42874	
2025	0.002024	-1.77825	-3.39463	
2026	0.002025	-1.49789	-3.61046	
2027	0.002026	-1.29258	-3.70185	
2028	0.002027	-1.69963	-3.2414	
2029	0.002028	-1.39571	-3.61052	
2030	0.002029	-1.60209	-3.38461	
2031	0.00203	-1.54447	-3.47731	
2032	0.002031	-1.67359	-3.44626	
2033	0.002032	-1.36722	-3.64	
2034	0.002033	-1.70049	-3.47178	
2035	0.002034	-1.34906	-3.63817	
2036	0.002035	-1.5825	-3.25821	
2037	0.002036	-1.69103	-3.1845	
2038	0.002037	-1.72057	-3.3679	
2039	0.002038	-1.4426	-3.60392	
2040	0.002039	-1.47171	-3.58509	
2041	0.00204	-1.5722	-3.48966	
2042	0.002041	-1.24601	-3.82685	
2043	0.002042	-1.84119	-3.33735	
2044	0.002043	-1.54029	-3.53405	
2045	0.002044	-1.64497	-3.42742	
2046	0.002045	-1.29133	-3.71627	
2047	0.002046	-1.57248	-3.44852	
2048	0.002047	-1.54866	-3.39593	
2049	0.002048	-1.76496	-3.12961	
2050	0.002049	-1.21334	-3.64455	
2051	0.00205	-1.84465	-3.65126	
2052	0.002051	-1.68235	-3.54353	
2053	0.002052	-1.59781	-3.53086	
2054	0.002053	-1.41924	-3.66807	
2055	0.002054	-1.47647	-3.72125	
2056	0.002055	-1.49741	-3.59637	
2057	0.002056	-1.91142	-3.30653	
2058	0.002057	-1.53532	-3.59086	
2059	0.002058	-1.77076	-3.33242	
2060	0.002059	-1.64964	-3.4333	
2061	0.00206	-1.2388	-3.8226	
2062	0.002061	-1.51761	-3.54679	
2063	0.002062	-1.2624	-3.71189	
2064	0.002063	-1.46678	-3.46813	
2065	0.002064	-1.15726	-3.72643	
2066	0.002065	-1.28608	-3.76134	
2067	0.002066	-1.29225	-3.68052	
2068	0.002067	-1.88392	-3.57518	
2069	0.002068	-1.60211	-3.80038	
2070	0.002069	-1.68438	-3.6382	
2071	0.00207	-1.43852	-3.77732	
2072	0.002071	-1.71715	-3.634	
2073	0.002072	-1.5307	-3.57826	
2074	0.002073	-1.49119	-3.72564	
2075	0.002074	-1.46672	-3.66742	
2076	0.002075	-1.5718	-3.53965	
2077	0.002076	-1.71933	-3.48849	
2078	0.002077	-1.81038	-3.32789	
2079	0.002078	-1.52978	-3.65867	
2080	0.002079	-1.58483	-3.74079	
2081	0.00208	-1.64145	-3.61695	
2082	0.002081	-1.77776	-3.42462	
2083	0.002082	-1.53058	-3.71809	
2084	0.002083	-1.47686	-3.70025	
2085	0.002084	-1.1516	-3.95979	
2086	0.002085	-1.47179	-3.57408	
2087	0.002086	-1.38218	-3.64086	
2088	0.002087	-1.40976	-3.61555	
2089	0.002088	-1.37732	-3.71317	
2090	0.002089	-1.67191	-3.64505	
2091	0.00209	-1.48407	-3.61852	
2092	0.002091	-1.55695	-3.49758	
2093	0.002092	-1.6682	-3.56304	
2094	0.002093	-1.4811	-3.68374	
2095	0.002094	-1.49836	-3.62479	
2096	0.002095	-1.49951	-3.5527	
2097	0.002096	-1.4549	-3.56324	
2098	0.002097	-1.20679	-3.81047	
2099	0.002098	-1.35366	-3.61776	
2100	0.002099	-1.71988	-3.37676	
2101	0.0021	-1.63319	-3.50001	
2102	0.002101	-1.48942	-3.60922	
2103	0.002102	-1.29783	-3.75786	
2104	0.002103	-1.26209	-3.77457	
2105	0.002104	-1.56566	-3.48895	
