CompteurTemps	Temps	Cx0	Cy0	
1	0	-202.18	61.6683	
2	1e-06	-85.4009	0.606722	
3	2e-06	-24.9212	-59.8129	
4	3e-06	-18.8992	-54.9603	
5	4e-06	-15.5716	-48.6492	
6	5e-06	-13.0963	-43.534	
7	6e-06	-11.3732	-38.1961	
8	7e-06	-10.3239	-33.8007	
9	8e-06	-9.5636	-29.6815	
10	9e-06	-9.02758	-26.3335	
11	1e-05	-7.70258	-23.6111	
12	1.1e-05	-7.6398	-20.9167	
13	1.2e-05	-6.47456	-19.1075	
14	1.3e-05	-5.81205	-17.4091	
15	1.4e-05	-5.64216	-15.6653	
16	1.5e-05	-4.96816	-14.1267	
17	1.6e-05	-4.85846	-13.0003	
18	1.7e-05	-5.17158	-11.5052	
19	1.8e-05	-4.74974	-10.8054	
20	1.9e-05	-4.32267	-9.96415	
21	2e-05	-4.32872	-9.07613	
22	2.1e-05	-3.91477	-8.60583	
23	2.2e-05	-3.42595	-8.29717	
24	2.3e-05	-3.30336	-7.64956	
25	2.4e-05	-3.21833	-7.22354	
26	2.5e-05	-2.92416	-6.84215	
27	2.6e-05	-3.06466	-6.17782	
28	2.7e-05	-2.87871	-5.99056	
29	2.8e-05	-2.6652	-5.6932	
30	2.9e-05	-2.63921	-5.20785	
31	3e-05	-2.33205	-5.13851	
32	3.1e-05	-2.46537	-4.79749	
33	3.2e-05	-2.28035	-4.69909	
34	3.3e-05	-2.50643	-4.42703	
35	3.4e-05	-2.25322	-4.37611	
36	3.5e-05	-2.29374	-4.1527	
37	3.6e-05	-2.19494	-4.13652	
38	3.7e-05	-1.8184	-4.31001	
39	3.8e-05	-1.80823	-4.02153	
40	3.9e-05	-2.05114	-3.76331	
41	4e-05	-2.00572	-3.87365	
42	4.1e-05	-2.22178	-3.6576	
43	4.2e-05	-2.30276	-3.56525	
44	4.3e-05	-2.12289	-3.60676	
45	4.4e-05	-1.7134	-3.87479	
46	4.5e-05	-1.82842	-3.64345	
47	4.6e-05	-2.06748	-3.35442	
48	4.7e-05	-1.69416	-3.61907	
49	4.8e-05	-1.57164	-3.5794	
50	4.9e-05	-1.78865	-3.32884	
51	5e-05	-1.61811	-3.38619	
52	5.1e-05	-1.86644	-3.21687	
53	5.2e-05	-1.74368	-3.26047	
54	5.3e-05	-1.83873	-3.07249	
55	5.4e-05	-1.8359	-2.99656	
56	5.5e-05	-1.49427	-3.24236	
57	5.6e-05	-1.98444	-2.8187	
58	5.7e-05	-1.7014	-2.99131	
59	5.8e-05	-1.76668	-3.01562	
60	5.9e-05	-1.74765	-2.96689	
61	6e-05	-1.56391	-3.16321	
62	6.1e-05	-1.76363	-2.94993	
63	6.2e-05	-1.744	-3.0971	
64	6.3e-05	-1.78628	-3.02754	
65	6.4e-05	-1.64789	-3.11762	
66	6.5e-05	-1.75908	-3.14128	
67	6.6e-05	-1.974	-2.89475	
68	6.7e-05	-1.6065	-3.18259	
69	6.8e-05	-1.66906	-3.14365	
70	6.9e-05	-1.67112	-3.13612	
71	7e-05	-1.62463	-3.12996	
72	7.1e-05	-1.52729	-3.13299	
73	7.2e-05	-1.54564	-3.02863	
74	7.3e-05	-1.47097	-3.08423	
75	7.4e-05	-1.86695	-2.83886	
76	7.5e-05	-1.64351	-3.05848	
77	7.6e-05	-1.64543	-3.06037	
78	7.7e-05	-1.36535	-3.22063	
79	7.8e-05	-1.36963	-3.19758	
80	7.9e-05	-1.53336	-3.06954	
81	8e-05	-1.68593	-2.92444	
82	8.1e-05	-1.64878	-2.94186	
83	8.2e-05	-1.78552	-2.92421	
84	8.3e-05	-1.50405	-3.14392	
85	8.4e-05	-1.75155	-2.89629	
86	8.5e-05	-1.69292	-3.01364	
87	8.6e-05	-1.36851	-3.20064	
88	8.7e-05	-1.5037	-3.10994	
89	8.8e-05	-1.56757	-3.09347	
90	8.9e-05	-1.5162	-2.97834	
91	9e-05	-1.48565	-3.12896	
92	9.1e-05	-1.74525	-2.94646	
93	9.2e-05	-1.4262	-3.1227	
94	9.3e-05	-1.99433	-2.70493	
95	9.4e-05	-1.77698	-3.03589	
96	9.5e-05	-1.38457	-3.31539	
97	9.6e-05	-1.46358	-3.18662	
98	9.7e-05	-1.48337	-3.06396	
99	9.8e-05	-1.57879	-3.13737	
100	9.9e-05	-1.38197	-3.19161	
101	0.0001	-1.69409	-3.14871	
102	0.000101	-1.54087	-3.25724	
103	0.000102	-1.47678	-3.27749	
104	0.000103	-1.34302	-3.31747	
105	0.000104	-1.41665	-3.25463	
106	0.000105	-1.59541	-3.14057	
107	0.000106	-1.55584	-2.74816	
108	0.000107	-1.61644	-2.89155	
109	0.000108	-1.85006	-2.67339	
110	0.000109	-1.5218	-2.98401	
111	0.00011	-1.4146	-3.15466	
112	0.000111	-1.38826	-3.15514	
113	0.000112	-1.4463	-2.9919	
114	0.000113	-1.5777	-2.98369	
115	0.000114	-1.37355	-3.12694	
116	0.000115	-1.17147	-3.28015	
117	0.000116	-1.58242	-2.93516	
118	0.000117	-1.27912	-3.1382	
119	0.000118	-1.52291	-2.88524	
120	0.000119	-1.66803	-2.85716	
121	0.00012	-1.52859	-3.06975	
122	0.000121	-1.48158	-3.0721	
123	0.000122	-1.30657	-3.22434	
124	0.000123	-1.41628	-3.10363	
125	0.000124	-1.56148	-3.04264	
126	0.000125	-1.89826	-2.83212	
127	0.000126	-1.63774	-3.10892	
128	0.000127	-1.37403	-3.24901	
129	0.000128	-1.28905	-3.21245	
130	0.000129	-1.33498	-3.18769	
131	0.00013	-1.42728	-3.10394	
132	0.000131	-1.49902	-3.02265	
133	0.000132	-1.50043	-3.05162	
134	0.000133	-1.35373	-3.15809	
135	0.000134	-1.35725	-3.17157	
136	0.000135	-1.14303	-3.33551	
137	0.000136	-1.22668	-3.2102	
138	0.000137	-1.49064	-2.99846	
139	0.000138	-1.49265	-3.06844	
140	0.000139	-1.6444	-2.95637	
141	0.00014	-1.36711	-3.16165	
142	0.000141	-1.22304	-3.28151	
143	0.000142	-1.33783	-3.14749	
144	0.000143	-1.47982	-3.14062	
145	0.000144	-1.50871	-3.12389	
146	0.000145	-1.55031	-3.10847	
147	0.000146	-1.56978	-3.10687	
148	0.000147	-1.73988	-3.2103	
149	0.000148	-1.47316	-3.31211	
150	0.000149	-1.58519	-3.19712	
151	0.00015	-1.45869	-3.29106	
152	0.000151	-1.32928	-3.31864	
153	0.000152	-1.26168	-3.36328	
154	0.000153	-1.38294	-3.2202	
155	0.000154	-1.56964	-3.02084	
156	0.000155	-1.37842	-3.22879	
157	0.000156	-1.31645	-3.30675	
158	0.000157	-1.35906	-3.32212	
159	0.000158	-1.34679	-3.33306	
160	0.000159	-1.44864	-3.2394	
161	0.00016	-1.44724	-3.26627	
162	0.000161	-1.31547	-3.38924	
163	0.000162	-1.40584	-3.44318	
164	0.000163	-1.40684	-3.42268	
165	0.000164	-1.35836	-3.24108	
166	0.000165	-1.53429	-3.1827	
167	0.000166	-1.58844	-3.35382	
168	0.000167	-1.37714	-3.50589	
169	0.000168	-1.44086	-3.37981	
170	0.000169	-1.4851	-3.2891	
171	0.00017	-1.60929	-3.23918	
172	0.000171	-1.41939	-3.35732	
173	0.000172	-1.40676	-3.33436	
174	0.000173	-1.23254	-3.41175	
175	0.000174	-1.41037	-3.2446	
176	0.000175	-1.25774	-3.33901	
177	0.000176	-1.14114	-3.43185	
178	0.000177	-1.26273	-3.3111	
179	0.000178	-1.33463	-3.19197	
180	0.000179	-1.23945	-3.32802	
181	0.00018	-1.37421	-3.23535	
182	0.000181	-1.4538	-3.16994	
183	0.000182	-1.33617	-3.23613	
184	0.000183	-1.43549	-3.1458	
185	0.000184	-1.14497	-3.37441	
186	0.000185	-1.10005	-3.3426	
187	0.000186	-1.2982	-3.2638	
188	0.000187	-1.36023	-3.31393	
189	0.000188	-1.40863	-3.29666	
190	0.000189	-1.28193	-3.24009	
191	0.00019	-1.57748	-3.06729	
192	0.000191	-1.6108	-3.24692	
193	0.000192	-1.73626	-2.98249	
194	0.000193	-1.50056	-3.15016	
195	0.000194	-1.55895	-3.18412	
196	0.000195	-1.36445	-3.29274	
197	0.000196	-1.38058	-3.27821	
198	0.000197	-1.28692	-3.36681	
199	0.000198	-1.18733	-3.45424	
200	0.000199	-1.33832	-3.30168	
201	0.0002	-1.18666	-3.37847	
202	0.000201	-1.29263	-3.33122	
203	0.000202	-1.14507	-3.34742	
204	0.000203	-1.19452	-3.33016	
205	0.000204	-1.21628	-3.33309	
206	0.000205	-1.37336	-3.20866	
207	0.000206	-1.38021	-3.29754	
208	0.000207	-1.187	-3.30373	
209	0.000208	-1.47328	-3.24029	
210	0.000209	-1.30224	-3.34237	
211	0.00021	-1.2068	-3.54321	
212	0.000211	-1.1539	-3.50622	
213	0.000212	-1.38835	-3.27237	
214	0.000213	-1.03344	-3.55697	
215	0.000214	-1.15158	-3.44063	
216	0.000215	-1.22117	-3.38434	
217	0.000216	-1.21354	-3.3377	
218	0.000217	-1.03573	-3.4621	
219	0.000218	-1.16963	-3.36934	
220	0.000219	-1.1216	-3.42955	
221	0.00022	-1.08845	-3.42938	
222	0.000221	-1.40386	-3.0749	
223	0.000222	-1.458	-3.12324	
224	0.000223	-1.17271	-3.33273	
225	0.000224	-1.15754	-3.37309	
226	0.000225	-1.24157	-3.24182	
227	0.000226	-1.29757	-3.26408	
228	0.000227	-1.14284	-3.38232	
229	0.000228	-1.11888	-3.35401	
230	0.000229	-1.1468	-3.30559	
231	0.00023	-1.04282	-3.41379	
232	0.000231	-1.15104	-3.30976	
233	0.000232	-1.23291	-3.27863	
234	0.000233	-1.17483	-3.31613	
235	0.000234	-1.15161	-3.29575	
236	0.000235	-1.11804	-3.40613	
237	0.000236	-1.1869	-3.36196	
238	0.000237	-1.12976	-3.39036	
239	0.000238	-1.24881	-3.37288	
240	0.000239	-1.08725	-3.47823	
241	0.00024	-1.13984	-3.44145	
242	0.000241	-1.26702	-3.27756	
243	0.000242	-1.16398	-3.33683	
244	0.000243	-1.10927	-3.37005	
245	0.000244	-1.34783	-3.19538	
246	0.000245	-1.40903	-3.12708	
247	0.000246	-1.2192	-3.25488	
248	0.000247	-1.23083	-3.27252	
249	0.000248	-1.34903	-3.21371	
250	0.000249	-1.3482	-3.17504	
251	0.00025	-1.2438	-3.27986	
252	0.000251	-1.63002	-3.06459	
253	0.000252	-1.25196	-3.41049	
254	0.000253	-1.05532	-3.50949	
255	0.000254	-1.04937	-3.47306	
256	0.000255	-1.13249	-3.385	
257	0.000256	-1.45491	-3.09771	
258	0.000257	-1.19665	-3.36082	
259	0.000258	-1.15294	-3.45021	
260	0.000259	-1.07338	-3.43691	
261	0.00026	-1.22924	-3.29432	
262	0.000261	-1.52329	-3.13069	
263	0.000262	-1.23563	-3.35948	
264	0.000263	-1.40182	-3.14416	
265	0.000264	-1.17911	-3.36475	
266	0.000265	-1.22869	-3.32897	
267	0.000266	-1.12084	-3.42285	
268	0.000267	-1.15842	-3.38684	
269	0.000268	-1.21552	-3.35349	
270	0.000269	-1.36293	-3.23468	
271	0.00027	-1.10229	-3.435	
272	0.000271	-1.04397	-3.40813	
273	0.000272	-1.18875	-3.30474	
274	0.000273	-1.2024	-3.33973	
275	0.000274	-1.2604	-3.3078	
276	0.000275	-1.07342	-3.46318	
277	0.000276	-1.26879	-3.32427	
278	0.000277	-1.22427	-3.40208	
279	0.000278	-1.33219	-3.28249	
280	0.000279	-1.42685	-3.23997	
281	0.00028	-1.36623	-3.23296	
282	0.000281	-1.27157	-3.42579	
283	0.000282	-1.2402	-3.38161	
284	0.000283	-1.18737	-3.41502	
285	0.000284	-1.15376	-3.32297	
286	0.000285	-1.11114	-3.36953	
287	0.000286	-1.1817	-3.36673	
288	0.000287	-1.46244	-3.27188	
289	0.000288	-1.25175	-3.46378	
290	0.000289	-1.24868	-3.49598	
291	0.00029	-1.20409	-3.57954	
292	0.000291	-1.1498	-3.58255	
293	0.000292	-1.06976	-3.62101	
294	0.000293	-1.13505	-3.60463	
295	0.000294	-1.23164	-3.5283	
296	0.000295	-1.23144	-3.45942	
297	0.000296	-1.10679	-3.48774	
298	0.000297	-1.13273	-3.45259	
299	0.000298	-1.10595	-3.43889	
300	0.000299	-1.27294	-3.29149	
301	0.0003	-1.27046	-3.31657	
302	0.000301	-1.23847	-3.33066	
303	0.000302	-1.22468	-3.42018	
304	0.000303	-1.19965	-3.34762	
305	0.000304	-1.07146	-3.47152	
306	0.000305	-1.16474	-3.43635	
307	0.000306	-1.16068	-3.49082	
308	0.000307	-1.16326	-3.43529	
309	0.000308	-1.1181	-3.49094	
310	0.000309	-1.18991	-3.38455	
311	0.00031	-1.07462	-3.53551	
312	0.000311	-1.20313	-3.42718	
313	0.000312	-1.20464	-3.37938	
314	0.000313	-0.988418	-3.58557	
315	0.000314	-1.27743	-3.31825	
316	0.000315	-1.00227	-3.55652	
317	0.000316	-1.1028	-3.44419	
318	0.000317	-1.25828	-3.25394	
319	0.000318	-1.19367	-3.30756	
320	0.000319	-1.2082	-3.28568	
321	0.00032	-1.33437	-3.18677	
322	0.000321	-1.34418	-3.21478	
323	0.000322	-1.22505	-3.26187	
324	0.000323	-1.24343	-3.24851	
325	0.000324	-1.20775	-3.24741	
326	0.000325	-1.14327	-3.37571	
327	0.000326	-1.39345	-3.28981	
328	0.000327	-1.23	-3.49784	
329	0.000328	-1.10277	-3.55971	
330	0.000329	-1.16816	-3.53961	
331	0.00033	-1.31161	-3.37401	
332	0.000331	-1.19611	-3.51312	
333	0.000332	-1.02865	-3.62298	
334	0.000333	-1.06154	-3.60811	
335	0.000334	-1.23198	-3.40839	
336	0.000335	-1.30143	-3.39672	
337	0.000336	-1.17406	-3.50121	
338	0.000337	-1.24568	-3.45112	
339	0.000338	-1.18595	-3.46289	
340	0.000339	-1.16696	-3.4282	
341	0.00034	-1.16745	-3.44777	
342	0.000341	-1.22142	-3.47829	
343	0.000342	-1.23518	-3.4399	
344	0.000343	-1.15751	-3.53858	
345	0.000344	-1.11614	-3.46911	
346	0.000345	-1.27256	-3.35799	
347	0.000346	-1.40876	-3.41936	
348	0.000347	-1.32526	-3.49173	
349	0.000348	-1.28149	-3.43017	
350	0.000349	-1.29555	-3.41434	
351	0.00035	-1.217	-3.45157	
352	0.000351	-1.27871	-3.42385	
353	0.000352	-1.10594	-3.49548	
354	0.000353	-1.4006	-3.30367	
355	0.000354	-1.33569	-3.39032	
356	0.000355	-1.26268	-3.44577	
357	0.000356	-1.22253	-3.35768	
358	0.000357	-1.04878	-3.49422	
359	0.000358	-1.09914	-3.6632	
360	0.000359	-1.15104	-3.66557	
361	0.00036	-0.961889	-3.7025	
362	0.000361	-1.07443	-3.61195	
363	0.000362	-1.02815	-3.63819	
364	0.000363	-1.21138	-3.50729	
365	0.000364	-1.07638	-3.56121	
366	0.000365	-0.997169	-3.59126	
367	0.000366	-1.09016	-3.52231	
368	0.000367	-1.07636	-3.53202	
369	0.000368	-0.997101	-3.5949	
370	0.000369	-1.12088	-3.45963	
371	0.00037	-1.31148	-3.35282	
372	0.000371	-1.16783	-3.45852	
373	0.000372	-1.17071	-3.48114	
374	0.000373	-1.3404	-3.33344	
375	0.000374	-1.0051	-3.60823	
376	0.000375	-1.14218	-3.47166	
377	0.000376	-1.11235	-3.48651	
378	0.000377	-1.10834	-3.5077	
379	0.000378	-1.02847	-3.5746	
380	0.000379	-1.22625	-3.32078	
381	0.00038	-1.14086	-3.27911	
382	0.000381	-1.11297	-3.34558	
383	0.000382	-0.992773	-3.42481	
384	0.000383	-0.910556	-3.58307	
385	0.000384	-0.874959	-3.61148	
386	0.000385	-0.999379	-3.44906	
387	0.000386	-1.21485	-3.41702	
388	0.000387	-1.31118	-3.4845	
389	0.000388	-1.38822	-3.4107	
390	0.000389	-1.03355	-3.53877	
391	0.00039	-1.21898	-3.78703	
392	0.000391	-1.27774	-3.69877	
393	0.000392	-1.1894	-3.69801	
394	0.000393	-1.07622	-3.75857	
395	0.000394	-1.36661	-3.31839	
396	0.000395	-1.06808	-3.64352	
397	0.000396	-1.29044	-3.547	
398	0.000397	-1.3157	-3.54905	
399	0.000398	-1.17461	-3.68022	
400	0.000399	-1.24487	-3.70545	
401	0.0004	-1.46555	-3.74924	
402	0.000401	-1.16373	-4.0434	
403	0.000402	-1.32766	-3.89957	
404	0.000403	-1.44446	-3.6944	
405	0.000404	-1.36844	-3.5468	
406	0.000405	-1.37118	-3.5751	
407	0.000406	-1.3834	-3.43461	
408	0.000407	-1.17044	-3.581	
409	0.000408	-1.50505	-3.32344	
410	0.000409	-1.19034	-3.64454	
411	0.00041	-1.1622	-3.59897	
412	0.000411	-1.23783	-3.51287	
413	0.000412	-1.05615	-3.63144	
414	0.000413	-1.15054	-3.6366	
415	0.000414	-1.09976	-3.6373	
416	0.000415	-1.01335	-3.70501	
417	0.000416	-1.19929	-3.49359	
418	0.000417	-1.17011	-3.57034	
419	0.000418	-1.21024	-3.57353	
420	0.000419	-1.13708	-3.64305	
421	0.00042	-1.12289	-3.61063	
422	0.000421	-1.15599	-3.62303	
423	0.000422	-1.0363	-3.71903	
424	0.000423	-1.15389	-3.67015	
425	0.000424	-1.10011	-3.63146	
426	0.000425	-1.11031	-3.67957	
427	0.000426	-1.46234	-3.25106	
428	0.000427	-1.19586	-3.49736	
429	0.000428	-1.23448	-3.51508	
430	0.000429	-1.22729	-3.57223	
431	0.00043	-1.04922	-3.67395	
432	0.000431	-1.0559	-3.62201	
433	0.000432	-1.14092	-3.53395	
434	0.000433	-1.11336	-3.66938	
435	0.000434	-0.924684	-3.81233	
436	0.000435	-1.0974	-3.67172	
437	0.000436	-1.08563	-3.74249	
438	0.000437	-1.09469	-3.80051	
439	0.000438	-1.22338	-3.65656	
440	0.000439	-1.19097	-3.63778	
441	0.00044	-1.2001	-3.68224	
442	0.000441	-1.06121	-3.65256	
443	0.000442	-0.92949	-3.70235	
444	0.000443	-1.20112	-3.52651	
445	0.000444	-1.03092	-3.72696	
446	0.000445	-1.00927	-3.66286	
447	0.000446	-1.06482	-3.55275	
448	0.000447	-1.10752	-3.74719	
449	0.000448	-1.42803	-3.6218	
450	0.000449	-1.11658	-3.86802	
451	0.00045	-1.34882	-3.637	
452	0.000451	-1.19365	-3.80499	
453	0.000452	-1.24358	-3.70335	
454	0.000453	-1.14802	-3.73213	
455	0.000454	-1.30523	-3.57205	
456	0.000455	-1.18213	-3.68341	
457	0.000456	-1.38623	-3.6126	
458	0.000457	-1.18719	-3.69581	
459	0.000458	-1.37751	-3.44841	
460	0.000459	-1.14233	-3.66861	
461	0.00046	-1.13517	-3.75561	
462	0.000461	-1.11736	-3.71309	
463	0.000462	-1.15807	-3.71691	
464	0.000463	-1.08146	-3.75767	
465	0.000464	-0.958271	-3.82715	
466	0.000465	-1.1108	-3.70849	
467	0.000466	-1.19457	-3.74956	
468	0.000467	-1.2085	-3.84343	
469	0.000468	-1.09608	-4.05135	
470	0.000469	-1.30102	-3.81604	
471	0.00047	-1.18447	-4.00732	
472	0.000471	-1.19968	-3.84225	
473	0.000472	-1.15089	-3.81727	
474	0.000473	-0.951749	-3.89482	
475	0.000474	-1.10882	-3.72678	
476	0.000475	-1.28663	-3.57389	
477	0.000476	-1.1395	-3.63376	
478	0.000477	-0.999588	-3.81363	
479	0.000478	-1.03882	-3.80091	
480	0.000479	-1.13509	-3.66948	
481	0.00048	-1.04608	-3.74379	
482	0.000481	-1.19454	-3.61151	
483	0.000482	-1.01664	-3.72012	
484	0.000483	-1.17246	-3.60108	
485	0.000484	-1.19783	-3.5914	
486	0.000485	-1.00754	-3.80534	
487	0.000486	-1.32446	-3.51558	
488	0.000487	-1.20958	-3.59438	
489	0.000488	-1.11674	-3.74153	
490	0.000489	-0.961941	-3.84303	
491	0.00049	-1.00892	-3.79771	
492	0.000491	-1.13827	-3.69408	
493	0.000492	-1.22982	-3.60963	
494	0.000493	-1.28175	-3.54872	
495	0.000494	-1.25283	-3.62737	
496	0.000495	-1.14114	-3.61106	
497	0.000496	-1.2013	-3.62151	
498	0.000497	-1.14434	-3.70414	
499	0.000498	-1.09341	-3.83426	
500	0.000499	-1.71327	-3.52945	
501	0.0005	-1.19068	-4.1173	
502	0.000501	-1.76074	-3.96983	
503	0.000502	-1.54153	-4.24954	
504	0.000503	-1.38756	-4.18806	
505	0.000504	-1.23804	-4.15461	
506	0.000505	-1.28626	-4.09889	
507	0.000506	-1.27877	-4.09441	
508	0.000507	-1.34416	-3.95966	
509	0.000508	-1.16274	-4.14164	
510	0.000509	-1.24238	-4.06123	
511	0.00051	-1.17055	-4.05244	
512	0.000511	-1.22691	-4.03692	
513	0.000512	-1.2795	-3.97657	
514	0.000513	-1.3297	-3.94132	
515	0.000514	-1.16642	-4.04315	
516	0.000515	-1.12825	-4.09122	
517	0.000516	-1.25327	-3.91938	
518	0.000517	-1.13464	-3.93042	
519	0.000518	-1.11658	-3.86741	
520	0.000519	-1.20536	-3.83931	
521	0.00052	-1.24118	-3.78583	
522	0.000521	-1.21447	-3.90327	
523	0.000522	-1.1103	-4.07459	
524	0.000523	-1.24854	-3.92252	
525	0.000524	-1.25493	-4.04917	
526	0.000525	-1.46452	-3.90144	
527	0.000526	-1.3487	-4.05135	
528	0.000527	-1.24919	-4.10203	
529	0.000528	-1.27572	-4.06748	
530	0.000529	-1.27766	-4.01757	
531	0.00053	-1.16292	-3.93779	
532	0.000531	-1.16019	-3.95336	
533	0.000532	-1.37225	-3.82636	
534	0.000533	-1.26678	-3.85655	
535	0.000534	-1.42001	-3.80218	
536	0.000535	-1.50854	-3.76157	
537	0.000536	-1.3385	-3.90498	
538	0.000537	-1.08036	-4.0095	
539	0.000538	-1.31934	-3.85426	
540	0.000539	-1.23133	-3.95179	
541	0.00054	-1.31039	-3.91736	
542	0.000541	-1.22341	-3.96951	
543	0.000542	-1.13235	-4.00807	
544	0.000543	-1.25702	-4.00802	
545	0.000544	-1.32604	-3.9439	
546	0.000545	-1.28458	-4.06464	
547	0.000546	-1.12259	-4.17501	
548	0.000547	-1.23593	-4.11738	
549	0.000548	-1.26236	-4.02053	
550	0.000549	-1.09142	-4.14492	
551	0.00055	-1.23518	-4.37295	
552	0.000551	-1.24426	-4.3192	
553	0.000552	-1.36811	-4.1386	
554	0.000553	-1.52525	-3.98121	
555	0.000554	-1.49887	-4.00724	
556	0.000555	-1.15376	-4.15774	
557	0.000556	-1.1713	-4.09579	
558	0.000557	-1.16011	-4.00411	
559	0.000558	-1.01886	-4.10063	
560	0.000559	-1.18567	-3.92008	
561	0.00056	-1.04596	-3.94671	
562	0.000561	-1.1412	-3.86066	
563	0.000562	-1.18679	-3.76787	
564	0.000563	-1.26176	-4.2317	
565	0.000564	-1.23104	-4.2398	
566	0.000565	-1.16028	-4.51857	
567	0.000566	-1.1715	-4.41443	
568	0.000567	-1.44122	-4.15762	
569	0.000568	-1.05103	-4.38625	
570	0.000569	-1.25796	-4.18432	
571	0.00057	-1.32824	-4.05385	
572	0.000571	-1.18137	-4.17277	
573	0.000572	-1.31738	-4.01062	
574	0.000573	-1.31993	-4.07685	
575	0.000574	-1.38198	-4.04542	
576	0.000575	-1.25787	-4.13563	
577	0.000576	-1.34389	-4.08636	
578	0.000577	-1.29213	-4.02986	
579	0.000578	-1.1749	-4.13854	
580	0.000579	-1.29481	-4.14105	
581	0.00058	-1.16716	-4.28717	
582	0.000581	-1.21048	-4.19375	
583	0.000582	-1.18798	-4.19586	
584	0.000583	-1.22415	-4.13157	
585	0.000584	-1.22262	-4.17044	
586	0.000585	-1.31173	-4.03187	
587	0.000586	-1.14711	-4.17172	
588	0.000587	-1.14278	-4.20556	
589	0.000588	-1.15382	-4.19027	
590	0.000589	-1.23626	-4.17372	
591	0.00059	-1.05806	-4.28619	
592	0.000591	-1.22897	-4.17748	
593	0.000592	-1.49238	-3.99596	
594	0.000593	-1.22014	-4.22939	
595	0.000594	-1.30371	-4.06829	
596	0.000595	-1.40507	-4.02823	
597	0.000596	-1.10052	-4.24747	
598	0.000597	-1.09256	-4.22701	
599	0.000598	-1.26327	-4.08715	
600	0.000599	-1.17846	-4.14848	
601	0.0006	-1.17516	-4.22722	
602	0.000601	-1.25236	-4.12656	
603	0.000602	-1.20216	-4.14052	
604	0.000603	-1.13987	-4.17464	
605	0.000604	-1.21531	-4.11612	
606	0.000605	-1.09695	-4.23013	
607	0.000606	-1.18657	-4.11859	
608	0.000607	-1.06979	-4.2124	
609	0.000608	-1.11715	-4.10611	
610	0.000609	-1.05978	-4.14388	
611	0.00061	-1.08326	-4.15294	
612	0.000611	-1.01043	-4.19216	
613	0.000612	-1.1276	-4.076	
614	0.000613	-0.91603	-4.26677	
615	0.000614	-1.19369	-4.03847	
616	0.000615	-1.01515	-4.25841	
617	0.000616	-1.07423	-4.20554	
618	0.000617	-1.03361	-4.2651	
619	0.000618	-1.2429	-4.04408	
620	0.000619	-1.04695	-4.16601	
621	0.00062	-1.13247	-4.11376	
622	0.000621	-0.964436	-4.25461	
623	0.000622	-1.23463	-4.04002	
624	0.000623	-1.0473	-4.28535	
625	0.000624	-1.23926	-4.0474	
626	0.000625	-1.14841	-4.1444	
627	0.000626	-1.32675	-3.94643	
628	0.000627	-1.22215	-4.10266	
629	0.000628	-0.989423	-4.27204	
630	0.000629	-1.21108	-4.0711	
631	0.00063	-1.1607	-4.1517	
632	0.000631	-1.31104	-4.0391	
633	0.000632	-1.05745	-4.17005	
634	0.000633	-1.18728	-4.02588	
635	0.000634	-1.14112	-4.13374	
636	0.000635	-1.17474	-4.04997	
637	0.000636	-1.0132	-4.19194	
638	0.000637	-1.09034	-4.15642	
639	0.000638	-1.24004	-4.03496	
640	0.000639	-1.07405	-4.16604	
641	0.00064	-1.40823	-3.86107	
642	0.000641	-0.96992	-4.16786	
643	0.000642	-1.29434	-3.93559	
644	0.000643	-1.31279	-3.98576	
645	0.000644	-1.03509	-4.26328	
646	0.000645	-1.22615	-4.14617	
647	0.000646	-1.09759	-4.19101	
648	0.000647	-1.36404	-3.95738	
649	0.000648	-1.40038	-3.86454	
650	0.000649	-1.44725	-3.87173	
651	0.00065	-1.31942	-3.97352	
652	0.000651	-1.44033	-3.92447	
653	0.000652	-1.48182	-3.9068	
654	0.000653	-1.11275	-4.2279	
655	0.000654	-0.97109	-4.36363	
656	0.000655	-1.17557	-4.20659	
657	0.000656	-1.08307	-4.24638	
658	0.000657	-1.31351	-4.10306	
659	0.000658	-1.16822	-4.1818	
660	0.000659	-1.20486	-4.17388	
661	0.00066	-1.31676	-4.0582	
662	0.000661	-1.19729	-4.15726	
663	0.000662	-1.12153	-4.23122	
664	0.000663	-1.32975	-4.04676	
665	0.000664	-1.0335	-4.32464	
666	0.000665	-1.20962	-4.11001	
667	0.000666	-1.06693	-4.27087	
668	0.000667	-1.02833	-4.34466	
669	0.000668	-1.14208	-4.20826	
670	0.000669	-1.03344	-4.28502	
671	0.00067	-1.04942	-4.21223	
672	0.000671	-1.30608	-3.96466	
673	0.000672	-1.36161	-4.03518	
674	0.000673	-0.904133	-4.32521	
675	0.000674	-0.820088	-4.42351	
676	0.000675	-1.17143	-4.16637	
677	0.000676	-1.02681	-4.31236	
678	0.000677	-1.14163	-4.20095	
679	0.000678	-1.10775	-4.2395	
680	0.000679	-1.19802	-4.14238	
681	0.00068	-1.11558	-4.17855	
682	0.000681	-1.11219	-4.1959	
683	0.000682	-1.15838	-4.08826	
684	0.000683	-1.29315	-4.04146	
685	0.000684	-1.22732	-4.15277	
686	0.000685	-1.29768	-3.95466	
687	0.000686	-1.38928	-3.84495	
688	0.000687	-1.34427	-3.87797	
689	0.000688	-1.03261	-4.15084	
690	0.000689	-1.08413	-4.16921	
691	0.00069	-1.20681	-4.13416	
692	0.000691	-0.885035	-4.32074	
693	0.000692	-1.12676	-4.01612	
694	0.000693	-1.26935	-3.95734	
695	0.000694	-1.48989	-3.8416	
696	0.000695	-1.31717	-4.01009	
697	0.000696	-1.40509	-3.89862	
698	0.000697	-1.21987	-4.12456	
699	0.000698	-1.30737	-4.06583	
700	0.000699	-1.31619	-4.11254	
701	0.0007	-1.42961	-3.95771	
702	0.000701	-1.52078	-3.83609	
703	0.000702	-1.36475	-3.97754	
704	0.000703	-1.0283	-4.39252	
705	0.000704	-1.20502	-4.09755	
706	0.000705	-1.25614	-4.20544	
707	0.000706	-1.15287	-4.30875	
708	0.000707	-1.03081	-4.32209	
709	0.000708	-1.02111	-4.36882	
710	0.000709	-1.03641	-4.29501	
711	0.00071	-1.25272	-4.09783	
712	0.000711	-1.1037	-4.22611	
713	0.000712	-1.01021	-4.29218	
714	0.000713	-1.34825	-4.08254	
715	0.000714	-1.20822	-4.22864	
716	0.000715	-1.19736	-4.20776	
717	0.000716	-1.34047	-4.41529	
718	0.000717	-1.18515	-4.47276	
719	0.000718	-1.29159	-4.31029	
720	0.000719	-1.02796	-4.45016	
721	0.00072	-1.40141	-4.26256	
722	0.000721	-1.33893	-4.4158	
723	0.000722	-1.13953	-4.42007	
724	0.000723	-1.22322	-4.30527	
725	0.000724	-1.04413	-4.50936	
726	0.000725	-1.23715	-4.27667	
727	0.000726	-1.15517	-4.54617	
728	0.000727	-1.5233	-4.3499	
729	0.000728	-1.45594	-4.47133	
730	0.000729	-1.65827	-4.26914	
731	0.00073	-1.28552	-4.34267	
732	0.000731	-1.59212	-4.00032	
733	0.000732	-1.45769	-4.20388	
734	0.000733	-1.53664	-4.23568	
735	0.000734	-1.34052	-4.40662	
736	0.000735	-1.38163	-4.34397	
737	0.000736	-1.29481	-4.39046	
738	0.000737	-1.29735	-4.4173	
739	0.000738	-1.31605	-4.30697	
740	0.000739	-1.1967	-4.46297	
741	0.00074	-1.3382	-4.28164	
742	0.000741	-1.13398	-4.45701	
743	0.000742	-1.37617	-4.28648	
744	0.000743	-1.50912	-4.16633	
745	0.000744	-1.36837	-4.33809	
746	0.000745	-0.958201	-4.74374	
747	0.000746	-1.28008	-4.39054	
748	0.000747	-1.15984	-4.43578	
749	0.000748	-1.21402	-4.39421	
750	0.000749	-1.39294	-4.27636	
751	0.00075	-1.594	-4.1	
752	0.000751	-1.36922	-4.36782	
753	0.000752	-1.08634	-4.52806	
754	0.000753	-1.34983	-4.30804	
755	0.000754	-1.07418	-4.50479	
756	0.000755	-1.0955	-4.48741	
757	0.000756	-1.4426	-4.38618	
758	0.000757	-1.36085	-4.41504	
759	0.000758	-1.36291	-4.42037	
760	0.000759	-1.13415	-4.56448	
761	0.00076	-1.3101	-4.52054	
762	0.000761	-1.151	-4.66699	
763	0.000762	-1.00452	-4.72061	
764	0.000763	-1.20049	-4.49855	
765	0.000764	-1.04011	-4.7297	
766	0.000765	-1.12989	-4.67664	
767	0.000766	-1.11709	-4.51719	
768	0.000767	-1.31766	-4.35566	
769	0.000768	-1.49638	-4.39648	
770	0.000769	-1.06587	-5.08015	
771	0.00077	-1.04265	-4.51743	
772	0.000771	-1.10544	-4.67974	
773	0.000772	-1.08093	-4.54941	
774	0.000773	-1.3625	-4.28167	
775	0.000774	-1.02306	-4.67107	
776	0.000775	-1.27785	-4.43201	
777	0.000776	-1.22456	-4.38001	
778	0.000777	-1.57499	-4.48018	
779	0.000778	-1.24232	-5.16659	
780	0.000779	-1.5166	-4.87873	
781	0.00078	-1.21702	-5.10153	
782	0.000781	-1.35884	-4.85488	
783	0.000782	-1.69044	-4.63147	
784	0.000783	-1.30732	-4.87658	
785	0.000784	-1.40583	-4.73642	
786	0.000785	-1.30153	-4.84223	
787	0.000786	-1.44735	-4.67799	
788	0.000787	-1.32392	-4.74732	
789	0.000788	-1.20277	-4.84648	
790	0.000789	-1.45265	-4.69377	
791	0.00079	-1.20709	-4.81569	
792	0.000791	-1.24747	-4.7487	
793	0.000792	-1.12552	-4.78411	
794	0.000793	-1.16998	-4.77705	
795	0.000794	-1.42585	-4.57917	
796	0.000795	-1.26445	-4.68775	
797	0.000796	-1.28694	-4.46552	
798	0.000797	-0.99963	-4.67045	
799	0.000798	-1.14338	-4.50173	
800	0.000799	-1.65132	-4.42263	
801	0.0008	-1.32006	-4.68063	
802	0.000801	-1.20032	-4.59302	
803	0.000802	-0.974489	-4.7965	
804	0.000803	-1.1937	-4.56944	
805	0.000804	-1.13349	-4.52466	
806	0.000805	-1.38062	-4.43224	
807	0.000806	-1.3126	-4.36933	
808	0.000807	-1.27724	-4.47625	
809	0.000808	-1.32993	-4.47116	
810	0.000809	-1.38241	-4.27955	
811	0.00081	-1.25684	-4.30626	
812	0.000811	-1.16851	-4.37816	
813	0.000812	-1.26869	-4.29866	
814	0.000813	-1.56572	-4.10763	
815	0.000814	-1.32264	-4.37934	
816	0.000815	-1.11184	-4.54441	
817	0.000816	-1.37964	-4.28148	
818	0.000817	-1.35529	-4.272	
819	0.000818	-1.2484	-4.32452	
820	0.000819	-1.25111	-4.31553	
821	0.00082	-1.32045	-4.17722	
822	0.000821	-1.28993	-4.28846	
823	0.000822	-1.39102	-4.16065	
824	0.000823	-1.50508	-4.13627	
825	0.000824	-1.29217	-4.33571	
826	0.000825	-1.30915	-4.44129	
827	0.000826	-1.21707	-4.47749	
828	0.000827	-1.16973	-4.42776	
829	0.000828	-1.35715	-4.23469	
830	0.000829	-1.20533	-4.49583	
831	0.00083	-1.34573	-4.40291	
832	0.000831	-1.18335	-4.52051	
833	0.000832	-1.17691	-4.40221	
834	0.000833	-1.09564	-4.42327	
835	0.000834	-1.30363	-4.20791	
836	0.000835	-0.958839	-4.47945	
837	0.000836	-1.09415	-4.41878	
838	0.000837	-1.17895	-4.37533	
839	0.000838	-1.28279	-4.27021	
840	0.000839	-1.37581	-4.15504	
841	0.00084	-1.06934	-4.45724	
842	0.000841	-1.19327	-4.22352	
843	0.000842	-1.24805	-4.14062	
844	0.000843	-1.25064	-4.20067	
845	0.000844	-1.37614	-4.12258	
846	0.000845	-0.99446	-4.4599	
847	0.000846	-1.18676	-4.28343	
848	0.000847	-1.22423	-4.18639	
849	0.000848	-0.849522	-4.52295	
850	0.000849	-1.12148	-4.24459	
851	0.00085	-1.27742	-4.20097	
852	0.000851	-1.1983	-4.18019	
853	0.000852	-1.27528	-4.26098	
854	0.000853	-1.26528	-4.12373	
855	0.000854	-1.16077	-4.27788	
856	0.000855	-1.29784	-4.26591	
857	0.000856	-1.24423	-4.38078	
858	0.000857	-1.49969	-4.21388	
859	0.000858	-1.78421	-4.00263	
860	0.000859	-1.38739	-4.23912	
861	0.00086	-1.39786	-4.24709	
862	0.000861	-1.08772	-4.44339	
863	0.000862	-1.42981	-4.07839	
864	0.000863	-1.41649	-4.16688	
865	0.000864	-1.27343	-4.28331	
866	0.000865	-1.25841	-4.17951	
867	0.000866	-1.22662	-4.2469	
868	0.000867	-1.39847	-4.34351	
869	0.000868	-1.11856	-4.44279	
870	0.000869	-1.23542	-4.24521	
871	0.00087	-1.60174	-3.96293	
872	0.000871	-1.42257	-4.18101	
873	0.000872	-1.03183	-4.62567	
874	0.000873	-1.03045	-4.52949	
875	0.000874	-1.62595	-4.06898	
876	0.000875	-1.47266	-4.07085	
877	0.000876	-1.14347	-4.27322	
878	0.000877	-1.2618	-4.09321	
879	0.000878	-1.3921	-3.95874	
880	0.000879	-1.36816	-3.95322	
881	0.00088	-1.51832	-3.88639	
882	0.000881	-1.31922	-4.11913	
883	0.000882	-1.39703	-3.86854	
884	0.000883	-1.18984	-4.26136	
885	0.000884	-1.20059	-4.29141	
886	0.000885	-1.39758	-4.09728	
887	0.000886	-1.40829	-4.02972	
888	0.000887	-1.34711	-4.09748	
889	0.000888	-1.3114	-4.05253	
890	0.000889	-1.12727	-4.24977	
891	0.00089	-1.11116	-4.18215	
892	0.000891	-1.21166	-4.12375	
893	0.000892	-1.42281	-3.83819	
894	0.000893	-1.27466	-3.96827	
895	0.000894	-1.36822	-4.24388	
896	0.000895	-1.31834	-4.2365	
897	0.000896	-1.31051	-4.25562	
898	0.000897	-1.34051	-4.15441	
899	0.000898	-1.61708	-3.8364	
900	0.000899	-1.07376	-4.42938	
901	0.0009	-1.27227	-4.22315	
902	0.000901	-1.23471	-4.20103	
903	0.000902	-1.47071	-4.01897	
904	0.000903	-1.19913	-4.25743	
905	0.000904	-1.23661	-4.23685	
906	0.000905	-1.06012	-4.45728	
907	0.000906	-1.22071	-4.31414	
908	0.000907	-1.18898	-4.2908	
909	0.000908	-1.04274	-4.25981	
910	0.000909	-1.3407	-3.87655	
911	0.00091	-1.29545	-3.90295	
912	0.000911	-1.41072	-3.80165	
913	0.000912	-1.15398	-4.06452	
914	0.000913	-1.18088	-4.02582	
915	0.000914	-1.62193	-4.15479	
916	0.000915	-1.26918	-4.50483	
917	0.000916	-1.33377	-4.55817	
918	0.000917	-1.50741	-4.34547	
919	0.000918	-1.42633	-4.21203	
920	0.000919	-1.35606	-4.39301	
921	0.00092	-1.21536	-4.26106	
922	0.000921	-1.533	-3.91761	
923	0.000922	-1.2169	-4.21562	
924	0.000923	-1.39663	-3.91864	
925	0.000924	-1.40977	-3.79069	
926	0.000925	-1.23974	-4.17718	
927	0.000926	-1.14204	-4.07029	
928	0.000927	-1.44024	-3.92776	
929	0.000928	-1.47204	-4.09259	
930	0.000929	-1.4288	-4.17052	
931	0.00093	-1.35507	-4.15861	
932	0.000931	-1.23441	-4.2534	
933	0.000932	-1.13694	-4.33986	
934	0.000933	-1.3703	-4.18332	
935	0.000934	-1.32172	-4.09938	
936	0.000935	-1.47129	-4.05777	
937	0.000936	-1.19653	-4.28205	
938	0.000937	-1.4146	-3.97055	
939	0.000938	-1.31772	-4.06118	
940	0.000939	-1.18702	-4.22448	
941	0.00094	-1.60563	-3.79257	
942	0.000941	-1.19231	-4.23429	
943	0.000942	-1.28812	-4.14183	
944	0.000943	-1.27913	-4.06062	
945	0.000944	-1.5096	-3.96064	
946	0.000945	-1.4315	-4.22039	
947	0.000946	-1.3569	-4.18834	
948	0.000947	-1.20329	-4.32192	
949	0.000948	-1.4571	-4.14781	
950	0.000949	-1.34614	-4.22972	
951	0.00095	-1.27578	-4.26114	
952	0.000951	-1.49719	-4.05807	
953	0.000952	-1.59588	-4.0172	
954	0.000953	-1.45058	-4.08938	
955	0.000954	-1.62515	-3.85613	
956	0.000955	-1.19224	-4.22966	
957	0.000956	-1.50154	-4.07778	
958	0.000957	-1.31823	-4.21763	
959	0.000958	-1.36524	-4.17154	
960	0.000959	-1.44461	-4.01477	
961	0.00096	-1.44845	-3.99822	
962	0.000961	-1.34079	-4.05515	
963	0.000962	-1.35869	-3.98301	
964	0.000963	-1.44107	-3.99989	
965	0.000964	-1.47644	-3.9341	
966	0.000965	-1.35429	-4.03762	
967	0.000966	-1.33504	-4.10896	
968	0.000967	-1.22128	-4.21176	
969	0.000968	-1.3207	-3.9877	
970	0.000969	-1.35025	-4.05869	
971	0.00097	-1.3052	-4.1489	
972	0.000971	-1.26957	-4.28768	
973	0.000972	-1.37192	-4.18319	
974	0.000973	-1.29039	-4.24302	
975	0.000974	-1.37276	-4.1014	
976	0.000975	-1.14647	-4.30058	
977	0.000976	-1.24658	-4.13889	
978	0.000977	-1.35067	-4.05024	
979	0.000978	-1.21263	-4.22099	
980	0.000979	-1.32157	-4.08795	
981	0.00098	-1.32657	-4.15847	
982	0.000981	-1.27121	-4.14463	
983	0.000982	-1.17926	-4.20339	
984	0.000983	-1.2917	-4.08399	
985	0.000984	-1.43703	-4.01483	
986	0.000985	-1.42562	-4.02126	
987	0.000986	-1.29751	-4.18815	
988	0.000987	-1.21243	-4.18861	
989	0.000988	-1.24796	-4.09863	
990	0.000989	-1.27384	-4.0088	
991	0.00099	-1.16879	-4.07392	
992	0.000991	-1.43614	-3.94499	
993	0.000992	-1.30448	-4.03203	
994	0.000993	-1.32917	-4.00548	
995	0.000994	-1.27923	-3.99712	
996	0.000995	-1.24552	-3.98513	
997	0.000996	-1.40607	-3.87523	
998	0.000997	-1.46942	-3.87459	
999	0.000998	-1.35839	-4.02534	
1000	0.000999	-1.16066	-4.27557	
1001	0.001	-1.37746	-4.01419	
1002	0.001001	-1.36112	-4.058	
1003	0.001002	-1.22292	-4.13694	
1004	0.001003	-1.40881	-3.9441	
1005	0.001004	-1.39454	-4.05589	
1006	0.001005	-1.31489	-4.15103	
1007	0.001006	-1.35903	-3.98389	
1008	0.001007	-1.24011	-4.11794	
1009	0.001008	-1.06406	-4.20118	
1010	0.001009	-1.13629	-4.00139	
1011	0.00101	-1.39217	-3.73767	
1012	0.001011	-1.14831	-4.10432	
1013	0.001012	-1.28145	-3.96241	
1014	0.001013	-1.1439	-4.02233	
1015	0.001014	-1.00937	-4.08512	
1016	0.001015	-1.14414	-4.02349	
1017	0.001016	-1.12883	-3.91209	
1018	0.001017	-1.09857	-3.99401	
1019	0.001018	-1.24648	-3.87484	
1020	0.001019	-1.18589	-4.10384	
1021	0.00102	-1.13176	-4.13609	
1022	0.001021	-1.15179	-4.03265	
1023	0.001022	-1.10694	-4.06608	
1024	0.001023	-1.21636	-3.92434	
1025	0.001024	-1.16065	-3.94447	
1026	0.001025	-1.28003	-3.84453	
1027	0.001026	-1.35974	-3.68893	
1028	0.001027	-1.39655	-4.02082	
1029	0.001028	-1.24206	-4.18671	
1030	0.001029	-1.26044	-4.08891	
1031	0.00103	-1.04092	-4.19922	
1032	0.001031	-1.03099	-4.1863	
1033	0.001032	-1.09289	-4.00322	
1034	0.001033	-1.25212	-3.76771	
1035	0.001034	-1.12515	-3.90905	
1036	0.001035	-1.02093	-3.86848	
1037	0.001036	-1.24561	-3.7755	
1038	0.001037	-1.4602	-3.59795	
1039	0.001038	-1.19243	-3.91774	
1040	0.001039	-1.13867	-3.98321	
1041	0.00104	-1.14193	-3.99398	
1042	0.001041	-1.27689	-3.83952	
1043	0.001042	-1.11014	-3.80081	
1044	0.001043	-1.12372	-3.78588	
1045	0.001044	-1.3026	-3.52005	
1046	0.001045	-1.22195	-3.59659	
1047	0.001046	-1.32807	-3.59863	
1048	0.001047	-1.05552	-3.73801	
1049	0.001048	-1.31352	-3.37546	
1050	0.001049	-1.20288	-3.64226	
1051	0.00105	-1.15347	-3.78781	
1052	0.001051	-1.24378	-3.66272	
1053	0.001052	-1.07743	-3.69977	
1054	0.001053	-1.32489	-3.48137	
1055	0.001054	-1.1355	-3.62541	
1056	0.001055	-1.49199	-3.38595	
1057	0.001056	-1.16216	-3.64114	
1058	0.001057	-1.50153	-3.3331	
1059	0.001058	-1.58666	-3.38666	
1060	0.001059	-1.25451	-3.72686	
1061	0.00106	-1.34357	-3.46494	
1062	0.001061	-1.49907	-3.48395	
1063	0.001062	-1.23684	-3.76757	
1064	0.001063	-1.64866	-3.41321	
1065	0.001064	-1.81846	-3.37931	
1066	0.001065	-1.44704	-3.73671	
1067	0.001066	-1.10392	-3.94948	
1068	0.001067	-1.43243	-3.61608	
1069	0.001068	-1.24853	-3.75852	
1070	0.001069	-1.09896	-3.92068	
1071	0.00107	-1.19407	-3.84433	
1072	0.001071	-1.24871	-3.83318	
1073	0.001072	-1.39816	-3.72197	
1074	0.001073	-1.40876	-3.68427	
1075	0.001074	-1.23766	-3.7701	
1076	0.001075	-1.27279	-3.72356	
1077	0.001076	-1.4423	-3.45959	
1078	0.001077	-1.29887	-3.60613	
1079	0.001078	-1.44678	-3.51565	
1080	0.001079	-1.74157	-3.38359	
1081	0.00108	-1.19803	-3.87979	
1082	0.001081	-1.4151	-3.65162	
1083	0.001082	-1.11949	-3.87531	
1084	0.001083	-1.13142	-3.85795	
1085	0.001084	-1.38003	-3.63727	
1086	0.001085	-1.11587	-3.82298	
1087	0.001086	-1.04223	-3.90461	
1088	0.001087	-1.11676	-3.83302	
1089	0.001088	-1.1531	-3.69336	
1090	0.001089	-1.35635	-3.55031	
1091	0.00109	-1.07957	-3.81077	
1092	0.001091	-1.14987	-3.75582	
1093	0.001092	-1.22397	-3.68828	
1094	0.001093	-1.19833	-3.64894	
1095	0.001094	-1.23547	-3.62677	
1096	0.001095	-1.27134	-3.59092	
1097	0.001096	-1.0482	-3.75549	
1098	0.001097	-1.64624	-3.29894	
1099	0.001098	-1.36741	-3.42618	
1100	0.001099	-1.52281	-3.51087	
1101	0.0011	-1.21287	-3.62927	
1102	0.001101	-1.52439	-3.43933	
1103	0.001102	-1.55632	-3.50881	
1104	0.001103	-1.33575	-3.63852	
1105	0.001104	-1.50711	-3.52098	
1106	0.001105	-1.68606	-3.44026	
1107	0.001106	-1.43705	-3.70072	
1108	0.001107	-1.28641	-3.74884	
1109	0.001108	-1.34725	-3.72904	
1110	0.001109	-1.06694	-3.94244	
1111	0.00111	-1.38323	-3.71444	
1112	0.001111	-1.19124	-3.83894	
1113	0.001112	-1.09592	-3.85215	
1114	0.001113	-1.62983	-3.78696	
1115	0.001114	-1.75355	-3.84336	
1116	0.001115	-1.395	-4.11255	
1117	0.001116	-1.41232	-4.05092	
1118	0.001117	-1.20598	-4.08685	
1119	0.001118	-1.16335	-4.12621	
1120	0.001119	-1.18758	-3.99176	
1121	0.00112	-1.10851	-4.00344	
1122	0.001121	-0.989433	-4.04829	
1123	0.001122	-1.00974	-3.96068	
1124	0.001123	-1.26052	-3.76267	
1125	0.001124	-1.24018	-3.60946	
1126	0.001125	-1.28743	-3.52754	
1127	0.001126	-1.27602	-3.48376	
1128	0.001127	-1.28648	-3.49838	
1129	0.001128	-1.02569	-3.63405	
1130	0.001129	-1.52457	-3.28306	
1131	0.00113	-1.2331	-3.5998	
1132	0.001131	-1.33021	-3.44581	
1133	0.001132	-1.14828	-3.57641	
1134	0.001133	-1.04038	-3.66187	
1135	0.001134	-1.10992	-3.59282	
1136	0.001135	-1.01024	-3.65739	
1137	0.001136	-1.3994	-3.3932	
1138	0.001137	-1.27533	-3.50217	
1139	0.001138	-1.03225	-3.70902	
1140	0.001139	-1.14435	-3.66251	
1141	0.00114	-1.32269	-3.51494	
1142	0.001141	-1.25186	-3.55902	
1143	0.001142	-1.3032	-3.54878	
1144	0.001143	-1.17655	-3.66088	
1145	0.001144	-1.1192	-3.70474	
1146	0.001145	-1.42067	-3.38131	
1147	0.001146	-1.331	-3.75628	
1148	0.001147	-1.3903	-3.89241	
1149	0.001148	-1.27812	-3.90392	
1150	0.001149	-1.08928	-4.01192	
1151	0.00115	-1.19617	-4.00946	
1152	0.001151	-1.4566	-3.72419	
1153	0.001152	-1.24535	-3.8759	
1154	0.001153	-1.20324	-3.96972	
1155	0.001154	-1.33591	-3.82774	
1156	0.001155	-1.4002	-3.73641	
1157	0.001156	-1.38319	-3.78744	
1158	0.001157	-1.21651	-3.90978	
1159	0.001158	-1.20151	-3.85795	
1160	0.001159	-1.05506	-4.0229	
1161	0.00116	-1.52701	-3.69093	
1162	0.001161	-1.29059	-3.9215	
1163	0.001162	-1.28465	-3.9497	
1164	0.001163	-1.34153	-3.86059	
1165	0.001164	-1.32478	-3.94191	
1166	0.001165	-1.33805	-3.86268	
1167	0.001166	-1.38076	-3.87376	
1168	0.001167	-1.28693	-4.04943	
1169	0.001168	-1.28776	-4.06381	
1170	0.001169	-1.5263	-3.86202	
1171	0.00117	-1.38485	-3.99629	
1172	0.001171	-1.31935	-4.094	
1173	0.001172	-1.61532	-3.77773	
1174	0.001173	-1.46007	-3.90444	
1175	0.001174	-1.28796	-4.0533	
1176	0.001175	-1.31827	-4.05662	
1177	0.001176	-1.6158	-3.80781	
1178	0.001177	-1.36988	-4.01956	
1179	0.001178	-1.42737	-3.88608	
1180	0.001179	-1.50243	-3.91846	
1181	0.00118	-1.81679	-3.78188	
1182	0.001181	-1.56438	-3.96807	
1183	0.001182	-1.34217	-4.10466	
1184	0.001183	-1.45681	-4.05479	
1185	0.001184	-1.7701	-3.78755	
1186	0.001185	-1.2317	-4.29487	
1187	0.001186	-1.486	-4.04309	
1188	0.001187	-1.62809	-3.98365	
1189	0.001188	-1.74647	-3.85114	
1190	0.001189	-1.5477	-4.03809	
1191	0.00119	-1.54264	-4.1163	
1192	0.001191	-1.42005	-4.09409	
1193	0.001192	-1.32726	-4.21974	
1194	0.001193	-1.38074	-4.15672	
1195	0.001194	-1.42546	-4.26444	
1196	0.001195	-1.5151	-4.23208	
1197	0.001196	-1.80498	-4.0953	
1198	0.001197	-1.81321	-4.1521	
1199	0.001198	-1.42621	-4.42638	
1200	0.001199	-1.3278	-4.44569	
1201	0.0012	-1.54458	-4.1982	
1202	0.001201	-1.65959	-4.11457	
1203	0.001202	-1.30666	-4.3691	
1204	0.001203	-1.62277	-3.97365	
1205	0.001204	-1.4171	-4.19632	
1206	0.001205	-1.67255	-4.06463	
1207	0.001206	-1.60356	-4.17767	
1208	0.001207	-1.51233	-4.22987	
1209	0.001208	-1.66215	-4.20596	
1210	0.001209	-1.33193	-4.48076	
1211	0.00121	-1.8509	-3.99931	
1212	0.001211	-1.56493	-4.26848	
1213	0.001212	-1.70732	-4.17721	
1214	0.001213	-1.58425	-4.34162	
1215	0.001214	-1.42245	-4.49379	
1216	0.001215	-1.8057	-4.14637	
1217	0.001216	-1.70161	-4.40213	
1218	0.001217	-1.48499	-4.56132	
1219	0.001218	-1.68926	-4.32237	
1220	0.001219	-1.77076	-4.33172	
1221	0.00122	-1.74655	-4.50011	
1222	0.001221	-1.68322	-4.44914	
1223	0.001222	-1.79949	-4.32806	
1224	0.001223	-1.58762	-4.54422	
1225	0.001224	-1.53079	-4.44898	
1226	0.001225	-1.65356	-4.71554	
1227	0.001226	-1.72446	-4.59741	
1228	0.001227	-1.56614	-4.67483	
1229	0.001228	-1.75278	-4.44107	
1230	0.001229	-1.61956	-4.44835	
1231	0.00123	-1.79045	-4.58794	
1232	0.001231	-1.60977	-4.75172	
1233	0.001232	-1.59277	-4.69052	
1234	0.001233	-1.34596	-4.97299	
1235	0.001234	-1.84207	-4.50043	
1236	0.001235	-1.58436	-4.76044	
1237	0.001236	-1.61842	-4.6429	
1238	0.001237	-1.52971	-4.68679	
1239	0.001238	-1.54872	-4.65811	
1240	0.001239	-1.67278	-4.70637	
1241	0.00124	-1.62818	-4.79696	
1242	0.001241	-1.55909	-4.64653	
1243	0.001242	-1.85102	-4.32887	
1244	0.001243	-1.47285	-4.71781	
1245	0.001244	-1.41077	-4.59163	
1246	0.001245	-1.45187	-4.50812	
1247	0.001246	-1.38034	-4.59073	
1248	0.001247	-1.9131	-4.43168	
1249	0.001248	-1.44849	-4.79921	
1250	0.001249	-1.78118	-4.62017	
1251	0.00125	-1.42253	-4.94173	
1252	0.001251	-1.60719	-4.73811	
1253	0.001252	-1.46623	-4.88368	
1254	0.001253	-1.49094	-4.84117	
1255	0.001254	-1.49486	-4.93528	
1256	0.001255	-1.6033	-4.72307	
1257	0.001256	-1.72209	-4.61127	
1258	0.001257	-1.69567	-4.69719	
1259	0.001258	-1.7374	-4.64254	
1260	0.001259	-1.52859	-4.7939	
1261	0.00126	-1.50806	-4.73078	
1262	0.001261	-1.69745	-4.58807	
1263	0.001262	-1.70557	-4.59702	
1264	0.001263	-1.83401	-4.54561	
1265	0.001264	-1.63742	-4.71611	
1266	0.001265	-1.72695	-4.70963	
1267	0.001266	-1.87215	-4.62149	
1268	0.001267	-1.67235	-4.88898	
1269	0.001268	-1.87249	-4.72914	
1270	0.001269	-1.84423	-4.6789	
1271	0.00127	-1.6525	-4.81369	
1272	0.001271	-1.72133	-4.76858	
1273	0.001272	-1.84864	-4.66252	
1274	0.001273	-1.90793	-4.69704	
1275	0.001274	-1.78282	-4.97986	
1276	0.001275	-1.55148	-5.06075	
1277	0.001276	-1.77429	-4.78366	
1278	0.001277	-1.77005	-4.88983	
1279	0.001278	-1.55423	-4.98979	
1280	0.001279	-1.68451	-4.99019	
1281	0.00128	-1.67274	-4.9984	
1282	0.001281	-1.64401	-5.10078	
1283	0.001282	-1.59719	-5.14022	
1284	0.001283	-1.7528	-5.04303	
1285	0.001284	-1.55613	-5.15146	
1286	0.001285	-1.57029	-5.12622	
1287	0.001286	-1.70051	-4.93493	
1288	0.001287	-1.50024	-5.04062	
1289	0.001288	-1.79432	-5.00903	
1290	0.001289	-1.97942	-4.87108	
1291	0.00129	-1.98111	-4.91664	
1292	0.001291	-1.87672	-5.13491	
1293	0.001292	-1.87125	-5.22786	
1294	0.001293	-2.2458	-5.02131	
1295	0.001294	-1.83747	-5.40861	
1296	0.001295	-2.00865	-5.28908	
1297	0.001296	-2.05333	-5.2185	
1298	0.001297	-1.89499	-5.30729	
1299	0.001298	-1.89832	-5.28554	
1300	0.001299	-1.90674	-5.30983	
1301	0.0013	-2.01241	-5.35313	
1302	0.001301	-1.82942	-5.2203	
1303	0.001302	-2.07192	-5.19742	
1304	0.001303	-1.90864	-5.36106	
1305	0.001304	-2.05787	-5.22622	
1306	0.001305	-1.76634	-5.34008	
1307	0.001306	-1.66411	-5.47115	
1308	0.001307	-1.76849	-5.40164	
1309	0.001308	-1.78125	-5.42145	
1310	0.001309	-1.68964	-5.33187	
1311	0.00131	-1.8733	-5.12551	
1312	0.001311	-2.24093	-4.90622	
1313	0.001312	-1.89711	-5.3061	
1314	0.001313	-1.77016	-5.42422	
1315	0.001314	-1.6136	-5.39955	
1316	0.001315	-1.92905	-5.15139	
1317	0.001316	-1.99463	-5.31209	
1318	0.001317	-1.70647	-5.56614	
1319	0.001318	-1.82395	-5.55403	
1320	0.001319	-1.75883	-5.56427	
1321	0.00132	-1.93967	-5.36493	
1322	0.001321	-1.74389	-5.44323	
1323	0.001322	-1.91999	-5.3575	
1324	0.001323	-1.69116	-5.49766	
1325	0.001324	-1.65448	-5.56128	
1326	0.001325	-1.55534	-5.57917	
1327	0.001326	-2.16766	-5.09798	
1328	0.001327	-1.79837	-5.36404	
1329	0.001328	-1.7914	-5.292	
1330	0.001329	-2.07587	-5.13208	
1331	0.00133	-1.93111	-5.31211	
1332	0.001331	-2.13727	-5.02784	
1333	0.001332	-2.0106	-5.17118	
1334	0.001333	-1.96396	-5.3386	
1335	0.001334	-1.98411	-5.46466	
1336	0.001335	-1.92841	-5.41186	
1337	0.001336	-1.93945	-5.42456	
1338	0.001337	-1.80837	-5.47456	
1339	0.001338	-1.91387	-5.40427	
1340	0.001339	-1.91123	-5.33715	
1341	0.00134	-2.00046	-5.33273	
1342	0.001341	-1.78955	-5.51536	
1343	0.001342	-1.76047	-5.44293	
1344	0.001343	-1.82487	-5.41146	
1345	0.001344	-1.92454	-5.21347	
1346	0.001345	-2.08147	-5.08746	
1347	0.001346	-1.81163	-5.38558	
1348	0.001347	-2.29402	-4.97243	
1349	0.001348	-1.80307	-5.56874	
1350	0.001349	-1.75802	-5.50816	
1351	0.00135	-1.72729	-5.49283	
1352	0.001351	-1.94691	-5.42957	
1353	0.001352	-1.85046	-5.52871	
1354	0.001353	-1.98914	-5.41625	
1355	0.001354	-1.99275	-5.54515	
1356	0.001355	-2.07547	-5.23766	
1357	0.001356	-1.82135	-5.52306	
1358	0.001357	-1.74458	-5.58573	
1359	0.001358	-1.91821	-5.46879	
1360	0.001359	-2.23416	-5.33824	
1361	0.00136	-1.99223	-5.40607	
1362	0.001361	-1.94412	-5.70937	
1363	0.001362	-1.84448	-5.68758	
1364	0.001363	-2.02902	-5.49563	
1365	0.001364	-2.34229	-5.2647	
1366	0.001365	-1.91679	-5.61891	
1367	0.001366	-2.06365	-5.44806	
1368	0.001367	-2.32956	-5.42648	
1369	0.001368	-2.14484	-5.45819	
1370	0.001369	-2.14658	-5.47705	
1371	0.00137	-1.99782	-5.7141	
1372	0.001371	-2.18779	-5.65123	
1373	0.001372	-2.13548	-5.68876	
1374	0.001373	-2.06233	-5.80461	
1375	0.001374	-2.22706	-5.56252	
1376	0.001375	-1.99908	-5.60272	
1377	0.001376	-1.96673	-5.54377	
1378	0.001377	-1.96517	-5.69274	
1379	0.001378	-2.01104	-5.55918	
1380	0.001379	-2.0034	-5.4711	
1381	0.00138	-2.02262	-5.44528	
1382	0.001381	-2.253	-5.36361	
1383	0.001382	-2.0673	-5.53221	
1384	0.001383	-1.99149	-5.44058	
1385	0.001384	-2.15349	-5.36122	
1386	0.001385	-1.80457	-5.79118	
1387	0.001386	-1.98186	-5.3854	
1388	0.001387	-1.80713	-5.56819	
1389	0.001388	-1.8565	-5.49178	
1390	0.001389	-1.77152	-5.47673	
1391	0.00139	-1.75382	-5.36854	
1392	0.001391	-1.73319	-5.4276	
1393	0.001392	-1.95226	-5.31109	
1394	0.001393	-1.91981	-5.36047	
1395	0.001394	-1.98289	-5.32923	
1396	0.001395	-1.6933	-5.45669	
1397	0.001396	-1.6628	-5.40842	
1398	0.001397	-1.58387	-5.48817	
1399	0.001398	-1.54594	-5.40839	
1400	0.001399	-1.7796	-5.16714	
1401	0.0014	-1.70211	-5.21343	
1402	0.001401	-1.80821	-5.13859	
1403	0.001402	-1.69886	-5.20712	
1404	0.001403	-1.57233	-5.37735	
1405	0.001404	-1.95549	-4.95979	
1406	0.001405	-1.97159	-5.19239	
1407	0.001406	-1.79221	-5.44053	
1408	0.001407	-1.83659	-5.13823	
1409	0.001408	-1.92635	-5.20353	
1410	0.001409	-1.93421	-5.22794	
1411	0.00141	-1.88003	-5.24155	
1412	0.001411	-1.8515	-5.22972	
1413	0.001412	-2.05483	-5.32222	
1414	0.001413	-1.89586	-5.44494	
1415	0.001414	-1.82595	-5.35917	
1416	0.001415	-2.02944	-5.20982	
1417	0.001416	-1.90633	-5.29863	
1418	0.001417	-1.99086	-5.48612	
1419	0.001418	-2.03226	-5.38768	
1420	0.001419	-2.03528	-5.3968	
1421	0.00142	-2.06104	-5.29069	
1422	0.001421	-1.79345	-5.42665	
1423	0.001422	-1.84009	-5.54543	
1424	0.001423	-1.94259	-5.35158	
1425	0.001424	-2.0577	-5.27192	
1426	0.001425	-1.9432	-5.40899	
1427	0.001426	-2.06764	-5.23694	
1428	0.001427	-2.12233	-5.14739	
1429	0.001428	-2.36398	-5.09058	
1430	0.001429	-1.92234	-5.42229	
1431	0.00143	-1.87589	-5.5103	
1432	0.001431	-2.0995	-5.19803	
1433	0.001432	-1.73923	-5.51471	
1434	0.001433	-1.96944	-5.2903	
1435	0.001434	-1.71371	-5.52783	
1436	0.001435	-1.77089	-5.36918	
1437	0.001436	-1.68079	-5.52255	
1438	0.001437	-1.67877	-5.51568	
1439	0.001438	-1.79188	-5.39988	
1440	0.001439	-1.89633	-5.34562	
1441	0.00144	-1.89397	-5.33089	
1442	0.001441	-2.04942	-5.30025	
1443	0.001442	-2.15234	-5.16279	
1444	0.001443	-1.89996	-5.25073	
1445	0.001444	-2.06304	-5.08786	
1446	0.001445	-2.13501	-5.32641	
1447	0.001446	-1.98156	-5.3807	
1448	0.001447	-2.04506	-5.33795	
1449	0.001448	-1.84768	-5.42935	
1450	0.001449	-1.99147	-5.36618	
1451	0.00145	-2.07841	-5.3392	
1452	0.001451	-2.11696	-5.34261	
1453	0.001452	-2.06428	-5.19382	
1454	0.001453	-1.99453	-5.22339	
1455	0.001454	-1.9895	-5.31707	
1456	0.001455	-1.99935	-5.24345	
1457	0.001456	-1.8413	-5.37727	
1458	0.001457	-1.91238	-5.45015	
1459	0.001458	-2.09671	-5.33795	
1460	0.001459	-1.974	-5.38337	
1461	0.00146	-2.04095	-5.14528	
1462	0.001461	-1.88923	-5.33096	
1463	0.001462	-1.99263	-5.22603	
1464	0.001463	-1.99551	-5.27038	
1465	0.001464	-1.90999	-5.33166	
1466	0.001465	-1.93605	-5.19618	
1467	0.001466	-1.92584	-5.08474	
1468	0.001467	-2.1415	-4.90147	
1469	0.001468	-2.01902	-5.19053	
1470	0.001469	-2.01792	-5.25115	
1471	0.00147	-1.86386	-5.38261	
1472	0.001471	-2.05837	-5.22173	
1473	0.001472	-1.87611	-5.37466	
1474	0.001473	-1.85875	-5.24423	
1475	0.001474	-1.89556	-5.18578	
1476	0.001475	-2.17425	-5.1625	
1477	0.001476	-1.97624	-5.2898	
1478	0.001477	-1.92107	-5.3609	
1479	0.001478	-1.93493	-5.25527	
1480	0.001479	-2.22601	-5.08401	
1481	0.00148	-2.13839	-5.01471	
1482	0.001481	-1.96467	-5.25765	
1483	0.001482	-1.72458	-5.35934	
1484	0.001483	-1.83217	-5.21669	
1485	0.001484	-1.90893	-5.09741	
1486	0.001485	-1.89583	-5.11145	
1487	0.001486	-1.63242	-5.27075	
1488	0.001487	-1.96773	-4.97006	
1489	0.001488	-1.71339	-5.16827	
1490	0.001489	-1.81209	-5.03062	
1491	0.00149	-1.70507	-5.12638	
1492	0.001491	-1.69312	-5.12358	
1493	0.001492	-1.70233	-4.99329	
1494	0.001493	-1.86022	-4.79023	
1495	0.001494	-1.67654	-4.97338	
1496	0.001495	-1.66464	-5.01629	
1497	0.001496	-1.8273	-4.98181	
1498	0.001497	-1.88803	-4.9414	
1499	0.001498	-1.72293	-5.10101	
1500	0.001499	-1.78791	-5.02423	
1501	0.0015	-1.76827	-5.04066	
1502	0.001501	-1.92688	-5.03861	
1503	0.001502	-1.86664	-5.11481	
1504	0.001503	-1.75364	-5.20417	
1505	0.001504	-1.63447	-5.24658	
1506	0.001505	-1.64994	-5.1455	
1507	0.001506	-1.60387	-5.16297	
1508	0.001507	-1.71532	-5.03784	
1509	0.001508	-1.54301	-5.19403	
1510	0.001509	-1.78173	-4.92031	
1511	0.00151	-1.57384	-5.04268	
1512	0.001511	-1.56104	-4.98449	
1513	0.001512	-1.53826	-4.95309	
1514	0.001513	-1.51032	-4.96536	
1515	0.001514	-1.55003	-4.95821	
1516	0.001515	-1.46583	-5.10909	
1517	0.001516	-1.43247	-4.90331	
1518	0.001517	-1.6159	-4.88762	
1519	0.001518	-1.67622	-4.92682	
1520	0.001519	-1.69756	-4.83468	
1521	0.00152	-1.79645	-4.65359	
1522	0.001521	-1.54419	-4.87855	
1523	0.001522	-1.47573	-4.9166	
1524	0.001523	-1.45833	-4.91487	
1525	0.001524	-1.5613	-4.85186	
1526	0.001525	-1.3706	-4.85943	
1527	0.001526	-1.32098	-4.92871	
1528	0.001527	-1.38605	-4.72382	
1529	0.001528	-1.31052	-4.85937	
1530	0.001529	-1.23446	-4.78719	
1531	0.00153	-1.18946	-4.86772	
1532	0.001531	-1.22406	-4.68835	
1533	0.001532	-1.30302	-4.5835	
1534	0.001533	-1.33454	-4.57285	
1535	0.001534	-1.40327	-4.42245	
1536	0.001535	-1.72086	-4.1166	
1537	0.001536	-1.56529	-4.12994	
1538	0.001537	-1.64529	-4.18521	
1539	0.001538	-1.65271	-4.14902	
1540	0.001539	-1.58439	-4.20645	
1541	0.00154	-1.63714	-4.20774	
1542	0.001541	-1.75714	-4.04116	
1543	0.001542	-1.71756	-4.03666	
1544	0.001543	-1.74553	-4.02236	
1545	0.001544	-1.44308	-4.36889	
1546	0.001545	-1.76476	-4.16222	
1547	0.001546	-1.61951	-4.14939	
1548	0.001547	-1.84475	-3.9348	
1549	0.001548	-1.56759	-4.24345	
1550	0.001549	-1.40365	-4.30796	
1551	0.00155	-1.54926	-4.16534	
1552	0.001551	-1.83621	-3.96766	
1553	0.001552	-1.35551	-4.39974	
1554	0.001553	-1.49566	-4.1377	
1555	0.001554	-1.69499	-4.33637	
1556	0.001555	-1.49873	-4.42846	
1557	0.001556	-1.43947	-4.40143	
1558	0.001557	-1.89139	-3.9455	
1559	0.001558	-1.56425	-4.16796	
1560	0.001559	-1.62117	-4.12221	
1561	0.00156	-1.44759	-4.15096	
1562	0.001561	-2.22	-3.62142	
1563	0.001562	-1.54022	-4.10397	
1564	0.001563	-1.79811	-3.81924	
1565	0.001564	-1.48071	-4.07691	
1566	0.001565	-1.29696	-4.17776	
1567	0.001566	-1.68332	-3.86882	
1568	0.001567	-1.58293	-3.96151	
1569	0.001568	-1.7819	-3.7637	
1570	0.001569	-1.66821	-3.86401	
1571	0.00157	-1.59719	-3.91045	
1572	0.001571	-1.59342	-3.83022	
1573	0.001572	-1.46637	-3.90231	
1574	0.001573	-1.81911	-3.54029	
1575	0.001574	-1.4351	-3.89383	
1576	0.001575	-1.32872	-3.94212	
1577	0.001576	-1.42324	-3.78455	
1578	0.001577	-1.99491	-3.26019	
1579	0.001578	-1.79652	-3.55729	
1580	0.001579	-1.4072	-3.8473	
1581	0.00158	-1.54894	-3.61737	
1582	0.001581	-1.38774	-3.67369	
1583	0.001582	-1.70646	-3.37492	
1584	0.001583	-1.56387	-3.51158	
1585	0.001584	-1.26748	-3.78352	
1586	0.001585	-1.5044	-3.4555	
1587	0.001586	-1.53199	-3.53924	
1588	0.001587	-1.57772	-3.49232	
1589	0.001588	-1.49668	-3.42053	
1590	0.001589	-1.32317	-3.57712	
1591	0.00159	-1.353	-3.55514	
1592	0.001591	-1.31459	-3.58551	
1593	0.001592	-1.25492	-3.46975	
1594	0.001593	-1.35228	-3.30423	
1595	0.001594	-1.49683	-3.10309	
1596	0.001595	-1.20253	-3.49903	
1597	0.001596	-1.41938	-3.32469	
1598	0.001597	-1.22267	-3.34371	
1599	0.001598	-1.22776	-3.31255	
1600	0.001599	-1.19184	-3.28452	
1601	0.0016	-1.07053	-3.43842	
1602	0.001601	-1.17551	-3.2619	
1603	0.001602	-1.56554	-2.92622	
1604	0.001603	-1.1446	-3.63474	
1605	0.001604	-1.19357	-3.3836	
1606	0.001605	-1.34887	-3.42396	
1607	0.001606	-1.3225	-3.30138	
1608	0.001607	-1.13804	-3.35868	
1609	0.001608	-1.05039	-3.3695	
1610	0.001609	-1.48386	-2.92078	
1611	0.00161	-1.18049	-3.18389	
1612	0.001611	-1.37306	-3.02264	
1613	0.001612	-1.31164	-3.07038	
1614	0.001613	-1.32072	-3.02885	
1615	0.001614	-1.1382	-3.21804	
1616	0.001615	-1.09386	-3.2055	
1617	0.001616	-1.22903	-2.99315	
1618	0.001617	-0.972598	-3.16745	
1619	0.001618	-1.40154	-2.78975	
1620	0.001619	-1.02623	-3.00643	
1621	0.00162	-1.07266	-2.95301	
1622	0.001621	-1.50079	-2.6879	
1623	0.001622	-1.04513	-3.06164	
1624	0.001623	-1.02932	-3.04496	
1625	0.001624	-1.22133	-2.81622	
1626	0.001625	-1.21548	-2.80794	
1627	0.001626	-0.961693	-3.11177	
1628	0.001627	-1.09225	-2.93315	
1629	0.001628	-0.921132	-3.03734	
1630	0.001629	-1.26744	-2.78688	
1631	0.00163	-1.00959	-2.96333	
1632	0.001631	-1.30875	-2.70953	
1633	0.001632	-1.22173	-2.81362	
1634	0.001633	-1.28333	-2.69104	
1635	0.001634	-1.1193	-2.80697	
1636	0.001635	-1.44866	-2.53427	
1637	0.001636	-1.24066	-2.67885	
1638	0.001637	-1.02821	-2.80233	
1639	0.001638	-1.17966	-2.6487	
1640	0.001639	-1.4195	-2.42619	
1641	0.00164	-1.13929	-2.69218	
1642	0.001641	-1.29652	-2.53607	
1643	0.001642	-0.923082	-2.79	
1644	0.001643	-1.08997	-2.65073	
1645	0.001644	-1.18302	-2.44999	
1646	0.001645	-1.23246	-2.42538	
1647	0.001646	-1.007	-2.62628	
1648	0.001647	-1.43878	-2.22542	
1649	0.001648	-1.45339	-2.22461	
1650	0.001649	-1.22009	-2.47591	
1651	0.00165	-1.21041	-2.44573	
1652	0.001651	-1.05653	-2.57618	
1653	0.001652	-1.16162	-2.46555	
1654	0.001653	-1.25587	-2.39752	
1655	0.001654	-1.13903	-2.53432	
1656	0.001655	-1.17573	-2.42732	
1657	0.001656	-1.5284	-2.15532	
1658	0.001657	-1.07809	-2.52354	
1659	0.001658	-1.48019	-2.15088	
1660	0.001659	-1.06146	-2.64932	
1661	0.00166	-1.28988	-2.33519	
1662	0.001661	-0.999325	-2.67974	
1663	0.001662	-1.03103	-2.56229	
1664	0.001663	-1.24614	-2.30296	
1665	0.001664	-1.12902	-2.48135	
1666	0.001665	-1.13498	-2.44522	
1667	0.001666	-0.811851	-2.73364	
1668	0.001667	-1.21832	-2.24851	
1669	0.001668	-0.945437	-2.58293	
1670	0.001669	-1.27551	-2.2525	
1671	0.00167	-1.35243	-2.19513	
1672	0.001671	-0.944346	-2.55653	
1673	0.001672	-1.04451	-2.45058	
1674	0.001673	-1.30255	-2.3113	
1675	0.001674	-1.21196	-2.28277	
1676	0.001675	-0.908902	-2.5208	
1677	0.001676	-0.876795	-2.51701	
1678	0.001677	-0.982609	-2.46714	
1679	0.001678	-1.09205	-2.29244	
1680	0.001679	-1.14222	-2.20394	
1681	0.00168	-0.94481	-2.56361	
1682	0.001681	-1.06553	-2.37182	
1683	0.001682	-1.15049	-2.20313	
1684	0.001683	-1.3648	-2.11088	
1685	0.001684	-1.13211	-2.32172	
1686	0.001685	-1.33926	-2.10736	
1687	0.001686	-1.1383	-2.47983	
1688	0.001687	-1.39752	-2.20032	
1689	0.001688	-1.20785	-2.3766	
1690	0.001689	-1.24971	-2.34004	
1691	0.00169	-1.19218	-2.38123	
1692	0.001691	-1.21603	-2.3724	
1693	0.001692	-1.18735	-2.43866	
1694	0.001693	-1.27951	-2.28222	
1695	0.001694	-0.989654	-2.49991	
1696	0.001695	-1.0002	-2.4386	
1697	0.001696	-1.25184	-2.29977	
1698	0.001697	-1.16755	-2.43356	
1699	0.001698	-1.11447	-2.40719	
1700	0.001699	-1.32844	-2.33778	
1701	0.0017	-1.2413	-2.48764	
1702	0.001701	-1.39149	-2.39167	
1703	0.001702	-1.177	-2.61107	
1704	0.001703	-1.09204	-2.73132	
1705	0.001704	-0.958626	-2.82349	
1706	0.001705	-1.00508	-2.68963	
1707	0.001706	-1.0078	-2.71153	
1708	0.001707	-0.866222	-2.78885	
1709	0.001708	-1.18501	-2.39204	
1710	0.001709	-1.01031	-2.63458	
1711	0.00171	-0.884718	-2.67167	
1712	0.001711	-1.56553	-2.32522	
1713	0.001712	-1.20928	-2.73267	
1714	0.001713	-1.22583	-2.69006	
1715	0.001714	-1.1883	-2.73547	
1716	0.001715	-1.44146	-2.40268	
1717	0.001716	-1.16782	-2.58038	
1718	0.001717	-1.32877	-2.38429	
1719	0.001718	-1.33677	-2.42052	
1720	0.001719	-1.02024	-2.69591	
1721	0.00172	-1.28798	-2.43137	
1722	0.001721	-1.61726	-2.13562	
1723	0.001722	-1.45575	-2.31949	
1724	0.001723	-1.19747	-2.55977	
1725	0.001724	-1.32551	-2.47869	
1726	0.001725	-1.19982	-2.66648	
1727	0.001726	-1.40537	-2.38428	
1728	0.001727	-1.3121	-2.50607	
1729	0.001728	-1.21183	-2.72863	
1730	0.001729	-1.45635	-2.42449	
1731	0.00173	-1.2466	-2.6345	
1732	0.001731	-1.26315	-2.5849	
1733	0.001732	-1.2465	-2.61191	
1734	0.001733	-1.10452	-2.62644	
1735	0.001734	-1.19856	-2.55792	
1736	0.001735	-1.48594	-2.34065	
1737	0.001736	-1.07559	-2.69263	
1738	0.001737	-1.57365	-2.28406	
1739	0.001738	-1.44774	-2.48637	
1740	0.001739	-1.28975	-2.54274	
1741	0.00174	-1.20871	-2.61703	
1742	0.001741	-1.11144	-2.73135	
1743	0.001742	-1.10804	-2.77225	
1744	0.001743	-1.53738	-2.38177	
1745	0.001744	-1.70285	-2.39468	
1746	0.001745	-1.61054	-2.5514	
1747	0.001746	-1.64136	-2.56029	
1748	0.001747	-1.39769	-2.77968	
1749	0.001748	-1.32346	-2.78302	
1750	0.001749	-1.284	-2.96358	
1751	0.00175	-1.34327	-2.94708	
1752	0.001751	-1.53677	-2.76993	
1753	0.001752	-1.49586	-2.75649	
1754	0.001753	-1.4615	-2.80882	
1755	0.001754	-1.07339	-3.12243	
1756	0.001755	-1.35427	-2.83587	
1757	0.001756	-1.2915	-2.77721	
1758	0.001757	-1.5222	-2.65705	
1759	0.001758	-1.4957	-2.64285	
1760	0.001759	-1.23342	-2.89003	
1761	0.00176	-1.02102	-2.96598	
1762	0.001761	-1.50585	-2.44564	
1763	0.001762	-1.41651	-2.48062	
1764	0.001763	-1.49289	-2.61679	
1765	0.001764	-1.4661	-2.96897	
1766	0.001765	-1.81297	-2.70101	
1767	0.001766	-1.38281	-3.13011	
1768	0.001767	-1.33951	-3.04444	
1769	0.001768	-1.66165	-2.63116	
1770	0.001769	-1.26096	-3.00514	
1771	0.00177	-1.36448	-2.83069	
1772	0.001771	-1.45509	-2.74657	
1773	0.001772	-1.52081	-2.61443	
1774	0.001773	-1.74169	-2.44444	
1775	0.001774	-1.40169	-2.89258	
1776	0.001775	-1.56933	-2.74716	
1777	0.001776	-1.38403	-2.89	
1778	0.001777	-1.64394	-2.60696	
1779	0.001778	-1.57344	-2.78014	
1780	0.001779	-1.4855	-2.93668	
1781	0.00178	-1.48757	-2.92593	
1782	0.001781	-1.50384	-2.93881	
1783	0.001782	-1.35077	-3.03586	
1784	0.001783	-1.61221	-2.74528	
1785	0.001784	-1.6461	-2.77345	
1786	0.001785	-1.63252	-2.80939	
1787	0.001786	-1.6048	-2.80969	
1788	0.001787	-1.43832	-3.03969	
1789	0.001788	-1.39948	-3.07489	
1790	0.001789	-1.36494	-3.03778	
1791	0.00179	-1.35516	-3.05987	
1792	0.001791	-1.48403	-2.91657	
1793	0.001792	-1.72491	-2.70448	
1794	0.001793	-1.33262	-3.09584	
1795	0.001794	-1.49909	-2.87785	
1796	0.001795	-1.55287	-2.89	
1797	0.001796	-1.46255	-2.9693	
1798	0.001797	-1.35321	-3.06381	
1799	0.001798	-1.15555	-3.23428	
1800	0.001799	-1.19606	-3.16135	
1801	0.0018	-1.22638	-3.08899	
1802	0.001801	-1.32856	-3.0443	
1803	0.001802	-1.46374	-2.93536	
1804	0.001803	-1.69177	-2.76736	
1805	0.001804	-1.3827	-3.09283	
1806	0.001805	-1.25592	-3.17264	
1807	0.001806	-1.66726	-2.78116	
1808	0.001807	-1.22014	-3.26655	
1809	0.001808	-1.43698	-3.05485	
1810	0.001809	-1.67687	-2.94999	
1811	0.00181	-1.47615	-3.18453	
1812	0.001811	-1.78563	-2.84579	
1813	0.001812	-1.64019	-2.95877	
1814	0.001813	-1.32974	-3.13754	
1815	0.001814	-1.54819	-2.95968	
1816	0.001815	-1.4364	-3.06254	
1817	0.001816	-1.44217	-3.06137	
1818	0.001817	-1.17368	-3.33846	
1819	0.001818	-1.49034	-3.09103	
1820	0.001819	-1.45754	-3.16107	
1821	0.00182	-1.43059	-3.23127	
1822	0.001821	-1.50797	-3.2472	
1823	0.001822	-1.51322	-3.11938	
1824	0.001823	-1.46922	-3.27666	
1825	0.001824	-1.38584	-3.28732	
1826	0.001825	-1.5384	-3.19297	
1827	0.001826	-1.28515	-3.41124	
1828	0.001827	-1.23232	-3.45354	
1829	0.001828	-1.48874	-3.22824	
1830	0.001829	-1.47779	-3.21112	
1831	0.00183	-1.42769	-3.21302	
1832	0.001831	-1.41822	-3.23571	
1833	0.001832	-1.53274	-3.16424	
1834	0.001833	-1.40563	-3.34148	
1835	0.001834	-1.31351	-3.35404	
1836	0.001835	-1.3341	-3.30117	
1837	0.001836	-1.44779	-3.23992	
1838	0.001837	-1.55864	-3.19846	
1839	0.001838	-1.49674	-3.26378	
1840	0.001839	-1.43955	-3.38505	
1841	0.00184	-1.66305	-3.09481	
1842	0.001841	-1.45423	-3.27971	
1843	0.001842	-1.51539	-3.40989	
1844	0.001843	-1.5698	-3.29714	
1845	0.001844	-1.71454	-3.28576	
1846	0.001845	-1.59906	-3.35506	
1847	0.001846	-1.44716	-3.58595	
1848	0.001847	-1.32256	-3.52822	
1849	0.001848	-1.38224	-3.57769	
1850	0.001849	-1.64391	-3.28126	
1851	0.00185	-1.75831	-3.26987	
1852	0.001851	-1.63307	-3.54402	
1853	0.001852	-1.73074	-3.45019	
1854	0.001853	-1.74067	-3.33441	
1855	0.001854	-1.67329	-3.4308	
1856	0.001855	-1.73128	-3.32602	
1857	0.001856	-1.58882	-3.47858	
1858	0.001857	-1.71901	-3.4888	
1859	0.001858	-1.65932	-3.54219	
1860	0.001859	-1.67415	-3.56671	
1861	0.00186	-1.73796	-3.47445	
1862	0.001861	-1.55378	-3.62302	
1863	0.001862	-1.56999	-3.51417	
1864	0.001863	-1.47916	-3.70857	
1865	0.001864	-1.69907	-3.52614	
1866	0.001865	-1.65818	-3.57703	
1867	0.001866	-1.60887	-3.55497	
1868	0.001867	-1.64708	-3.62925	
1869	0.001868	-1.39699	-3.85566	
1870	0.001869	-1.67263	-3.68836	
1871	0.00187	-1.50689	-3.77144	
1872	0.001871	-1.52844	-3.80338	
1873	0.001872	-1.51477	-3.87692	
1874	0.001873	-1.77761	-3.60611	
1875	0.001874	-1.91523	-3.50264	
1876	0.001875	-1.59812	-3.71124	
1877	0.001876	-1.59482	-3.69318	
1878	0.001877	-1.42376	-3.86185	
1879	0.001878	-1.26977	-3.92915	
1880	0.001879	-1.80785	-3.55713	
1881	0.00188	-1.70059	-3.57748	
1882	0.001881	-1.5596	-3.67204	
1883	0.001882	-1.66487	-3.65311	
1884	0.001883	-1.83646	-3.48251	
1885	0.001884	-1.63772	-3.61436	
1886	0.001885	-1.51027	-3.74372	
1887	0.001886	-1.35214	-3.85864	
1888	0.001887	-1.36503	-3.83068	
1889	0.001888	-1.42486	-3.75954	
1890	0.001889	-1.53528	-3.61012	
1891	0.00189	-1.67068	-3.57879	
1892	0.001891	-1.70841	-3.58705	
1893	0.001892	-1.56085	-3.79691	
1894	0.001893	-1.54859	-3.82509	
1895	0.001894	-1.46848	-3.81796	
1896	0.001895	-1.52385	-3.81155	
1897	0.001896	-1.74007	-3.66373	
1898	0.001897	-1.67577	-3.66322	
1899	0.001898	-2.02425	-3.46994	
1900	0.001899	-1.81283	-4.01882	
1901	0.0019	-2.04066	-3.82144	
1902	0.001901	-1.71979	-4.24841	
1903	0.001902	-1.68156	-4.24949	
1904	0.001903	-1.72463	-4.18161	
1905	0.001904	-1.52093	-4.3817	
1906	0.001905	-1.5059	-4.27205	
1907	0.001906	-1.58012	-4.14856	
1908	0.001907	-1.69887	-4.04558	
1909	0.001908	-1.71722	-3.97791	
1910	0.001909	-1.45646	-4.26036	
1911	0.00191	-1.62867	-4.14019	
1912	0.001911	-1.74042	-4.00495	
1913	0.001912	-1.89241	-3.88997	
1914	0.001913	-1.63193	-4.07719	
1915	0.001914	-1.92424	-3.92754	
1916	0.001915	-1.72166	-4.15849	
1917	0.001916	-1.54997	-4.31376	
1918	0.001917	-1.57752	-4.18177	
1919	0.001918	-1.59567	-4.17857	
1920	0.001919	-1.50685	-4.2729	
1921	0.00192	-1.5479	-4.22114	
1922	0.001921	-1.57947	-4.11839	
1923	0.001922	-1.60241	-3.9927	
1924	0.001923	-1.62985	-4.03968	
1925	0.001924	-1.91975	-3.7489	
1926	0.001925	-1.82061	-3.85144	
1927	0.001926	-1.69248	-3.98431	
1928	0.001927	-1.53196	-4.23736	
1929	0.001928	-1.57373	-4.118	
1930	0.001929	-1.85282	-3.98692	
1931	0.00193	-1.61233	-4.09806	
1932	0.001931	-1.98851	-3.91337	
1933	0.001932	-1.65894	-4.26035	
