CompteurTemps	Temps	Cx0	Cy0	
1	0	-207.205	51.1013	
2	1e-06	-84.1564	0.890008	
3	2e-06	-23.8278	-56.3833	
4	3e-06	-16.4601	-52.5411	
5	4e-06	-14.591	-46.0974	
6	5e-06	-12.1318	-40.7769	
7	6e-06	-10.5448	-35.7896	
8	7e-06	-9.94474	-31.85	
9	8e-06	-9.1038	-28.5531	
10	9e-06	-7.95918	-25.6719	
11	1e-05	-7.63001	-22.8954	
12	1.1e-05	-6.78988	-20.5065	
13	1.2e-05	-6.81637	-18.1373	
14	1.3e-05	-6.34601	-16.4129	
15	1.4e-05	-5.7026	-14.7094	
16	1.5e-05	-5.41744	-13.5235	
17	1.6e-05	-4.60489	-12.5851	
18	1.7e-05	-4.47961	-11.1877	
19	1.8e-05	-4.17213	-10.3389	
20	1.9e-05	-3.78473	-9.51261	
21	2e-05	-3.41093	-8.98761	
22	2.1e-05	-3.54653	-8.00922	
23	2.2e-05	-3.50255	-7.25738	
24	2.3e-05	-3.25099	-6.90045	
25	2.4e-05	-2.9895	-6.49619	
26	2.5e-05	-2.8659	-6.06778	
27	2.6e-05	-2.63355	-5.84631	
28	2.7e-05	-2.4158	-5.48077	
29	2.8e-05	-2.31197	-5.26336	
30	2.9e-05	-2.14749	-4.93015	
31	3e-05	-2.22628	-4.49124	
32	3.1e-05	-2.53864	-4.24104	
33	3.2e-05	-2.34703	-4.30449	
34	3.3e-05	-2.1978	-4.17948	
35	3.4e-05	-2.05602	-3.9484	
36	3.5e-05	-2.04595	-3.77664	
37	3.6e-05	-2.01857	-3.65579	
38	3.7e-05	-1.94804	-3.62024	
39	3.8e-05	-2.43596	-3.34704	
40	3.9e-05	-2.05539	-3.43446	
41	4e-05	-1.56248	-3.63271	
42	4.1e-05	-1.77667	-3.33827	
43	4.2e-05	-1.43658	-3.48535	
44	4.3e-05	-1.98774	-3.07423	
45	4.4e-05	-1.64388	-3.3446	
46	4.5e-05	-1.78969	-3.30263	
47	4.6e-05	-1.75879	-3.22649	
48	4.7e-05	-1.89402	-3.01738	
49	4.8e-05	-1.75263	-3.11031	
50	4.9e-05	-1.6687	-3.20489	
51	5e-05	-1.90745	-2.82677	
52	5.1e-05	-1.82946	-2.89397	
53	5.2e-05	-1.89326	-2.88114	
54	5.3e-05	-1.85038	-2.87465	
55	5.4e-05	-1.91702	-2.79521	
56	5.5e-05	-1.8121	-2.85151	
57	5.6e-05	-1.68998	-2.95247	
58	5.7e-05	-1.69867	-2.89833	
59	5.8e-05	-1.91474	-2.68791	
60	5.9e-05	-1.57914	-2.87302	
61	6e-05	-1.49071	-3.0236	
62	6.1e-05	-1.55005	-2.93024	
63	6.2e-05	-1.88898	-2.58392	
64	6.3e-05	-1.48168	-2.98749	
65	6.4e-05	-1.46559	-2.94361	
66	6.5e-05	-1.85265	-2.69478	
67	6.6e-05	-1.40471	-3.03352	
68	6.7e-05	-1.49615	-2.95442	
69	6.8e-05	-1.4215	-3.0178	
70	6.9e-05	-1.54211	-2.86448	
71	7e-05	-1.43003	-2.81036	
72	7.1e-05	-1.55262	-2.78486	
73	7.2e-05	-1.34796	-2.96287	
74	7.3e-05	-1.329	-2.90235	
75	7.4e-05	-1.40207	-2.7506	
76	7.5e-05	-1.40769	-2.79049	
77	7.6e-05	-1.4701	-2.7343	
78	7.7e-05	-1.74757	-2.51493	
79	7.8e-05	-1.29884	-2.86578	
80	7.9e-05	-1.52877	-2.79967	
81	8e-05	-1.55503	-2.78235	
82	8.1e-05	-1.68577	-2.7046	
83	8.2e-05	-1.59185	-2.73376	
84	8.3e-05	-1.35057	-3.00614	
85	8.4e-05	-1.58069	-2.75441	
86	8.5e-05	-1.41454	-3.01446	
87	8.6e-05	-1.47263	-3.05752	
88	8.7e-05	-1.77	-2.74127	
89	8.8e-05	-1.42343	-3.01567	
90	8.9e-05	-1.3888	-2.94353	
91	9e-05	-1.6383	-2.7097	
92	9.1e-05	-1.75801	-2.62207	
93	9.2e-05	-1.73578	-2.66741	
94	9.3e-05	-1.64241	-2.8367	
95	9.4e-05	-1.52535	-2.98868	
96	9.5e-05	-1.79962	-2.84723	
97	9.6e-05	-1.82671	-2.79675	
98	9.7e-05	-1.37684	-3.08426	
99	9.8e-05	-1.61101	-2.8806	
100	9.9e-05	-1.39916	-3.06871	
101	0.0001	-1.31577	-3.0013	
102	0.000101	-1.44764	-2.83452	
103	0.000102	-1.62207	-2.87043	
104	0.000103	-1.76482	-2.78247	
105	0.000104	-1.60057	-2.99959	
106	0.000105	-1.73767	-2.99892	
107	0.000106	-1.58178	-3.45857	
108	0.000107	-1.35711	-3.53461	
109	0.000108	-1.52054	-3.21617	
110	0.000109	-1.51929	-3.23702	
111	0.00011	-1.59802	-3.16315	
112	0.000111	-1.5186	-3.10752	
113	0.000112	-1.29201	-3.22748	
114	0.000113	-1.32867	-3.1763	
115	0.000114	-1.37259	-3.11322	
116	0.000115	-1.47348	-2.96913	
117	0.000116	-1.70809	-2.79377	
118	0.000117	-1.47286	-2.97374	
119	0.000118	-1.51712	-2.90458	
120	0.000119	-1.68144	-2.76825	
121	0.00012	-1.58957	-2.82109	
122	0.000121	-1.71391	-2.68541	
123	0.000122	-1.71352	-2.80308	
124	0.000123	-1.40426	-3.11751	
125	0.000124	-1.52111	-2.94497	
126	0.000125	-1.2238	-3.12806	
127	0.000126	-1.45429	-2.9509	
128	0.000127	-1.226	-3.08266	
129	0.000128	-1.55095	-2.88393	
130	0.000129	-1.54552	-2.88126	
131	0.00013	-1.63735	-2.78965	
132	0.000131	-1.58855	-2.92838	
133	0.000132	-1.72672	-2.76799	
134	0.000133	-1.39023	-3.07975	
135	0.000134	-1.51143	-3.00509	
136	0.000135	-1.56185	-2.94922	
137	0.000136	-1.49715	-3.01932	
138	0.000137	-1.35396	-3.06864	
139	0.000138	-1.48227	-2.9346	
140	0.000139	-1.65837	-2.94231	
141	0.00014	-1.41673	-3.15042	
142	0.000141	-1.39016	-3.04044	
143	0.000142	-1.25655	-3.06501	
144	0.000143	-1.40445	-2.93043	
145	0.000144	-1.40823	-2.91288	
146	0.000145	-1.48833	-2.88632	
147	0.000146	-1.45022	-3.00309	
148	0.000147	-1.49882	-2.92404	
149	0.000148	-1.52071	-2.94434	
150	0.000149	-1.37731	-3.09316	
151	0.00015	-1.78917	-2.79536	
152	0.000151	-1.47624	-2.99329	
153	0.000152	-1.38121	-2.99336	
154	0.000153	-1.4329	-2.95545	
155	0.000154	-1.52161	-2.97614	
156	0.000155	-1.33871	-3.10103	
157	0.000156	-1.28132	-3.16976	
158	0.000157	-1.35369	-3.10425	
159	0.000158	-1.35973	-3.0857	
160	0.000159	-1.53965	-2.96999	
161	0.00016	-1.90447	-2.71042	
162	0.000161	-1.31538	-3.18078	
163	0.000162	-1.59236	-2.85206	
164	0.000163	-1.55382	-2.89568	
165	0.000164	-1.52232	-2.87205	
166	0.000165	-1.20364	-3.1645	
167	0.000166	-1.42938	-2.92386	
168	0.000167	-1.35699	-2.92308	
169	0.000168	-1.58825	-2.83136	
170	0.000169	-1.29188	-3.06428	
171	0.00017	-1.45095	-2.93806	
172	0.000171	-1.17056	-3.16145	
173	0.000172	-1.23655	-3.13845	
174	0.000173	-1.46517	-3.00932	
175	0.000174	-1.45987	-3.00841	
176	0.000175	-1.17963	-3.12905	
177	0.000176	-1.36347	-2.88999	
178	0.000177	-1.09028	-3.1027	
179	0.000178	-1.39549	-2.85553	
180	0.000179	-1.26816	-3.06333	
181	0.00018	-1.14316	-3.11428	
182	0.000181	-1.15838	-3.01696	
183	0.000182	-1.31304	-2.94635	
184	0.000183	-1.29092	-2.94652	
185	0.000184	-1.35772	-2.90818	
186	0.000185	-1.70389	-2.79634	
187	0.000186	-1.53763	-2.92293	
188	0.000187	-1.69077	-2.80144	
189	0.000188	-1.44624	-3.04939	
190	0.000189	-1.33459	-3.03519	
191	0.00019	-1.17133	-3.11877	
192	0.000191	-1.64838	-2.72353	
193	0.000192	-1.33956	-3.0184	
194	0.000193	-1.2075	-3.07035	
195	0.000194	-1.19422	-3.21583	
196	0.000195	-1.41135	-3.04275	
197	0.000196	-1.43896	-3.0225	
198	0.000197	-1.3191	-3.06839	
199	0.000198	-1.456	-2.82616	
200	0.000199	-1.27418	-2.98589	
201	0.0002	-1.50048	-2.84726	
202	0.000201	-1.524	-2.85685	
203	0.000202	-1.14644	-3.23862	
204	0.000203	-1.37632	-2.98145	
205	0.000204	-1.40031	-3.0639	
206	0.000205	-1.18025	-3.26199	
207	0.000206	-1.33822	-3.11259	
208	0.000207	-1.39156	-3.05791	
209	0.000208	-1.18327	-3.19013	
210	0.000209	-1.28252	-3.07678	
211	0.00021	-1.27019	-2.95902	
212	0.000211	-1.4009	-2.94779	
213	0.000212	-1.23374	-3.12396	
214	0.000213	-1.45625	-2.98517	
215	0.000214	-1.29232	-3.0583	
216	0.000215	-1.20512	-3.15621	
217	0.000216	-1.67331	-2.69923	
218	0.000217	-1.24679	-3.14375	
219	0.000218	-1.12339	-3.12628	
220	0.000219	-1.12708	-3.1631	
221	0.00022	-1.01468	-3.28747	
222	0.000221	-1.18743	-3.1095	
223	0.000222	-1.33602	-2.97542	
224	0.000223	-1.35095	-2.98794	
225	0.000224	-1.20472	-3.11222	
226	0.000225	-1.25184	-3.07378	
227	0.000226	-1.25315	-3.12156	
228	0.000227	-1.25465	-3.01682	
229	0.000228	-1.40223	-2.9977	
230	0.000229	-1.37141	-2.94023	
231	0.00023	-1.15886	-3.07351	
232	0.000231	-1.1928	-3.01232	
233	0.000232	-1.13179	-3.14227	
234	0.000233	-1.05907	-3.21344	
235	0.000234	-1.0964	-3.1832	
236	0.000235	-1.1008	-3.13341	
237	0.000236	-1.34391	-2.93371	
238	0.000237	-1.48547	-2.91981	
239	0.000238	-1.11644	-3.22306	
240	0.000239	-1.24139	-3.06878	
241	0.00024	-0.990191	-3.18871	
242	0.000241	-1.06517	-3.17271	
243	0.000242	-1.24917	-3.05563	
244	0.000243	-1.34641	-2.94421	
245	0.000244	-1.34468	-3.03452	
246	0.000245	-1.41201	-2.93649	
247	0.000246	-1.25381	-3.03819	
248	0.000247	-1.35286	-2.89671	
249	0.000248	-1.05607	-3.15556	
250	0.000249	-1.36256	-2.95034	
251	0.00025	-1.12722	-2.97108	
252	0.000251	-1.29692	-3.05987	
253	0.000252	-1.1709	-3.21845	
254	0.000253	-1.10048	-3.02345	
255	0.000254	-1.43008	-2.9633	
256	0.000255	-1.44562	-2.99314	
257	0.000256	-1.31344	-3.09679	
258	0.000257	-1.22977	-3.09535	
259	0.000258	-1.20513	-3.05688	
260	0.000259	-1.46948	-2.84263	
261	0.00026	-1.46306	-2.88688	
262	0.000261	-1.32277	-3.01765	
263	0.000262	-1.29663	-2.9953	
264	0.000263	-1.41489	-2.90388	
265	0.000264	-1.17704	-3.08886	
266	0.000265	-1.1782	-3.13122	
267	0.000266	-1.30915	-3.00024	
268	0.000267	-0.888467	-3.34656	
269	0.000268	-1.08798	-3.12246	
270	0.000269	-1.02649	-3.15909	
271	0.00027	-1.32499	-2.94592	
272	0.000271	-1.12517	-3.01341	
273	0.000272	-1.07915	-3.01874	
274	0.000273	-1.44804	-2.74563	
275	0.000274	-1.25142	-3.06057	
276	0.000275	-1.34749	-3.01772	
277	0.000276	-1.24459	-3.10205	
278	0.000277	-1.41483	-2.88026	
279	0.000278	-1.62379	-2.84131	
280	0.000279	-1.15626	-3.24103	
281	0.00028	-1.48968	-2.97113	
282	0.000281	-1.1751	-3.24549	
283	0.000282	-1.10118	-3.3825	
284	0.000283	-1.09736	-3.26994	
285	0.000284	-1.20891	-3.31174	
286	0.000285	-1.23541	-3.45543	
287	0.000286	-1.38635	-3.363	
288	0.000287	-1.53639	-3.24725	
289	0.000288	-1.50634	-3.53686	
290	0.000289	-1.31756	-3.60365	
291	0.00029	-1.32455	-3.45785	
292	0.000291	-1.29425	-3.41505	
293	0.000292	-1.2094	-3.38318	
294	0.000293	-1.38169	-3.26104	
295	0.000294	-1.20379	-3.28239	
296	0.000295	-1.26809	-3.19242	
297	0.000296	-1.37315	-3.13884	
298	0.000297	-1.32364	-3.20433	
299	0.000298	-1.29549	-3.21058	
300	0.000299	-1.48254	-3.05497	
301	0.0003	-1.60329	-3.17325	
302	0.000301	-1.26502	-3.29965	
303	0.000302	-1.25562	-3.20321	
304	0.000303	-1.28671	-3.19683	
305	0.000304	-1.3827	-3.14568	
306	0.000305	-1.2003	-3.21092	
307	0.000306	-1.02052	-3.27461	
308	0.000307	-1.20003	-3.18349	
309	0.000308	-1.20016	-3.20003	
310	0.000309	-1.30455	-3.09789	
311	0.00031	-1.26356	-3.12609	
312	0.000311	-1.38185	-3.22493	
313	0.000312	-1.0502	-3.4098	
314	0.000313	-1.01107	-3.31036	
315	0.000314	-1.28695	-3.08713	
316	0.000315	-1.18331	-3.15458	
317	0.000316	-1.35152	-3.06068	
318	0.000317	-1.15039	-3.25224	
319	0.000318	-1.20369	-3.2417	
320	0.000319	-1.16776	-3.30237	
321	0.00032	-1.28724	-3.18995	
322	0.000321	-1.06311	-3.33949	
323	0.000322	-1.10343	-3.29634	
324	0.000323	-1.09309	-3.30357	
325	0.000324	-1.09942	-3.2434	
326	0.000325	-0.957876	-3.39292	
327	0.000326	-1.14227	-3.20896	
328	0.000327	-1.08971	-3.23236	
329	0.000328	-0.955479	-3.34613	
330	0.000329	-1.06253	-3.21104	
331	0.00033	-0.951786	-3.2865	
332	0.000331	-1.20326	-3.11096	
333	0.000332	-1.25181	-3.04473	
334	0.000333	-1.5365	-2.80619	
335	0.000334	-1.17823	-3.16001	
336	0.000335	-0.923384	-3.24795	
337	0.000336	-1.17054	-3.00276	
338	0.000337	-1.16318	-3.14748	
339	0.000338	-1.32739	-3.25393	
340	0.000339	-1.2402	-3.39965	
341	0.00034	-1.33012	-3.16375	
342	0.000341	-1.37578	-3.25415	
343	0.000342	-1.28596	-3.24635	
344	0.000343	-1.1731	-3.18249	
345	0.000344	-1.46836	-3.14346	
346	0.000345	-1.13584	-3.36457	
347	0.000346	-1.10066	-3.32679	
348	0.000347	-1.38145	-3.17106	
349	0.000348	-1.12004	-3.36912	
350	0.000349	-1.30729	-3.20889	
351	0.00035	-1.25383	-3.24652	
352	0.000351	-1.47741	-3.05069	
353	0.000352	-1.06118	-3.3738	
354	0.000353	-0.875001	-3.48969	
355	0.000354	-1.18168	-3.17491	
356	0.000355	-1.03796	-3.29475	
357	0.000356	-0.964202	-3.27227	
358	0.000357	-1.04659	-3.30682	
359	0.000358	-1.23974	-3.15229	
360	0.000359	-1.10557	-3.22151	
361	0.00036	-1.04862	-3.25147	
362	0.000361	-1.03553	-3.24445	
363	0.000362	-1.13538	-3.23564	
364	0.000363	-1.10197	-3.25625	
365	0.000364	-1.13504	-3.3477	
366	0.000365	-1.15776	-3.30572	
367	0.000366	-1.05239	-3.33439	
368	0.000367	-1.22415	-3.26696	
369	0.000368	-1.06171	-3.35695	
370	0.000369	-1.18738	-3.30488	
371	0.00037	-1.49251	-3.09215	
372	0.000371	-1.39619	-3.11019	
373	0.000372	-1.18815	-3.16957	
374	0.000373	-1.07351	-3.27603	
375	0.000374	-0.972777	-3.31966	
376	0.000375	-1.03015	-3.26295	
377	0.000376	-1.23005	-3.10595	
378	0.000377	-1.20778	-3.15893	
379	0.000378	-1.23832	-3.16901	
380	0.000379	-1.19426	-3.31537	
381	0.00038	-1.13641	-3.29036	
382	0.000381	-1.13755	-3.30887	
383	0.000382	-1.26459	-3.2064	
384	0.000383	-1.10496	-3.30612	
385	0.000384	-1.10599	-3.25791	
386	0.000385	-1.00917	-3.32106	
387	0.000386	-1.03167	-3.1148	
388	0.000387	-1.17043	-3.10982	
389	0.000388	-1.26796	-3.08279	
390	0.000389	-1.16654	-3.13608	
391	0.00039	-1.04614	-3.19155	
392	0.000391	-1.16025	-3.08201	
393	0.000392	-1.10175	-3.13702	
394	0.000393	-1.35078	-3.19093	
395	0.000394	-1.17262	-3.1582	
396	0.000395	-1.15798	-3.16255	
397	0.000396	-1.06615	-3.24816	
398	0.000397	-1.37478	-3.17248	
399	0.000398	-1.31428	-3.19115	
400	0.000399	-0.8998	-3.42805	
401	0.0004	-1.14149	-3.20682	
402	0.000401	-1.31422	-3.26048	
403	0.000402	-1.08062	-3.38148	
404	0.000403	-1.15077	-3.31968	
405	0.000404	-1.00323	-3.4271	
406	0.000405	-1.11428	-3.32201	
407	0.000406	-0.96312	-3.4924	
408	0.000407	-1.1362	-3.24646	
409	0.000408	-1.18904	-3.25075	
410	0.000409	-1.35029	-3.1013	
411	0.00041	-1.0895	-3.35256	
412	0.000411	-1.17414	-3.29132	
413	0.000412	-1.21632	-3.16403	
414	0.000413	-1.09014	-3.25887	
415	0.000414	-0.948311	-3.32731	
416	0.000415	-0.974577	-3.27151	
417	0.000416	-1.08255	-3.19826	
418	0.000417	-1.06413	-3.25088	
419	0.000418	-1.19025	-3.15057	
420	0.000419	-1.24087	-3.18597	
421	0.00042	-0.999671	-3.39103	
422	0.000421	-1.06028	-3.31064	
423	0.000422	-1.0712	-3.20522	
424	0.000423	-1.21661	-3.11137	
425	0.000424	-1.08669	-3.22316	
426	0.000425	-1.15009	-3.25378	
427	0.000426	-1.04524	-3.34153	
428	0.000427	-0.996096	-3.40355	
429	0.000428	-1.19123	-3.2577	
430	0.000429	-0.931365	-3.47478	
431	0.00043	-1.0064	-3.40496	
432	0.000431	-0.99479	-3.41093	
433	0.000432	-0.917884	-3.37947	
434	0.000433	-0.976539	-3.35484	
435	0.000434	-1.05787	-3.29645	
436	0.000435	-0.944175	-3.4019	
437	0.000436	-1.17684	-3.14387	
438	0.000437	-0.9801	-3.40024	
439	0.000438	-1.20179	-3.21033	
440	0.000439	-1.17164	-3.24016	
441	0.00044	-1.22856	-3.25756	
442	0.000441	-1.18001	-3.29948	
443	0.000442	-1.16948	-3.33801	
444	0.000443	-1.05412	-3.43464	
445	0.000444	-1.18546	-3.33713	
446	0.000445	-1.08497	-3.39033	
447	0.000446	-1.0188	-3.4605	
448	0.000447	-1.09381	-3.33401	
449	0.000448	-1.00532	-3.33984	
450	0.000449	-1.17283	-3.27117	
451	0.00045	-1.18604	-3.36033	
452	0.000451	-1.13455	-3.50531	
453	0.000452	-1.21308	-3.33842	
454	0.000453	-1.0849	-3.51706	
455	0.000454	-1.07788	-3.35627	
456	0.000455	-1.32626	-3.29595	
457	0.000456	-1.42243	-3.20042	
458	0.000457	-1.49313	-3.09452	
459	0.000458	-1.14994	-3.35963	
460	0.000459	-1.28459	-3.27363	
461	0.00046	-1.19743	-3.24299	
462	0.000461	-1.1093	-3.37072	
463	0.000462	-1.41635	-3.23454	
464	0.000463	-1.11972	-3.4864	
465	0.000464	-0.988297	-3.50287	
466	0.000465	-1.13505	-3.39811	
467	0.000466	-0.854728	-3.67529	
468	0.000467	-0.981664	-3.57999	
469	0.000468	-1.23542	-3.30653	
470	0.000469	-1.04181	-3.45556	
471	0.00047	-1.12723	-3.39336	
472	0.000471	-1.11626	-3.41598	
473	0.000472	-1.09808	-3.44312	
474	0.000473	-1.1372	-3.40697	
475	0.000474	-1.02975	-3.47849	
476	0.000475	-1.08375	-3.4171	
477	0.000476	-1.19894	-3.44284	
478	0.000477	-1.23819	-3.49603	
479	0.000478	-1.15827	-3.56899	
480	0.000479	-1.41	-3.26121	
481	0.00048	-1.10514	-3.50448	
482	0.000481	-1.18643	-3.44515	
483	0.000482	-1.0022	-3.57785	
484	0.000483	-0.985567	-3.57892	
485	0.000484	-0.958351	-3.6327	
486	0.000485	-1.05108	-3.55041	
487	0.000486	-1.1982	-3.37978	
488	0.000487	-1.11214	-3.43728	
489	0.000488	-1.25741	-3.33864	
490	0.000489	-1.1055	-3.49934	
491	0.00049	-1.25932	-3.35633	
492	0.000491	-0.994359	-3.64137	
493	0.000492	-1.18218	-3.43219	
494	0.000493	-1.09642	-3.5124	
495	0.000494	-1.09956	-3.50206	
496	0.000495	-1.20683	-3.45907	
497	0.000496	-1.27141	-3.40716	
498	0.000497	-1.14655	-3.42298	
499	0.000498	-0.958668	-3.62047	
500	0.000499	-1.05097	-3.5979	
501	0.0005	-1.1224	-3.45512	
502	0.000501	-1.22329	-3.45138	
503	0.000502	-1.16995	-3.44891	
504	0.000503	-1.16632	-3.46241	
505	0.000504	-1.2717	-3.30709	
506	0.000505	-1.4373	-3.30024	
507	0.000506	-1.17276	-3.52262	
508	0.000507	-1.15276	-3.46655	
509	0.000508	-1.41876	-3.309	
510	0.000509	-1.04081	-3.66281	
511	0.00051	-1.26579	-3.45814	
512	0.000511	-1.13	-3.57538	
513	0.000512	-1.03501	-3.67712	
514	0.000513	-1.09682	-3.50128	
515	0.000514	-1.06153	-3.55481	
516	0.000515	-0.869353	-3.69227	
517	0.000516	-1.07392	-3.5283	
518	0.000517	-1.12523	-3.44928	
519	0.000518	-1.06311	-3.4636	
520	0.000519	-1.1899	-3.37386	
521	0.00052	-1.25318	-3.40419	
522	0.000521	-0.968891	-3.64535	
523	0.000522	-1.24123	-3.41907	
524	0.000523	-0.987802	-3.59587	
525	0.000524	-1.01813	-3.57364	
526	0.000525	-1.09386	-3.49525	
527	0.000526	-1.37643	-3.26071	
528	0.000527	-1.06774	-3.50242	
529	0.000528	-1.14303	-3.43424	
530	0.000529	-1.18627	-3.50548	
531	0.00053	-0.984948	-3.6404	
532	0.000531	-1.18253	-3.55682	
533	0.000532	-1.15168	-3.57875	
534	0.000533	-1.19282	-3.55119	
535	0.000534	-0.946132	-3.71971	
536	0.000535	-1.02204	-3.59008	
537	0.000536	-0.993705	-3.64501	
538	0.000537	-0.966717	-3.62678	
539	0.000538	-1.09732	-3.55047	
540	0.000539	-1.20673	-3.4896	
541	0.00054	-1.3306	-3.36144	
542	0.000541	-1.20862	-3.51233	
543	0.000542	-1.01507	-3.66746	
544	0.000543	-1.25326	-3.50444	
545	0.000544	-1.25077	-3.67836	
546	0.000545	-1.19749	-3.54744	
547	0.000546	-1.16455	-3.5518	
548	0.000547	-1.1121	-3.65638	
549	0.000548	-1.11458	-3.62906	
550	0.000549	-1.23688	-3.47833	
551	0.00055	-1.12595	-3.66379	
552	0.000551	-1.03472	-3.68529	
553	0.000552	-0.963378	-3.72308	
554	0.000553	-1.04229	-3.61932	
555	0.000554	-1.26526	-3.49782	
556	0.000555	-1.27276	-3.4962	
557	0.000556	-1.04817	-3.58216	
558	0.000557	-1.05296	-3.63696	
559	0.000558	-1.38175	-3.44608	
560	0.000559	-1.25664	-3.51046	
561	0.00056	-1.16902	-3.58027	
562	0.000561	-1.16761	-3.57398	
563	0.000562	-1.22356	-3.52521	
564	0.000563	-1.23041	-3.49955	
565	0.000564	-1.2984	-3.56752	
566	0.000565	-1.20893	-3.67066	
567	0.000566	-1.20556	-3.60301	
568	0.000567	-1.09073	-3.67472	
569	0.000568	-1.33635	-3.53086	
570	0.000569	-1.2267	-3.59374	
571	0.00057	-1.36031	-3.48733	
572	0.000571	-1.1655	-3.84722	
573	0.000572	-1.05845	-3.81574	
574	0.000573	-1.25069	-3.61193	
575	0.000574	-1.17764	-3.65822	
576	0.000575	-1.31641	-3.41735	
577	0.000576	-1.41335	-3.49222	
578	0.000577	-1.16377	-3.71336	
579	0.000578	-1.13388	-3.73811	
580	0.000579	-1.20796	-3.65805	
581	0.00058	-1.29896	-3.63025	
582	0.000581	-1.10818	-3.68581	
583	0.000582	-1.28524	-3.58688	
584	0.000583	-1.13999	-3.7727	
585	0.000584	-0.975947	-3.7867	
586	0.000585	-0.991714	-3.70937	
587	0.000586	-1.01481	-3.72504	
588	0.000587	-1.30012	-3.52193	
589	0.000588	-0.971394	-3.76682	
590	0.000589	-1.08245	-3.57553	
591	0.00059	-1.11539	-3.5888	
592	0.000591	-1.26009	-3.58814	
593	0.000592	-1.27365	-3.67708	
594	0.000593	-1.33632	-3.60558	
595	0.000594	-1.19092	-3.77488	
596	0.000595	-1.1234	-3.74585	
597	0.000596	-1.04493	-3.78172	
598	0.000597	-1.25622	-3.64722	
599	0.000598	-1.23292	-3.6304	
600	0.000599	-1.15522	-3.59722	
601	0.0006	-1.38365	-3.64937	
602	0.000601	-1.13674	-3.89118	
603	0.000602	-0.987083	-3.92744	
604	0.000603	-1.12544	-3.83503	
605	0.000604	-1.11663	-3.81538	
606	0.000605	-1.10501	-3.76263	
607	0.000606	-1.25836	-3.80716	
608	0.000607	-1.19248	-3.92101	
609	0.000608	-1.30073	-3.69771	
610	0.000609	-1.29346	-3.69789	
611	0.00061	-1.11138	-3.90371	
612	0.000611	-1.20631	-3.82805	
613	0.000612	-1.13003	-3.84342	
614	0.000613	-1.18693	-3.87024	
615	0.000614	-1.11059	-3.8835	
616	0.000615	-1.27552	-3.75688	
617	0.000616	-0.971399	-4.00306	
618	0.000617	-1.23137	-3.84504	
619	0.000618	-0.992269	-4.01908	
620	0.000619	-1.25423	-3.71017	
621	0.00062	-1.35871	-3.72569	
622	0.000621	-1.22476	-3.81916	
623	0.000622	-1.26051	-3.83892	
624	0.000623	-1.15801	-3.97798	
625	0.000624	-1.19724	-3.91474	
626	0.000625	-1.34923	-3.86099	
627	0.000626	-1.19257	-3.99964	
628	0.000627	-1.36556	-3.94557	
629	0.000628	-1.06552	-4.07569	
630	0.000629	-1.18964	-3.94785	
631	0.00063	-1.13652	-3.9589	
632	0.000631	-1.02817	-4.0592	
633	0.000632	-1.21332	-3.90438	
634	0.000633	-1.12823	-4.11521	
635	0.000634	-1.13597	-4.09342	
636	0.000635	-1.23317	-4.01925	
637	0.000636	-1.25602	-3.99684	
638	0.000637	-1.25765	-4.00244	
639	0.000638	-1.21291	-4.00861	
640	0.000639	-1.24724	-4.00074	
641	0.00064	-1.18235	-4.06833	
642	0.000641	-1.29507	-3.81857	
643	0.000642	-1.35189	-3.81048	
644	0.000643	-1.17816	-3.99102	
645	0.000644	-1.29179	-3.89479	
646	0.000645	-1.06887	-4.11443	
647	0.000646	-1.17407	-4.1126	
648	0.000647	-1.06339	-4.1211	
649	0.000648	-1.17995	-4.09251	
650	0.000649	-0.998008	-4.23316	
651	0.00065	-1.10853	-4.15726	
652	0.000651	-1.11743	-4.15301	
653	0.000652	-1.30728	-3.7576	
654	0.000653	-1.2187	-3.85357	
655	0.000654	-1.10763	-3.9335	
656	0.000655	-1.19988	-3.90907	
657	0.000656	-1.14732	-3.97076	
658	0.000657	-1.15919	-3.89312	
659	0.000658	-1.15617	-3.96655	
660	0.000659	-1.14242	-3.99431	
661	0.00066	-1.23178	-3.96251	
662	0.000661	-1.43726	-3.86186	
663	0.000662	-1.07112	-4.18105	
664	0.000663	-1.10398	-4.20951	
665	0.000664	-1.26893	-3.93584	
666	0.000665	-1.1466	-4.03932	
667	0.000666	-1.23507	-3.96364	
668	0.000667	-1.1387	-3.93769	
669	0.000668	-1.15516	-3.96629	
670	0.000669	-1.05014	-4.09835	
671	0.00067	-1.21196	-4.11206	
672	0.000671	-1.20767	-4.16534	
673	0.000672	-1.23619	-4.22115	
674	0.000673	-1.24739	-4.27986	
675	0.000674	-1.15922	-4.22793	
676	0.000675	-1.05845	-4.31311	
677	0.000676	-1.41587	-4.03966	
678	0.000677	-1.20759	-3.99699	
679	0.000678	-1.27632	-3.93896	
680	0.000679	-1.21849	-4.00993	
681	0.00068	-1.24143	-4.06751	
682	0.000681	-1.11144	-4.12811	
683	0.000682	-1.17691	-4.0028	
684	0.000683	-1.32723	-3.84248	
685	0.000684	-1.09288	-4.06522	
686	0.000685	-1.50451	-3.82381	
687	0.000686	-1.37948	-3.9783	
688	0.000687	-1.18632	-4.12519	
689	0.000688	-1.23582	-4.11466	
690	0.000689	-1.20932	-4.08476	
691	0.00069	-1.07192	-4.13958	
692	0.000691	-1.18133	-4.10321	
693	0.000692	-1.26584	-4.10048	
694	0.000693	-1.06311	-4.20869	
695	0.000694	-1.22825	-4.01662	
696	0.000695	-1.36655	-4.17655	
697	0.000696	-1.40735	-4.2656	
698	0.000697	-1.56811	-4.08199	
699	0.000698	-1.35828	-4.13874	
700	0.000699	-1.51865	-4.02331	
701	0.0007	-1.57777	-4.02379	
702	0.000701	-1.44251	-4.09944	
703	0.000702	-1.1378	-4.27847	
704	0.000703	-1.23338	-4.1186	
705	0.000704	-1.35148	-4.0057	
706	0.000705	-1.26973	-4.08405	
707	0.000706	-1.22126	-4.12028	
708	0.000707	-1.33023	-3.95855	
709	0.000708	-1.08622	-4.14598	
710	0.000709	-1.2894	-3.96342	
711	0.00071	-1.63304	-3.73341	
712	0.000711	-1.17965	-4.19808	
713	0.000712	-1.29433	-4.06716	
714	0.000713	-1.10234	-4.19085	
715	0.000714	-1.14854	-4.15388	
716	0.000715	-1.09113	-4.20783	
717	0.000716	-1.39228	-3.999	
718	0.000717	-1.3352	-4.03531	
719	0.000718	-1.29642	-4.06722	
720	0.000719	-1.18301	-4.07138	
721	0.00072	-1.2653	-4.07542	
722	0.000721	-1.25327	-4.08948	
723	0.000722	-1.22532	-4.09772	
724	0.000723	-1.19383	-4.12461	
725	0.000724	-1.26453	-4.1135	
726	0.000725	-1.48513	-3.95787	
727	0.000726	-1.25615	-4.1963	
728	0.000727	-1.28271	-4.12046	
729	0.000728	-1.23173	-4.12137	
730	0.000729	-1.32471	-4.02675	
731	0.00073	-0.987416	-4.22855	
732	0.000731	-1.3706	-3.89664	
733	0.000732	-1.01682	-4.21835	
734	0.000733	-1.30586	-3.99731	
735	0.000734	-1.27625	-3.96308	
736	0.000735	-1.35115	-3.99872	
737	0.000736	-1.18144	-4.10925	
738	0.000737	-1.29978	-4.14676	
739	0.000738	-1.19343	-4.17209	
740	0.000739	-1.28163	-4.08217	
741	0.00074	-1.33479	-4.03909	
742	0.000741	-1.24949	-4.11154	
743	0.000742	-1.25062	-3.99177	
744	0.000743	-1.36355	-3.83879	
745	0.000744	-1.30742	-4.04927	
746	0.000745	-1.27743	-4.1316	
747	0.000746	-1.39696	-4.04768	
748	0.000747	-1.24064	-4.16777	
749	0.000748	-1.04178	-4.27126	
750	0.000749	-1.09794	-4.13535	
751	0.00075	-1.15489	-4.20328	
752	0.000751	-1.11806	-4.2879	
753	0.000752	-1.25989	-4.15383	
754	0.000753	-1.18175	-4.24014	
755	0.000754	-1.37305	-4.02634	
756	0.000755	-1.27679	-4.11769	
757	0.000756	-1.14303	-4.19843	
758	0.000757	-1.21591	-4.08598	
759	0.000758	-1.35425	-3.99365	
760	0.000759	-1.23858	-4.17064	
761	0.00076	-1.28965	-4.06254	
762	0.000761	-1.15634	-4.27391	
763	0.000762	-1.28357	-4.08397	
764	0.000763	-1.33006	-3.93562	
765	0.000764	-1.26915	-4.11827	
766	0.000765	-1.196	-4.17413	
767	0.000766	-1.20696	-4.17707	
768	0.000767	-1.23993	-4.21148	
769	0.000768	-1.06329	-4.3512	
770	0.000769	-1.34167	-4.13065	
771	0.00077	-1.20588	-4.30438	
772	0.000771	-1.19283	-4.30389	
773	0.000772	-1.25593	-4.26894	
774	0.000773	-1.21439	-4.31448	
775	0.000774	-1.26391	-4.24039	
776	0.000775	-1.20417	-4.24813	
777	0.000776	-1.37052	-4.08986	
778	0.000777	-1.2377	-4.1362	
779	0.000778	-1.06996	-4.18918	
780	0.000779	-1.26625	-3.96678	
781	0.00078	-1.14716	-4.1439	
782	0.000781	-1.19305	-4.08493	
783	0.000782	-1.12706	-4.14106	
784	0.000783	-0.978394	-4.24611	
785	0.000784	-1.23777	-3.91554	
786	0.000785	-1.16347	-4.05278	
787	0.000786	-1.12086	-4.0687	
788	0.000787	-1.1305	-4.02276	
789	0.000788	-1.20352	-3.92567	
790	0.000789	-1.32451	-3.91842	
791	0.00079	-1.22571	-3.90951	
792	0.000791	-1.24845	-3.91793	
793	0.000792	-1.21304	-3.95882	
794	0.000793	-1.15582	-4.1669	
795	0.000794	-1.14363	-4.09159	
796	0.000795	-1.28658	-4.0596	
797	0.000796	-1.09809	-4.1678	
798	0.000797	-1.22181	-4.14032	
799	0.000798	-1.41716	-4.10267	
800	0.000799	-1.38501	-4.18965	
801	0.0008	-1.35894	-4.26788	
802	0.000801	-1.321	-4.19333	
803	0.000802	-1.40607	-4.16232	
804	0.000803	-1.50127	-4.0747	
805	0.000804	-1.2178	-4.31277	
806	0.000805	-1.2622	-4.26729	
807	0.000806	-1.06067	-4.41998	
808	0.000807	-1.22646	-4.23025	
809	0.000808	-1.1605	-4.26873	
810	0.000809	-1.19504	-4.30142	
811	0.00081	-1.20053	-4.22616	
812	0.000811	-1.16287	-4.34044	
813	0.000812	-1.31812	-4.31433	
814	0.000813	-1.28734	-4.30259	
815	0.000814	-1.01167	-4.58097	
816	0.000815	-1.35954	-4.32185	
817	0.000816	-1.54548	-4.29974	
818	0.000817	-1.3191	-4.49766	
819	0.000818	-1.34423	-4.5789	
820	0.000819	-1.40534	-4.5111	
821	0.00082	-1.28102	-4.59675	
822	0.000821	-1.42247	-4.44765	
823	0.000822	-1.2448	-4.62607	
824	0.000823	-1.43365	-4.39228	
825	0.000824	-1.55561	-4.91516	
826	0.000825	-1.41041	-5.06276	
827	0.000826	-1.46228	-4.84281	
828	0.000827	-1.40947	-4.77002	
829	0.000828	-1.34553	-4.73302	
830	0.000829	-1.36122	-4.683	
831	0.00083	-1.43925	-4.63331	
832	0.000831	-1.63153	-4.56655	
833	0.000832	-1.72699	-4.44482	
834	0.000833	-1.41241	-4.71881	
835	0.000834	-1.4719	-4.775	
836	0.000835	-1.22497	-4.88264	
837	0.000836	-1.57974	-4.49547	
838	0.000837	-1.50923	-4.61428	
839	0.000838	-1.45019	-4.69588	
840	0.000839	-1.35473	-4.68174	
841	0.00084	-1.36527	-4.73168	
842	0.000841	-1.53465	-4.52325	
843	0.000842	-1.6069	-4.50823	
844	0.000843	-1.20605	-4.77575	
845	0.000844	-1.39901	-4.6459	
846	0.000845	-1.54678	-4.6664	
847	0.000846	-1.37847	-4.81484	
848	0.000847	-1.50906	-4.676	
849	0.000848	-1.69006	-4.65808	
850	0.000849	-1.60885	-4.81643	
851	0.00085	-1.32023	-4.83872	
852	0.000851	-1.28176	-4.82443	
853	0.000852	-1.47871	-4.66263	
854	0.000853	-1.42184	-4.72144	
855	0.000854	-1.53542	-4.66337	
856	0.000855	-1.56924	-4.71889	
857	0.000856	-1.30509	-4.88043	
858	0.000857	-1.27853	-4.8604	
859	0.000858	-1.50573	-4.66655	
860	0.000859	-1.48948	-4.63077	
861	0.00086	-1.29146	-4.7608	
862	0.000861	-1.34691	-4.72793	
863	0.000862	-1.32564	-4.93249	
864	0.000863	-1.5474	-4.83959	
865	0.000864	-1.40901	-4.99437	
866	0.000865	-1.29384	-4.96063	
867	0.000866	-1.52678	-4.7999	
868	0.000867	-1.46199	-4.83222	
869	0.000868	-1.46288	-4.82328	
870	0.000869	-1.51828	-4.77763	
871	0.00087	-1.51033	-4.90445	
872	0.000871	-1.51349	-4.91973	
873	0.000872	-1.35791	-5.03158	
874	0.000873	-1.61155	-4.78093	
875	0.000874	-1.52611	-4.86094	
876	0.000875	-1.37027	-4.95142	
877	0.000876	-1.31855	-4.97648	
878	0.000877	-1.25387	-5.04892	
879	0.000878	-1.37033	-4.96741	
880	0.000879	-1.25939	-5.05228	
881	0.00088	-1.46665	-4.76241	
882	0.000881	-1.52378	-4.755	
883	0.000882	-1.6044	-4.73569	
884	0.000883	-1.46313	-4.83963	
885	0.000884	-1.68852	-4.74554	
886	0.000885	-1.40561	-4.88637	
887	0.000886	-1.46146	-4.88686	
888	0.000887	-1.48939	-4.77674	
889	0.000888	-1.64524	-4.67207	
890	0.000889	-1.64309	-4.80593	
891	0.00089	-1.65292	-4.69367	
892	0.000891	-1.71703	-4.68512	
893	0.000892	-1.44196	-4.94406	
894	0.000893	-1.43948	-4.76021	
895	0.000894	-1.6335	-4.73954	
896	0.000895	-1.59915	-4.81967	
897	0.000896	-1.433	-4.95212	
898	0.000897	-1.5364	-4.95072	
899	0.000898	-1.39326	-4.92916	
900	0.000899	-1.69774	-4.68416	
901	0.0009	-1.67582	-4.73918	
902	0.000901	-1.58786	-4.74395	
903	0.000902	-1.70777	-4.76551	
904	0.000903	-1.52369	-4.96616	
905	0.000904	-1.35568	-5.06958	
906	0.000905	-1.44093	-4.85627	
907	0.000906	-1.4985	-4.90065	
908	0.000907	-1.7153	-4.62817	
909	0.000908	-1.6728	-4.75081	
910	0.000909	-1.5662	-4.80609	
911	0.00091	-1.32932	-4.92285	
912	0.000911	-1.49532	-4.71056	
913	0.000912	-1.4924	-4.87207	
914	0.000913	-1.43634	-4.85841	
915	0.000914	-1.40992	-4.78069	
916	0.000915	-1.52324	-4.62757	
917	0.000916	-1.47895	-4.65155	
918	0.000917	-1.28563	-4.84257	
919	0.000918	-1.37215	-4.74579	
920	0.000919	-1.33531	-4.85101	
921	0.00092	-1.46867	-5.04858	
922	0.000921	-1.47458	-5.04312	
923	0.000922	-1.56096	-4.93383	
924	0.000923	-1.62664	-4.87899	
925	0.000924	-1.34986	-5.04777	
926	0.000925	-1.4186	-4.98264	
927	0.000926	-1.4249	-4.91343	
928	0.000927	-1.53835	-4.73432	
929	0.000928	-1.4314	-4.7648	
930	0.000929	-1.91896	-4.3024	
931	0.00093	-1.72772	-4.57093	
932	0.000931	-1.47353	-4.79114	
933	0.000932	-1.67774	-4.65138	
934	0.000933	-1.43971	-4.90127	
935	0.000934	-1.78027	-4.47805	
936	0.000935	-1.48672	-4.74253	
937	0.000936	-1.63562	-4.64987	
938	0.000937	-1.60471	-4.77388	
939	0.000938	-1.47036	-4.89554	
940	0.000939	-1.78519	-4.6529	
941	0.00094	-1.4411	-4.93157	
942	0.000941	-1.51901	-4.84544	
943	0.000942	-1.47636	-4.73317	
944	0.000943	-1.37329	-4.79824	
945	0.000944	-1.56826	-4.72167	
946	0.000945	-1.60327	-4.79839	
947	0.000946	-1.5007	-4.86135	
948	0.000947	-1.303	-4.94853	
949	0.000948	-1.3818	-4.86463	
950	0.000949	-1.79405	-4.56676	
951	0.00095	-1.59963	-4.68487	
952	0.000951	-1.57991	-4.69445	
953	0.000952	-1.40646	-4.846	
954	0.000953	-1.71857	-4.46339	
955	0.000954	-1.42254	-4.66696	
956	0.000955	-1.46165	-4.73799	
957	0.000956	-1.71218	-4.57499	
958	0.000957	-1.47377	-4.83462	
959	0.000958	-1.59535	-4.55191	
960	0.000959	-1.97043	-4.27914	
961	0.00096	-1.71586	-4.60672	
962	0.000961	-1.7161	-4.63686	
963	0.000962	-1.67018	-4.62649	
964	0.000963	-1.52144	-4.72694	
965	0.000964	-1.58176	-4.77826	
966	0.000965	-1.71729	-4.72507	
967	0.000966	-1.64106	-4.73485	
968	0.000967	-1.57024	-4.93471	
969	0.000968	-1.45908	-5.02835	
970	0.000969	-1.3327	-4.98534	
971	0.00097	-1.70075	-4.46729	
972	0.000971	-1.4286	-4.68171	
973	0.000972	-1.58932	-4.51587	
974	0.000973	-1.61344	-4.53927	
975	0.000974	-1.58463	-4.68393	
976	0.000975	-1.43255	-4.76348	
977	0.000976	-1.63085	-4.6436	
978	0.000977	-1.57744	-4.60531	
979	0.000978	-1.56506	-4.62959	
980	0.000979	-1.73655	-4.54902	
981	0.00098	-1.81627	-4.37885	
982	0.000981	-1.39376	-4.69342	
983	0.000982	-1.5436	-4.65372	
984	0.000983	-1.89567	-4.42041	
985	0.000984	-1.52288	-4.66647	
986	0.000985	-1.84965	-4.46789	
987	0.000986	-1.66475	-4.45144	
988	0.000987	-1.44551	-4.72652	
989	0.000988	-1.44236	-4.61809	
990	0.000989	-1.65193	-4.55889	
991	0.00099	-1.60025	-4.64237	
992	0.000991	-1.6984	-4.47821	
993	0.000992	-1.53964	-4.60527	
994	0.000993	-1.43231	-4.46332	
995	0.000994	-1.5006	-4.50779	
996	0.000995	-1.72648	-4.38789	
997	0.000996	-1.43611	-4.7273	
998	0.000997	-1.47076	-4.43744	
999	0.000998	-1.43453	-4.50527	
1000	0.000999	-1.55042	-4.45361	
1001	0.001	-1.39278	-4.60593	
1002	0.001001	-1.39642	-4.54251	
1003	0.001002	-1.41543	-4.51054	
1004	0.001003	-1.65888	-4.31901	
1005	0.001004	-1.63035	-4.37608	
1006	0.001005	-1.56044	-4.47298	
1007	0.001006	-1.41526	-4.6398	
1008	0.001007	-1.71189	-4.37145	
1009	0.001008	-1.53501	-4.5317	
1010	0.001009	-1.48604	-4.4549	
1011	0.00101	-1.59826	-4.48023	
1012	0.001011	-1.57364	-4.53843	
1013	0.001012	-1.63648	-4.28392	
1014	0.001013	-1.61647	-4.46704	
1015	0.001014	-1.6853	-4.46404	
1016	0.001015	-1.71575	-4.40022	
1017	0.001016	-1.72516	-4.35069	
1018	0.001017	-1.65145	-4.5635	
1019	0.001018	-1.6024	-4.51523	
1020	0.001019	-1.57678	-4.57563	
1021	0.00102	-1.9482	-4.30236	
1022	0.001021	-1.51562	-4.59371	
1023	0.001022	-1.88809	-4.22559	
1024	0.001023	-1.61816	-4.57717	
1025	0.001024	-1.74091	-4.42709	
1026	0.001025	-1.3196	-4.82249	
1027	0.001026	-1.46993	-4.61336	
1028	0.001027	-1.48002	-4.60271	
1029	0.001028	-1.51071	-4.55293	
1030	0.001029	-1.7443	-4.38624	
1031	0.00103	-1.72578	-4.38373	
1032	0.001031	-1.56006	-4.56356	
1033	0.001032	-1.30215	-4.64492	
1034	0.001033	-1.80689	-4.24761	
1035	0.001034	-1.82786	-4.24519	
1036	0.001035	-1.37564	-4.69459	
1037	0.001036	-1.75487	-4.27325	
1038	0.001037	-1.80949	-4.26093	
1039	0.001038	-1.50893	-4.60483	
1040	0.001039	-1.82853	-4.23726	
1041	0.00104	-1.61377	-4.48304	
1042	0.001041	-1.50457	-4.53882	
1043	0.001042	-1.35297	-4.7096	
1044	0.001043	-1.48497	-4.61499	
1045	0.001044	-1.71249	-4.45963	
1046	0.001045	-1.41169	-4.71378	
1047	0.001046	-1.66612	-4.45538	
1048	0.001047	-1.84254	-4.28908	
1049	0.001048	-1.58576	-4.49936	
1050	0.001049	-1.63087	-4.56422	
1051	0.00105	-1.81397	-4.36411	
1052	0.001051	-1.51902	-4.67864	
1053	0.001052	-1.62441	-4.54469	
1054	0.001053	-1.64591	-4.62113	
1055	0.001054	-1.86456	-4.28982	
1056	0.001055	-1.64699	-4.50578	
1057	0.001056	-1.81085	-4.762	
1058	0.001057	-1.67128	-4.99887	
1059	0.001058	-1.84218	-4.9694	
1060	0.001059	-1.70303	-5.07342	
1061	0.00106	-1.86491	-4.98285	
1062	0.001061	-1.71762	-4.89264	
1063	0.001062	-1.68382	-4.81904	
1064	0.001063	-1.70319	-4.56684	
1065	0.001064	-1.6313	-4.64768	
1066	0.001065	-1.95617	-4.67916	
1067	0.001066	-1.98093	-4.57493	
1068	0.001067	-1.60494	-4.9343	
1069	0.001068	-1.62567	-4.89065	
1070	0.001069	-1.71995	-4.73434	
1071	0.00107	-1.57423	-4.86489	
1072	0.001071	-1.69964	-4.62836	
1073	0.001072	-1.77008	-4.60691	
1074	0.001073	-1.88587	-4.72912	
1075	0.001074	-1.76311	-4.66612	
1076	0.001075	-1.59707	-4.91112	
1077	0.001076	-1.3788	-4.90037	
1078	0.001077	-1.77889	-4.55948	
1079	0.001078	-1.49972	-4.81864	
1080	0.001079	-1.7653	-4.49406	
1081	0.00108	-1.76786	-4.5574	
1082	0.001081	-1.54668	-4.59526	
1083	0.001082	-1.39507	-4.69528	
1084	0.001083	-1.45149	-4.70079	
1085	0.001084	-1.55536	-4.69278	
1086	0.001085	-1.44528	-4.73636	
1087	0.001086	-1.49447	-4.78244	
1088	0.001087	-1.55896	-4.71884	
1089	0.001088	-1.44344	-4.88437	
1090	0.001089	-1.67913	-4.86245	
1091	0.00109	-1.47322	-4.97421	
1092	0.001091	-1.91538	-4.47249	
1093	0.001092	-1.51279	-4.908	
1094	0.001093	-1.6886	-4.61103	
1095	0.001094	-1.66561	-4.67319	
1096	0.001095	-1.5697	-4.82038	
1097	0.001096	-1.50861	-4.84701	
1098	0.001097	-1.60493	-4.6943	
1099	0.001098	-1.46757	-4.83549	
1100	0.001099	-1.70654	-4.67824	
1101	0.0011	-1.40886	-4.91956	
1102	0.001101	-1.68193	-4.72797	
1103	0.001102	-1.74733	-4.6328	
1104	0.001103	-1.53502	-4.78202	
1105	0.001104	-1.6758	-4.63446	
1106	0.001105	-1.48193	-4.75303	
1107	0.001106	-1.67213	-4.70572	
1108	0.001107	-1.60568	-4.69312	
1109	0.001108	-1.87256	-4.55586	
1110	0.001109	-1.38027	-5.04973	
1111	0.00111	-1.6302	-4.83825	
1112	0.001111	-1.60723	-4.91291	
1113	0.001112	-1.66233	-4.88937	
1114	0.001113	-1.69343	-4.87363	
1115	0.001114	-1.60841	-4.70502	
1116	0.001115	-1.536	-4.83902	
1117	0.001116	-1.51855	-4.81862	
1118	0.001117	-1.56958	-4.85317	
1119	0.001118	-1.70966	-4.64078	
1120	0.001119	-1.74383	-4.63925	
1121	0.00112	-1.31349	-5.08071	
1122	0.001121	-1.40534	-4.97427	
1123	0.001122	-1.5222	-4.82674	
1124	0.001123	-1.66256	-4.65983	
1125	0.001124	-1.68874	-4.55047	
1126	0.001125	-1.44114	-4.80115	
1127	0.001126	-1.60018	-4.78028	
1128	0.001127	-1.93238	-4.5712	
1129	0.001128	-1.77266	-4.64287	
1130	0.001129	-1.68771	-4.68508	
1131	0.00113	-1.51797	-4.78001	
1132	0.001131	-1.52264	-4.81447	
1133	0.001132	-1.52473	-4.76148	
1134	0.001133	-1.92683	-4.45814	
1135	0.001134	-1.65165	-4.72115	
1136	0.001135	-1.48989	-4.88026	
1137	0.001136	-1.88319	-4.66078	
1138	0.001137	-1.58194	-4.89494	
1139	0.001138	-1.7276	-4.63181	
1140	0.001139	-1.54998	-4.8082	
1141	0.00114	-1.55656	-4.78265	
1142	0.001141	-1.51561	-4.75817	
1143	0.001142	-1.49354	-4.88468	
1144	0.001143	-1.71548	-4.67425	
1145	0.001144	-1.87149	-4.59219	
1146	0.001145	-1.67347	-4.66625	
1147	0.001146	-1.74109	-4.70165	
1148	0.001147	-1.81471	-4.74282	
1149	0.001148	-1.5996	-4.87058	
1150	0.001149	-1.70854	-4.84345	
1151	0.00115	-1.84871	-4.77028	
1152	0.001151	-1.49956	-5.03904	
1153	0.001152	-1.75591	-4.7192	
1154	0.001153	-1.8356	-4.61781	
1155	0.001154	-1.45364	-4.92939	
1156	0.001155	-1.66442	-4.68089	
1157	0.001156	-1.54664	-4.8538	
1158	0.001157	-1.69919	-4.71012	
1159	0.001158	-1.54961	-4.87286	
1160	0.001159	-1.52657	-4.81515	
1161	0.00116	-1.47334	-4.81624	
1162	0.001161	-1.79766	-4.40799	
1163	0.001162	-1.66579	-4.58525	
1164	0.001163	-1.60683	-4.81594	
1165	0.001164	-1.48273	-4.76477	
1166	0.001165	-1.90059	-4.48235	
1167	0.001166	-1.60807	-4.77312	
1168	0.001167	-1.79154	-4.60072	
1169	0.001168	-1.83207	-4.50025	
1170	0.001169	-1.65611	-4.74768	
1171	0.00117	-1.43394	-4.8665	
1172	0.001171	-1.98123	-4.45147	
1173	0.001172	-1.75645	-4.60034	
1174	0.001173	-1.52793	-4.71199	
1175	0.001174	-1.81478	-4.51275	
1176	0.001175	-1.69615	-4.80703	
1177	0.001176	-1.77749	-4.78826	
1178	0.001177	-1.69305	-4.79524	
1179	0.001178	-1.63149	-4.82686	
1180	0.001179	-1.53906	-4.76578	
1181	0.00118	-1.60267	-4.71097	
1182	0.001181	-1.66431	-4.60879	
1183	0.001182	-1.58427	-4.78567	
1184	0.001183	-1.73567	-4.62806	
1185	0.001184	-1.66022	-4.81123	
1186	0.001185	-1.8357	-4.56267	
1187	0.001186	-1.83502	-4.575	
1188	0.001187	-1.54719	-4.84648	
1189	0.001188	-1.63239	-4.70022	
1190	0.001189	-1.41004	-4.7963	
1191	0.00119	-1.40792	-4.80001	
1192	0.001191	-1.55804	-4.62809	
1193	0.001192	-1.48497	-4.68905	
1194	0.001193	-1.50903	-4.62227	
1195	0.001194	-1.49539	-4.53127	
1196	0.001195	-1.35662	-4.60909	
1197	0.001196	-1.82191	-4.22513	
1198	0.001197	-1.47033	-4.54875	
1199	0.001198	-1.60976	-4.31465	
1200	0.001199	-1.64845	-4.36858	
1201	0.0012	-1.57274	-4.44915	
1202	0.001201	-1.51926	-4.3753	
1203	0.001202	-1.55657	-4.40696	
1204	0.001203	-1.74371	-4.20744	
1205	0.001204	-1.61323	-4.23303	
1206	0.001205	-1.56823	-4.20972	
1207	0.001206	-1.61405	-4.2409	
1208	0.001207	-1.51533	-4.2802	
1209	0.001208	-1.77774	-4.38971	
1210	0.001209	-1.48103	-4.60196	
1211	0.00121	-1.60688	-4.41204	
1212	0.001211	-1.6155	-4.32158	
1213	0.001212	-1.5004	-4.47742	
1214	0.001213	-1.49139	-4.47772	
1215	0.001214	-1.71897	-4.20445	
1216	0.001215	-1.56615	-4.26606	
1217	0.001216	-1.5089	-4.30879	
1218	0.001217	-1.49673	-4.32506	
1219	0.001218	-1.89749	-4.02887	
1220	0.001219	-1.73515	-4.23483	
1221	0.00122	-1.49056	-4.3842	
1222	0.001221	-1.66045	-4.17043	
1223	0.001222	-1.44276	-4.33925	
1224	0.001223	-1.70398	-4.02275	
1225	0.001224	-1.84051	-4.00402	
1226	0.001225	-1.6437	-4.00141	
1227	0.001226	-1.51538	-4.18489	
1228	0.001227	-1.48051	-4.12586	
1229	0.001228	-1.43926	-4.15374	
1230	0.001229	-1.58533	-4.03857	
1231	0.00123	-1.52855	-4.14958	
1232	0.001231	-1.5412	-3.95261	
1233	0.001232	-1.6252	-3.86538	
1234	0.001233	-1.6636	-3.86385	
1235	0.001234	-1.64134	-4.04756	
1236	0.001235	-1.56572	-4.06616	
1237	0.001236	-1.49313	-4.14758	
1238	0.001237	-1.37489	-4.22928	
1239	0.001238	-1.87585	-3.82573	
1240	0.001239	-1.49465	-4.12586	
1241	0.00124	-1.42435	-4.13944	
1242	0.001241	-2.03147	-3.65802	
1243	0.001242	-1.53084	-4.10821	
1244	0.001243	-1.50796	-3.87479	
1245	0.001244	-1.67335	-3.74847	
1246	0.001245	-1.49605	-3.87674	
1247	0.001246	-1.48366	-3.88008	
1248	0.001247	-1.46976	-3.74956	
1249	0.001248	-1.65583	-3.57116	
1250	0.001249	-1.64083	-3.67625	
1251	0.00125	-1.51453	-3.74605	
1252	0.001251	-1.5766	-3.62494	
1253	0.001252	-1.32905	-3.79796	
1254	0.001253	-1.45556	-3.75885	
1255	0.001254	-1.42992	-3.7905	
1256	0.001255	-1.3357	-3.93065	
1257	0.001256	-1.5227	-3.71222	
1258	0.001257	-1.25574	-3.93125	
1259	0.001258	-1.40231	-3.76197	
1260	0.001259	-1.42671	-3.68985	
1261	0.00126	-1.49221	-3.61356	
1262	0.001261	-1.61771	-3.50486	
1263	0.001262	-1.48595	-3.64497	
1264	0.001263	-1.5481	-3.52851	
1265	0.001264	-1.39721	-3.68709	
1266	0.001265	-1.55917	-3.59129	
1267	0.001266	-1.60077	-3.70952	
1268	0.001267	-1.75002	-3.59961	
1269	0.001268	-1.6085	-3.82278	
1270	0.001269	-1.63594	-3.7526	
1271	0.00127	-1.71978	-3.71074	
1272	0.001271	-1.66442	-3.77859	
1273	0.001272	-1.88278	-3.51833	
1274	0.001273	-1.73228	-3.82516	
1275	0.001274	-1.73488	-3.84588	
1276	0.001275	-1.78108	-3.8413	
1277	0.001276	-1.81833	-3.75294	
1278	0.001277	-1.45989	-3.99867	
1279	0.001278	-1.78379	-3.84147	
1280	0.001279	-1.55686	-3.99955	
1281	0.00128	-1.86352	-3.77306	
1282	0.001281	-1.73354	-3.79689	
1283	0.001282	-1.78772	-3.91568	
1284	0.001283	-1.77221	-3.94038	
1285	0.001284	-2.05563	-3.6262	
1286	0.001285	-1.76076	-3.83083	
1287	0.001286	-1.84439	-3.7316	
1288	0.001287	-2.13984	-3.58848	
1289	0.001288	-2.00275	-3.66721	
1290	0.001289	-1.68514	-3.9049	
1291	0.00129	-1.68493	-3.6988	
1292	0.001291	-1.65617	-3.69755	
1293	0.001292	-1.81945	-3.61352	
1294	0.001293	-1.63348	-3.88873	
1295	0.001294	-1.69852	-3.82763	
1296	0.001295	-1.86394	-3.6892	
1297	0.001296	-1.96326	-3.63163	
1298	0.001297	-1.63375	-3.74891	
1299	0.001298	-1.82082	-3.60938	
1300	0.001299	-1.75648	-3.68926	
1301	0.0013	-1.80636	-3.6494	
1302	0.001301	-2.08447	-3.48832	
1303	0.001302	-1.62628	-3.85798	
1304	0.001303	-1.45465	-3.91658	
1305	0.001304	-1.3155	-3.9055	
1306	0.001305	-1.69703	-3.63472	
1307	0.001306	-1.65767	-3.64543	
1308	0.001307	-1.56674	-3.71024	
1309	0.001308	-1.4673	-3.78744	
1310	0.001309	-1.48255	-3.71134	
1311	0.00131	-1.57336	-3.53118	
1312	0.001311	-1.81998	-3.39375	
1313	0.001312	-1.45943	-3.69074	
1314	0.001313	-1.81739	-3.32234	
1315	0.001314	-1.67029	-3.49031	
1316	0.001315	-1.7053	-3.49566	
1317	0.001316	-2.09478	-3.17264	
1318	0.001317	-1.81639	-3.44224	
1319	0.001318	-1.89006	-3.41969	
1320	0.001319	-1.85993	-3.32262	
1321	0.00132	-1.89102	-3.25518	
1322	0.001321	-1.79983	-3.31834	
1323	0.001322	-1.79519	-3.3937	
1324	0.001323	-1.98748	-3.14684	
1325	0.001324	-2.03383	-3.14678	
1326	0.001325	-1.71822	-3.43991	
1327	0.001326	-1.70566	-3.4261	
1328	0.001327	-1.78123	-3.40854	
1329	0.001328	-1.83505	-3.35435	
1330	0.001329	-1.76537	-3.32339	
1331	0.00133	-1.61352	-3.49851	
1332	0.001331	-1.87111	-3.41048	
1333	0.001332	-1.87695	-3.43347	
1334	0.001333	-1.51851	-3.67586	
1335	0.001334	-1.73256	-3.49608	
1336	0.001335	-1.66701	-3.46502	
1337	0.001336	-1.70491	-3.79212	
1338	0.001337	-1.92684	-3.53427	
1339	0.001338	-1.70575	-3.60427	
1340	0.001339	-1.81407	-3.4988	
1341	0.00134	-1.75579	-3.67972	
1342	0.001341	-2.0024	-3.34784	
1343	0.001342	-1.91601	-3.49685	
1344	0.001343	-1.84856	-3.49161	
1345	0.001344	-1.87486	-3.49554	
1346	0.001345	-1.71973	-3.54731	
1347	0.001346	-1.86121	-3.43573	
1348	0.001347	-1.81581	-3.57641	
1349	0.001348	-1.74647	-3.57054	
1350	0.001349	-2.10647	-3.1811	
1351	0.00135	-1.57672	-3.67012	
1352	0.001351	-1.91445	-3.33048	
1353	0.001352	-1.80596	-3.45213	
1354	0.001353	-1.90118	-3.42815	
1355	0.001354	-1.76729	-3.53693	
1356	0.001355	-1.78326	-3.49945	
1357	0.001356	-1.76041	-3.57016	
1358	0.001357	-1.87706	-3.4826	
1359	0.001358	-2.13243	-3.19527	
1360	0.001359	-1.93143	-3.3386	
1361	0.00136	-2.09108	-3.2859	
1362	0.001361	-1.77193	-3.57672	
1363	0.001362	-1.87321	-3.48791	
1364	0.001363	-1.76166	-3.45831	
1365	0.001364	-1.78988	-3.47986	
1366	0.001365	-1.97165	-3.33058	
1367	0.001366	-1.93726	-3.36026	
1368	0.001367	-2.18682	-3.32755	
1369	0.001368	-1.94299	-3.61273	
1370	0.001369	-1.70215	-3.66088	
1371	0.00137	-1.80913	-3.51486	
1372	0.001371	-1.9953	-3.2327	
1373	0.001372	-2.22712	-3.06855	
1374	0.001373	-1.92786	-3.37255	
1375	0.001374	-1.76567	-3.59787	
1376	0.001375	-2.14842	-3.36821	
1377	0.001376	-1.9649	-3.5577	
1378	0.001377	-1.78821	-3.70226	
1379	0.001378	-1.72312	-3.73763	
1380	0.001379	-1.75502	-3.69528	
1381	0.00138	-1.5987	-3.80187	
1382	0.001381	-1.78089	-3.44862	
1383	0.001382	-1.94541	-3.4234	
1384	0.001383	-1.87305	-3.58518	
1385	0.001384	-1.88995	-3.61874	
1386	0.001385	-2.00614	-3.4423	
1387	0.001386	-1.53422	-3.72906	
1388	0.001387	-1.83716	-3.41315	
1389	0.001388	-1.88003	-3.35232	
1390	0.001389	-2.10433	-3.32982	
1391	0.00139	-1.78529	-3.65367	
1392	0.001391	-1.8766	-3.53008	
1393	0.001392	-1.84928	-3.52199	
1394	0.001393	-1.77579	-3.53753	
1395	0.001394	-1.7509	-3.53639	
1396	0.001395	-1.78042	-3.43925	
1397	0.001396	-1.88161	-3.33273	
1398	0.001397	-1.77635	-3.45434	
1399	0.001398	-2.14119	-3.22983	
1400	0.001399	-1.75666	-3.62421	
1401	0.0014	-1.87068	-3.42775	
1402	0.001401	-1.97068	-3.31403	
1403	0.001402	-1.93482	-3.36902	
1404	0.001403	-1.87221	-3.43478	
1405	0.001404	-1.70464	-3.60425	
1406	0.001405	-1.90885	-3.51366	
1407	0.001406	-1.64087	-3.75737	
1408	0.001407	-1.80601	-3.42812	
1409	0.001408	-2.39048	-3.19538	
1410	0.001409	-1.9477	-3.756	
1411	0.00141	-2.03058	-3.5505	
1412	0.001411	-1.77316	-3.66806	
1413	0.001412	-1.76206	-3.56284	
1414	0.001413	-1.74268	-3.55021	
1415	0.001414	-1.51621	-3.67529	
1416	0.001415	-2.02181	-3.19425	
1417	0.001416	-1.8149	-3.41417	
1418	0.001417	-1.70681	-3.43624	
1419	0.001418	-1.90403	-3.51321	
1420	0.001419	-1.67426	-3.81201	
1421	0.00142	-1.7507	-3.63171	
1422	0.001421	-1.86282	-3.4268	
1423	0.001422	-1.64388	-3.61557	
1424	0.001423	-1.76285	-3.44221	
1425	0.001424	-1.64405	-3.48972	
1426	0.001425	-1.60317	-3.46789	
1427	0.001426	-1.79133	-3.24988	
1428	0.001427	-1.69699	-3.33002	
1429	0.001428	-1.64745	-3.40102	
1430	0.001429	-1.65114	-3.37316	
1431	0.00143	-1.56777	-3.43948	
1432	0.001431	-1.95671	-3.15693	
1433	0.001432	-1.75443	-3.31051	
1434	0.001433	-1.82898	-3.15583	
1435	0.001434	-1.78458	-3.18885	
1436	0.001435	-1.82422	-3.23499	
1437	0.001436	-1.80222	-3.29692	
1438	0.001437	-1.87566	-3.21	
1439	0.001438	-1.65539	-3.53597	
1440	0.001439	-1.75845	-3.35617	
1441	0.00144	-1.62115	-3.43715	
1442	0.001441	-1.69608	-3.32534	
1443	0.001442	-1.71904	-3.27531	
1444	0.001443	-1.81647	-3.23045	
1445	0.001444	-1.7097	-3.29579	
1446	0.001445	-1.92031	-3.11049	
1447	0.001446	-1.76587	-3.29398	
1448	0.001447	-1.55615	-3.48149	
1449	0.001448	-1.4275	-3.50752	
1450	0.001449	-1.51134	-3.35787	
1451	0.00145	-1.84295	-3.11683	
1452	0.001451	-1.82861	-3.17635	
1453	0.001452	-1.72626	-3.24177	
1454	0.001453	-1.63622	-3.28204	
1455	0.001454	-1.49881	-3.36444	
1456	0.001455	-1.73577	-3.03577	
1457	0.001456	-1.70293	-3.10356	
1458	0.001457	-1.87702	-3.00302	
1459	0.001458	-2.15642	-2.96015	
1460	0.001459	-1.65651	-3.53198	
1461	0.00146	-1.62389	-3.47008	
1462	0.001461	-1.67525	-3.37158	
1463	0.001462	-1.5917	-3.37865	
1464	0.001463	-1.96024	-3.08919	
1465	0.001464	-1.92177	-2.91624	
1466	0.001465	-1.96404	-3.32847	
1467	0.001466	-1.72443	-3.64114	
1468	0.001467	-1.58179	-3.59403	
1469	0.001468	-1.63047	-3.30685	
1470	0.001469	-1.77601	-3.274	
1471	0.00147	-1.76488	-3.24424	
1472	0.001471	-1.81419	-3.11774	
1473	0.001472	-1.95894	-3.02397	
1474	0.001473	-2.0112	-2.97787	
1475	0.001474	-1.88698	-3.12917	
1476	0.001475	-1.71874	-3.28756	
1477	0.001476	-1.65307	-3.23272	
1478	0.001477	-1.97524	-2.99247	
1479	0.001478	-1.79902	-3.08588	
1480	0.001479	-1.89892	-3.0125	
1481	0.00148	-1.80465	-3.27217	
1482	0.001481	-1.66301	-3.29066	
1483	0.001482	-1.60924	-3.19052	
1484	0.001483	-2.007	-2.73479	
1485	0.001484	-1.73891	-3.07145	
1486	0.001485	-1.38004	-3.28465	
1487	0.001486	-1.49261	-3.07363	
1488	0.001487	-1.65983	-3.05088	
1489	0.001488	-1.76598	-2.90358	
1490	0.001489	-1.35033	-3.33932	
1491	0.00149	-1.67551	-2.97961	
1492	0.001491	-1.7927	-2.84988	
1493	0.001492	-1.63832	-2.97519	
1494	0.001493	-1.46527	-3.08004	
1495	0.001494	-1.55809	-3.06562	
1496	0.001495	-1.72683	-2.79716	
1497	0.001496	-1.73677	-2.75427	
1498	0.001497	-1.93393	-2.60385	
1499	0.001498	-1.56741	-2.9708	
1500	0.001499	-1.76209	-2.76552	
1501	0.0015	-1.65786	-2.82504	
1502	0.001501	-1.33652	-3.15166	
1503	0.001502	-1.54992	-2.76556	
1504	0.001503	-1.71638	-2.76228	
1505	0.001504	-1.59106	-2.9615	
1506	0.001505	-1.49695	-2.97869	
1507	0.001506	-1.83233	-2.64344	
1508	0.001507	-1.50251	-3.06979	
1509	0.001508	-1.51814	-3.05356	
1510	0.001509	-1.45251	-3.04135	
1511	0.00151	-1.54548	-2.9693	
1512	0.001511	-1.94836	-2.55936	
1513	0.001512	-1.7607	-2.80434	
1514	0.001513	-1.4195	-3.03679	
1515	0.001514	-1.55316	-2.81702	
1516	0.001515	-1.73803	-2.65504	
1517	0.001516	-1.46532	-3.00335	
1518	0.001517	-1.38856	-3.01722	
1519	0.001518	-1.68969	-2.74887	
1520	0.001519	-1.67347	-2.68917	
1521	0.00152	-1.65209	-2.74198	
1522	0.001521	-1.78252	-2.68493	
1523	0.001522	-1.77256	-2.88048	
1524	0.001523	-1.50225	-3.15886	
1525	0.001524	-1.70621	-2.84477	
1526	0.001525	-1.82428	-2.78393	
1527	0.001526	-1.31273	-3.13728	
1528	0.001527	-1.72846	-2.65693	
1529	0.001528	-1.54386	-2.70502	
1530	0.001529	-1.60084	-2.80382	
1531	0.00153	-1.68229	-2.77722	
1532	0.001531	-1.41784	-2.84523	
1533	0.001532	-1.16147	-3.07397	
1534	0.001533	-1.22251	-2.95167	
1535	0.001534	-1.47396	-2.69538	
1536	0.001535	-1.44335	-2.84053	
1537	0.001536	-1.20966	-3.01358	
1538	0.001537	-1.24136	-2.98156	
1539	0.001538	-1.23052	-3.01172	
1540	0.001539	-1.32663	-2.92922	
1541	0.00154	-1.09842	-3.05449	
1542	0.001541	-1.41675	-2.78509	
1543	0.001542	-1.2744	-2.82254	
1544	0.001543	-1.15033	-2.98922	
1545	0.001544	-1.30646	-2.90352	
1546	0.001545	-1.44014	-2.80302	
1547	0.001546	-1.72237	-2.44654	
1548	0.001547	-1.3653	-3.14728	
1549	0.001548	-1.52424	-3.01449	
1550	0.001549	-1.46362	-2.99452	
1551	0.00155	-1.35595	-3.07432	
1552	0.001551	-1.32814	-2.96308	
1553	0.001552	-1.32806	-2.9455	
1554	0.001553	-1.62477	-2.68203	
1555	0.001554	-1.50419	-2.84647	
1556	0.001555	-1.38696	-3.0001	
1557	0.001556	-1.47482	-2.82847	
1558	0.001557	-1.41102	-2.73446	
1559	0.001558	-1.66873	-2.58339	
1560	0.001559	-1.41106	-3.00163	
1561	0.00156	-1.29031	-3.09508	
1562	0.001561	-1.27588	-2.9645	
1563	0.001562	-1.64188	-2.59062	
1564	0.001563	-1.41706	-3.01674	
1565	0.001564	-1.2541	-3.16347	
1566	0.001565	-1.35493	-3.0196	
1567	0.001566	-1.2162	-3.17995	
1568	0.001567	-1.31928	-2.82835	
1569	0.001568	-1.19354	-2.95374	
1570	0.001569	-1.24449	-2.91238	
1571	0.00157	-1.4812	-2.72896	
1572	0.001571	-1.48431	-2.75553	
1573	0.001572	-1.58391	-2.67027	
1574	0.001573	-1.51392	-2.92491	
1575	0.001574	-1.63111	-2.67903	
1576	0.001575	-1.44699	-2.86046	
1577	0.001576	-1.26648	-3.01307	
1578	0.001577	-1.29301	-2.94254	
1579	0.001578	-1.17004	-3.02732	
1580	0.001579	-1.17666	-2.97956	
1581	0.00158	-1.35385	-2.81786	
1582	0.001581	-1.18157	-2.97739	
1583	0.001582	-1.31435	-2.90669	
1584	0.001583	-1.17714	-2.93476	
1585	0.001584	-1.18858	-2.8783	
1586	0.001585	-1.31578	-2.75349	
1587	0.001586	-1.3881	-2.80042	
1588	0.001587	-1.12148	-3.10517	
1589	0.001588	-1.71114	-2.56564	
1590	0.001589	-1.51555	-2.76802	
1591	0.00159	-1.21643	-3.05321	
1592	0.001591	-1.47245	-3.0853	
1593	0.001592	-1.46591	-3.15699	
1594	0.001593	-1.56974	-3.0579	
1595	0.001594	-1.38726	-3.20942	
1596	0.001595	-1.32127	-3.11739	
1597	0.001596	-1.58659	-2.91354	
1598	0.001597	-1.19947	-3.27902	
1599	0.001598	-1.40567	-3.08755	
1600	0.001599	-1.48515	-2.99624	
1601	0.0016	-1.19756	-3.23837	
1602	0.001601	-1.35128	-2.97017	
1603	0.001602	-1.23543	-3.17132	
1604	0.001603	-1.23447	-3.17048	
1605	0.001604	-1.24037	-3.07521	
1606	0.001605	-1.31034	-3.21216	
1607	0.001606	-1.4653	-3.09744	
1608	0.001607	-1.50894	-2.87844	
1609	0.001608	-1.32812	-3.01913	
1610	0.001609	-1.27735	-2.95931	
1611	0.00161	-1.31529	-2.91908	
1612	0.001611	-1.32534	-2.92806	
1613	0.001612	-1.47886	-3.00326	
1614	0.001613	-1.30019	-3.13311	
1615	0.001614	-1.11399	-3.08137	
1616	0.001615	-1.26201	-2.9687	
1617	0.001616	-1.14388	-3.16524	
1618	0.001617	-1.29819	-3.1271	
1619	0.001618	-1.44952	-3.06522	
1620	0.001619	-1.14497	-3.26329	
1621	0.00162	-1.44318	-3.02259	
1622	0.001621	-1.4266	-3.04969	
1623	0.001622	-1.33768	-3.04651	
1624	0.001623	-1.24975	-3.04838	
1625	0.001624	-1.13206	-3.14322	
1626	0.001625	-1.09387	-3.20754	
1627	0.001626	-1.31671	-3.00314	
1628	0.001627	-1.12978	-3.17705	
1629	0.001628	-1.34892	-2.97681	
1630	0.001629	-1.06459	-3.16246	
1631	0.00163	-1.22443	-2.99983	
1632	0.001631	-1.51884	-2.86004	
1633	0.001632	-1.34339	-2.91697	
1634	0.001633	-1.26758	-3.06354	
1635	0.001634	-1.46039	-2.87976	
1636	0.001635	-1.23729	-3.00385	
1637	0.001636	-1.32659	-2.94459	
1638	0.001637	-1.5252	-2.78939	
1639	0.001638	-1.45547	-2.96221	
1640	0.001639	-1.31094	-3.07689	
1641	0.00164	-1.31114	-2.96043	
1642	0.001641	-1.23085	-2.93892	
1643	0.001642	-1.25076	-2.88323	
1644	0.001643	-1.12889	-2.93429	
1645	0.001644	-1.12579	-2.93771	
1646	0.001645	-1.24486	-2.78527	
1647	0.001646	-1.24099	-2.76943	
1648	0.001647	-1.44611	-3.02768	
1649	0.001648	-1.2962	-3.29646	
1650	0.001649	-1.2212	-3.30221	
1651	0.00165	-1.5589	-2.96407	
1652	0.001651	-1.39763	-2.97657	
1653	0.001652	-1.48898	-3.07344	
1654	0.001653	-1.32976	-3.0944	
1655	0.001654	-1.21818	-3.16126	
1656	0.001655	-1.48329	-3.04259	
1657	0.001656	-0.994904	-3.46119	
1658	0.001657	-1.16411	-3.19053	
1659	0.001658	-1.31026	-2.99507	
1660	0.001659	-1.30379	-2.9147	
1661	0.00166	-1.36502	-2.86644	
1662	0.001661	-1.32215	-3.05599	
1663	0.001662	-1.42574	-2.96806	
1664	0.001663	-1.29371	-3.01725	
1665	0.001664	-1.10458	-3.01722	
1666	0.001665	-0.994209	-3.12086	
1667	0.001666	-1.18252	-2.89901	
1668	0.001667	-1.33124	-2.7954	
1669	0.001668	-1.15631	-3.01832	
1670	0.001669	-1.29801	-2.90404	
1671	0.00167	-1.30735	-3.0511	
1672	0.001671	-1.20663	-3.07672	
1673	0.001672	-1.41702	-2.81347	
1674	0.001673	-1.12377	-3.10756	
1675	0.001674	-1.5184	-2.72251	
1676	0.001675	-1.06231	-3.17775	
1677	0.001676	-1.36243	-2.84811	
1678	0.001677	-1.004	-3.15236	
1679	0.001678	-1.12958	-3.02165	
1680	0.001679	-1.19444	-2.92087	
1681	0.00168	-1.08005	-3.02112	
1682	0.001681	-1.30279	-2.80106	
1683	0.001682	-1.15353	-3.06261	
1684	0.001683	-1.28665	-2.78703	
1685	0.001684	-1.31571	-3.16141	
1686	0.001685	-1.05804	-3.23946	
1687	0.001686	-1.2332	-3.01004	
1688	0.001687	-1.05272	-3.16952	
1689	0.001688	-1.20106	-3.169	
1690	0.001689	-1.14275	-3.26103	
1691	0.00169	-1.10311	-3.22234	
1692	0.001691	-1.06923	-3.23215	
1693	0.001692	-0.909264	-3.24458	
1694	0.001693	-1.21983	-2.98888	
1695	0.001694	-1.04565	-3.09336	
1696	0.001695	-1.07197	-3.08573	
1697	0.001696	-1.3272	-2.80749	
1698	0.001697	-1.05692	-3.12858	
1699	0.001698	-1.207	-3.36231	
1700	0.001699	-1.13424	-3.40089	
1701	0.0017	-1.51015	-2.9928	
1702	0.001701	-1.09638	-3.42349	
1703	0.001702	-1.09701	-3.31169	
1704	0.001703	-1.38965	-3.21388	
1705	0.001704	-1.33976	-3.01919	
1706	0.001705	-1.41278	-3.11862	
1707	0.001706	-1.30648	-3.19164	
1708	0.001707	-1.34486	-3.19232	
1709	0.001708	-1.49804	-3.09749	
1710	0.001709	-1.40463	-3.22633	
1711	0.00171	-0.987059	-3.51596	
1712	0.001711	-1.32439	-3.19283	
1713	0.001712	-1.43707	-3.42446	
1714	0.001713	-1.31436	-3.40575	
1715	0.001714	-1.17943	-3.46899	
1716	0.001715	-1.26016	-3.38217	
1717	0.001716	-1.16406	-3.4514	
1718	0.001717	-1.05874	-3.60782	
1719	0.001718	-1.14218	-3.52181	
1720	0.001719	-1.11369	-3.47308	
1721	0.00172	-1.16731	-3.40372	
1722	0.001721	-1.3638	-3.30154	
1723	0.001722	-1.21528	-3.45276	
1724	0.001723	-1.24641	-3.41147	
1725	0.001724	-1.13847	-3.53371	
1726	0.001725	-1.24512	-3.37614	
1727	0.001726	-1.27714	-3.39297	
1728	0.001727	-1.20488	-3.52164	
1729	0.001728	-1.495	-3.20108	
1730	0.001729	-1.59755	-3.22884	
1731	0.00173	-1.19183	-3.55188	
1732	0.001731	-1.28818	-3.46176	
1733	0.001732	-1.17731	-3.40735	
1734	0.001733	-1.13139	-3.44618	
1735	0.001734	-1.46834	-3.21343	
1736	0.001735	-1.36343	-3.44803	
1737	0.001736	-1.1545	-3.58979	
1738	0.001737	-1.29816	-3.50249	
1739	0.001738	-1.21161	-3.46164	
1740	0.001739	-1.32471	-3.33377	
1741	0.00174	-1.18434	-3.42268	
1742	0.001741	-1.05322	-3.48527	
1743	0.001742	-1.10961	-3.4363	
1744	0.001743	-1.3716	-3.24471	
1745	0.001744	-1.04917	-3.55574	
1746	0.001745	-1.21053	-3.39251	
1747	0.001746	-1.13565	-3.49775	
1748	0.001747	-1.26541	-3.29042	
1749	0.001748	-1.4756	-3.31359	
1750	0.001749	-1.26708	-3.45971	
1751	0.00175	-1.40956	-3.41681	
1752	0.001751	-1.62191	-3.21897	
1753	0.001752	-1.72603	-3.20998	
1754	0.001753	-1.33378	-3.51152	
1755	0.001754	-1.73338	-3.1703	
1756	0.001755	-1.37144	-3.4845	
1757	0.001756	-1.3046	-3.50934	
1758	0.001757	-1.33083	-3.47185	
1759	0.001758	-1.48281	-3.37532	
1760	0.001759	-1.42506	-3.40604	
1761	0.00176	-1.05948	-3.66032	
1762	0.001761	-1.3449	-3.43887	
1763	0.001762	-1.27958	-3.51187	
1764	0.001763	-1.50804	-3.36353	
1765	0.001764	-1.48538	-3.35275	
1766	0.001765	-1.4431	-3.39268	
1767	0.001766	-1.41482	-3.41279	
1768	0.001767	-1.58398	-3.308	
1769	0.001768	-1.48364	-3.44362	
1770	0.001769	-1.42517	-3.43237	
1771	0.00177	-1.54205	-3.40412	
1772	0.001771	-1.4098	-3.51351	
1773	0.001772	-1.34445	-3.55945	
1774	0.001773	-1.52905	-3.38255	
1775	0.001774	-1.27967	-3.65323	
1776	0.001775	-1.31527	-3.51466	
1777	0.001776	-1.52795	-3.40258	
1778	0.001777	-1.77784	-3.20327	
1779	0.001778	-1.43911	-3.49459	
1780	0.001779	-1.47957	-3.44667	
1781	0.00178	-1.61809	-3.3932	
1782	0.001781	-1.50212	-3.38336	
1783	0.001782	-1.51311	-3.39345	
1784	0.001783	-1.47338	-3.48853	
1785	0.001784	-1.41576	-3.49193	
1786	0.001785	-1.33642	-3.64844	
1787	0.001786	-1.30773	-3.59009	
1788	0.001787	-1.85286	-3.17376	
1789	0.001788	-1.51951	-3.49186	
1790	0.001789	-1.38221	-3.58883	
1791	0.00179	-1.70455	-3.32087	
1792	0.001791	-1.325	-3.58324	
1793	0.001792	-1.25467	-3.54361	
1794	0.001793	-1.58916	-3.30969	
1795	0.001794	-1.46484	-3.51823	
1796	0.001795	-1.38552	-3.46809	
1797	0.001796	-1.65291	-3.35355	
1798	0.001797	-1.52228	-3.54894	
1799	0.001798	-1.42541	-3.5414	
1800	0.001799	-1.45665	-3.49676	
1801	0.0018	-1.55107	-3.45843	
1802	0.001801	-1.48152	-3.55524	
1803	0.001802	-1.3532	-3.62125	
1804	0.001803	-1.83036	-3.21203	
1805	0.001804	-1.98918	-3.09322	
1806	0.001805	-1.95187	-3.1518	
1807	0.001806	-1.65113	-3.41891	
1808	0.001807	-1.49079	-3.66875	
1809	0.001808	-1.57612	-3.5272	
1810	0.001809	-1.43018	-3.54859	
1811	0.00181	-1.40253	-3.52663	
1812	0.001811	-1.58725	-3.31687	
1813	0.001812	-1.4799	-3.29647	
1814	0.001813	-1.37654	-3.37669	
1815	0.001814	-1.26013	-3.52206	
1816	0.001815	-1.39749	-3.34469	
1817	0.001816	-1.21527	-3.47026	
1818	0.001817	-1.15634	-3.46961	
1819	0.001818	-1.20556	-3.34147	
1820	0.001819	-1.46874	-3.16803	
1821	0.00182	-1.29625	-3.2306	
1822	0.001821	-1.39951	-3.51267	
1823	0.001822	-1.21678	-3.54663	
1824	0.001823	-1.40075	-3.19923	
1825	0.001824	-1.49027	-3.08731	
1826	0.001825	-1.60698	-3.01435	
1827	0.001826	-1.48693	-3.06427	
1828	0.001827	-1.34712	-3.16525	
1829	0.001828	-1.26079	-3.22437	
1830	0.001829	-1.31598	-3.6561	
1831	0.00183	-1.25346	-3.58471	
1832	0.001831	-1.20668	-3.48198	
1833	0.001832	-1.29212	-3.5228	
1834	0.001833	-1.35347	-3.36948	
1835	0.001834	-1.65639	-3.04082	
1836	0.001835	-2.07479	-2.74444	
1837	0.001836	-1.56348	-3.06615	
1838	0.001837	-1.31231	-3.14078	
1839	0.001838	-1.6173	-2.75068	
1840	0.001839	-1.71159	-2.60866	
1841	0.00184	-1.24062	-3.01472	
1842	0.001841	-1.40078	-2.73245	
1843	0.001842	-1.5479	-2.72223	
1844	0.001843	-1.75689	-2.51125	
1845	0.001844	-1.54514	-2.73278	
1846	0.001845	-1.4992	-2.86617	
1847	0.001846	-1.30537	-2.95525	
1848	0.001847	-1.3598	-2.90986	
1849	0.001848	-1.51398	-2.9905	
1850	0.001849	-1.42626	-3.23275	
1851	0.00185	-1.30666	-3.3849	
1852	0.001851	-1.52021	-3.12119	
1853	0.001852	-1.6022	-3.00103	
1854	0.001853	-1.43887	-3.03035	
1855	0.001854	-1.72104	-2.95984	
1856	0.001855	-1.38495	-3.2523	
1857	0.001856	-1.27857	-3.25653	
1858	0.001857	-1.51063	-3.04374	
1859	0.001858	-1.3171	-3.18054	
1860	0.001859	-1.21704	-3.24892	
1861	0.00186	-1.2903	-3.13964	
1862	0.001861	-1.3817	-2.98561	
1863	0.001862	-1.20575	-3.07613	
1864	0.001863	-1.18745	-3.05049	
1865	0.001864	-1.29706	-2.97206	
1866	0.001865	-1.36297	-2.897	
1867	0.001866	-1.34335	-2.94964	
1868	0.001867	-1.46578	-2.86081	
1869	0.001868	-1.53558	-2.8062	
1870	0.001869	-1.40027	-2.91187	
1871	0.00187	-1.36018	-2.88553	
1872	0.001871	-1.7237	-2.59137	
1873	0.001872	-1.56384	-2.72337	
1874	0.001873	-1.36429	-2.90767	
1875	0.001874	-1.44903	-2.78105	
1876	0.001875	-1.49874	-2.77924	
1877	0.001876	-1.4664	-2.85987	
1878	0.001877	-1.39697	-2.953	
1879	0.001878	-1.63879	-2.67488	
1880	0.001879	-1.3576	-2.99211	
1881	0.00188	-1.46493	-2.88242	
1882	0.001881	-1.40139	-2.93794	
1883	0.001882	-1.93401	-2.50905	
1884	0.001883	-1.95752	-2.6145	
1885	0.001884	-1.48888	-3.07803	
1886	0.001885	-1.70046	-2.74153	
1887	0.001886	-1.59217	-2.81204	
1888	0.001887	-1.41581	-2.93176	
1889	0.001888	-1.60831	-2.74921	
1890	0.001889	-1.59067	-2.75436	
1891	0.00189	-1.64063	-2.73639	
1892	0.001891	-1.53949	-2.81287	
1893	0.001892	-1.54742	-2.90557	
1894	0.001893	-1.60074	-3.13879	
1895	0.001894	-1.57638	-3.10287	
1896	0.001895	-1.86045	-2.87928	
1897	0.001896	-1.58981	-3.19088	
1898	0.001897	-1.61664	-3.23864	
1899	0.001898	-1.7404	-3.17531	
1900	0.001899	-1.64986	-3.36255	
1901	0.0019	-1.53244	-3.32182	
1902	0.001901	-1.56194	-3.29311	
1903	0.001902	-1.66548	-3.06106	
1904	0.001903	-1.64319	-3.11386	
1905	0.001904	-1.73433	-3.12325	
1906	0.001905	-1.63869	-3.23481	
1907	0.001906	-1.57439	-3.17688	
1908	0.001907	-1.74531	-3.05596	
1909	0.001908	-1.64852	-3.15225	
1910	0.001909	-1.52553	-3.34209	
1911	0.00191	-1.58455	-3.18553	
1912	0.001911	-1.37024	-3.30016	
1913	0.001912	-1.28631	-3.29832	
1914	0.001913	-1.37357	-3.18095	
1915	0.001914	-1.67216	-2.91546	
1916	0.001915	-1.3868	-3.15182	
1917	0.001916	-1.45958	-3.24502	
1918	0.001917	-1.75714	-3.01327	
1919	0.001918	-1.44767	-3.37126	
1920	0.001919	-1.60189	-3.11741	
1921	0.00192	-1.33552	-3.41845	
1922	0.001921	-1.47524	-3.28453	
1923	0.001922	-1.4514	-3.30126	
1924	0.001923	-1.63434	-3.14647	
1925	0.001924	-1.89914	-2.98933	
1926	0.001925	-1.55701	-3.31063	
1927	0.001926	-1.44385	-3.3592	
1928	0.001927	-1.86984	-2.86835	
1929	0.001928	-1.85454	-2.9885	
1930	0.001929	-1.82648	-3.04016	
1931	0.00193	-1.77938	-3.03359	
1932	0.001931	-1.8038	-3.07942	
1933	0.001932	-1.61683	-3.19724	
1934	0.001933	-1.65163	-3.11761	
1935	0.001934	-1.80283	-2.96906	
1936	0.001935	-1.96349	-2.78734	
1937	0.001936	-1.86364	-3.01621	
1938	0.001937	-1.75774	-3.09509	
1939	0.001938	-1.73813	-3.10714	
1940	0.001939	-1.7513	-3.11771	
1941	0.00194	-1.49435	-3.25667	
1942	0.001941	-2.20192	-2.78186	
1943	0.001942	-1.72444	-3.1379	
1944	0.001943	-2.07489	-2.83912	
1945	0.001944	-1.84022	-3.04384	
1946	0.001945	-1.5815	-3.25753	
1947	0.001946	-1.48097	-3.23629	
1948	0.001947	-1.67278	-3.06751	
1949	0.001948	-1.59622	-3.14832	
1950	0.001949	-1.60314	-3.19336	
1951	0.00195	-1.55365	-3.29376	
1952	0.001951	-1.56917	-3.1379	
1953	0.001952	-1.57977	-3.1102	
1954	0.001953	-1.44181	-3.25016	
1955	0.001954	-1.56764	-3.0965	
1956	0.001955	-1.53303	-3.08604	
1957	0.001956	-1.578	-2.98632	
1958	0.001957	-1.57104	-3.07259	
1959	0.001958	-1.43013	-3.20281	
1960	0.001959	-1.1963	-3.34006	
1961	0.00196	-1.40376	-3.18831	
1962	0.001961	-1.32075	-3.29783	
1963	0.001962	-1.43506	-3.15914	
1964	0.001963	-1.25939	-3.26699	
1965	0.001964	-1.87929	-2.78958	
1966	0.001965	-1.75284	-3.07539	
1967	0.001966	-1.54601	-3.284	
1968	0.001967	-1.70979	-3.1217	
1969	0.001968	-1.64628	-3.53746	
1970	0.001969	-1.56957	-3.56054	
1971	0.00197	-1.56106	-3.4298	
1972	0.001971	-1.55232	-3.5093	
1973	0.001972	-1.35116	-3.563	
1974	0.001973	-1.52219	-3.4437	
1975	0.001974	-1.6897	-3.36465	
1976	0.001975	-1.45761	-3.53387	
1977	0.001976	-1.38794	-3.46172	
1978	0.001977	-1.63584	-3.29667	
1979	0.001978	-1.90664	-3.06001	
1980	0.001979	-1.37923	-3.53575	
1981	0.00198	-1.82382	-3.36936	
1982	0.001981	-1.71476	-3.58507	
1983	0.001982	-1.56321	-3.75992	
1984	0.001983	-1.87532	-3.36999	
1985	0.001984	-1.77099	-3.51734	
1986	0.001985	-1.36152	-3.84274	
1987	0.001986	-1.47442	-3.80684	
1988	0.001987	-1.72487	-3.35541	
1989	0.001988	-1.56111	-3.5187	
1990	0.001989	-1.55588	-3.60695	
1991	0.00199	-1.58431	-3.47366	
1992	0.001991	-1.69729	-3.36081	
1993	0.001992	-1.4857	-3.54232	
1994	0.001993	-1.52943	-3.5128	
1995	0.001994	-1.45406	-3.48989	
1996	0.001995	-1.57418	-3.43028	
1997	0.001996	-1.60664	-3.41518	
1998	0.001997	-1.42762	-3.55948	
1999	0.001998	-1.67963	-3.2729	
2000	0.001999	-1.59594	-3.44379	
2001	0.002	-1.73157	-3.2631	
2002	0.002001	-1.39118	-3.59083	
2003	0.002002	-1.77994	-3.22272	
2004	0.002003	-1.65098	-3.37298	
2005	0.002004	-1.80654	-3.30516	
2006	0.002005	-1.77274	-3.34889	
2007	0.002006	-1.73454	-3.31547	
2008	0.002007	-1.80999	-3.207	
2009	0.002008	-1.69355	-3.30122	
2010	0.002009	-1.4535	-3.44703	
2011	0.00201	-1.79864	-3.16126	
2012	0.002011	-1.40823	-3.54865	
2013	0.002012	-1.64966	-3.36284	
2014	0.002013	-1.62436	-3.63803	
2015	0.002014	-1.74443	-3.43921	
2016	0.002015	-2.12185	-3.17075	
2017	0.002016	-2.28346	-3.00972	
2018	0.002017	-1.59776	-3.59479	
2019	0.002018	-1.45924	-3.60096	
2020	0.002019	-1.6268	-3.53139	
2021	0.00202	-1.83763	-3.37856	
2022	0.002021	-1.61789	-3.78244	
2023	0.002022	-1.67907	-3.59755	
2024	0.002023	-1.46979	-3.61304	
2025	0.002024	-1.56278	-3.56439	
2026	0.002025	-1.37432	-3.80076	
2027	0.002026	-1.21408	-3.94402	
2028	0.002027	-1.65607	-3.44411	
2029	0.002028	-1.70945	-3.47385	
2030	0.002029	-1.80566	-3.24202	
2031	0.00203	-1.71843	-3.34385	
2032	0.002031	-1.75467	-3.36185	
2033	0.002032	-1.83978	-3.35345	
2034	0.002033	-1.55217	-3.6493	
2035	0.002034	-1.88195	-3.46815	
2036	0.002035	-1.4229	-3.80804	
2037	0.002036	-1.6207	-3.55383	
2038	0.002037	-1.47648	-3.54876	
2039	0.002038	-1.55392	-3.63434	
2040	0.002039	-1.65318	-3.53993	
2041	0.00204	-1.54226	-3.73564	
2042	0.002041	-1.33696	-3.78575	
2043	0.002042	-1.48872	-3.66151	
2044	0.002043	-1.6324	-3.45528	
2045	0.002044	-1.62769	-3.47615	
2046	0.002045	-1.64155	-3.43577	
2047	0.002046	-1.54706	-3.75393	
2048	0.002047	-1.60796	-3.78549	
2049	0.002048	-1.37143	-3.92262	
2050	0.002049	-1.63863	-3.6085	
2051	0.00205	-1.32523	-3.83022	
2052	0.002051	-1.54964	-3.70243	
2053	0.002052	-1.82789	-3.35961	
2054	0.002053	-1.67167	-3.5814	
2055	0.002054	-1.69662	-3.47713	
2056	0.002055	-1.7951	-3.41132	
2057	0.002056	-1.667	-3.42054	
2058	0.002057	-1.38396	-3.65543	
2059	0.002058	-1.22186	-3.66229	
2060	0.002059	-1.76153	-3.17561	
2061	0.00206	-1.47402	-3.28524	
2062	0.002061	-1.61745	-3.22727	
2063	0.002062	-1.30606	-3.52916	
2064	0.002063	-1.39584	-3.37142	
2065	0.002064	-1.52483	-3.29726	
2066	0.002065	-1.51896	-3.44086	
2067	0.002066	-1.47912	-3.4574	
2068	0.002067	-1.35718	-3.56429	
2069	0.002068	-1.3394	-3.5187	
2070	0.002069	-1.49087	-3.33281	
2071	0.00207	-1.55549	-3.57506	
2072	0.002071	-1.63098	-3.71689	
2073	0.002072	-1.65094	-3.44127	
2074	0.002073	-1.65705	-3.30997	
2075	0.002074	-1.50932	-3.4966	
2076	0.002075	-1.46686	-3.52305	
2077	0.002076	-1.55512	-3.37562	
2078	0.002077	-1.3823	-3.6205	
2079	0.002078	-1.5035	-3.5439	
2080	0.002079	-1.29988	-3.66205	
2081	0.00208	-1.38374	-3.6281	
2082	0.002081	-1.4458	-3.53915	
2083	0.002082	-1.20094	-3.69092	
2084	0.002083	-1.36807	-3.61127	
2085	0.002084	-1.6624	-3.59058	
2086	0.002085	-1.48867	-3.88992	
2087	0.002086	-1.56494	-3.73306	
2088	0.002087	-1.32822	-4.03085	
2089	0.002088	-1.41555	-3.9787	
2090	0.002089	-1.30626	-4.14517	
2091	0.00209	-1.40095	-4.04075	
2092	0.002091	-1.33351	-3.9618	
2093	0.002092	-1.49804	-3.80676	
2094	0.002093	-1.64962	-3.59747	
2095	0.002094	-1.59	-3.6904	
2096	0.002095	-1.30541	-3.94387	
2097	0.002096	-1.48905	-3.77135	
2098	0.002097	-1.24905	-3.92341	
2099	0.002098	-1.62574	-3.59949	
2100	0.002099	-1.3135	-3.85267	
2101	0.0021	-1.39253	-3.79351	
2102	0.002101	-1.4147	-3.84948	
2103	0.002102	-1.18159	-4.10172	
2104	0.002103	-1.2292	-3.94865	
2105	0.002104	-1.27177	-3.95517	
2106	0.002105	-1.45747	-3.72964	
2107	0.002106	-1.69141	-3.49874	
2108	0.002107	-1.40852	-3.68931	
2109	0.002108	-1.43012	-3.65363	
2110	0.002109	-1.39534	-3.6091	
2111	0.00211	-1.47251	-3.56042	
2112	0.002111	-1.41597	-3.60412	
2113	0.002112	-1.63045	-3.44381	
2114	0.002113	-1.47637	-3.63195	
2115	0.002114	-1.31805	-3.62038	
2116	0.002115	-1.54941	-3.52472	
2117	0.002116	-1.50599	-3.56745	
2118	0.002117	-1.49945	-3.47847	
