CompteurTemps	Temps	Cx0	Cy0	
1	0	-580.533	144.96	
2	1e-06	-286.208	49.7048	
3	2e-06	-49.9366	-140.277	
4	3e-06	-36.4512	-123.768	
5	4e-06	-26.8781	-108.472	
6	5e-06	-26.4517	-91.5796	
7	6e-06	-20.7138	-81.654	
8	7e-06	-18.1862	-70.4071	
9	8e-06	-17.0345	-61.0806	
10	9e-06	-15.8458	-53.6644	
11	1e-05	-15.2032	-46.8653	
12	1.1e-05	-15.2916	-40.7474	
13	1.2e-05	-12.5051	-37.2189	
14	1.3e-05	-11.9534	-32.8762	
15	1.4e-05	-11.706	-29.3574	
16	1.5e-05	-10.3836	-27.5112	
17	1.6e-05	-8.7697	-25.6428	
18	1.7e-05	-9.60811	-22.9575	
19	1.8e-05	-9.38504	-21.3089	
20	1.9e-05	-8.31008	-20.6515	
21	2e-05	-7.73896	-19.3924	
22	2.1e-05	-8.40738	-17.5592	
23	2.2e-05	-9.29188	-16.416	
24	2.3e-05	-7.92029	-16.3679	
25	2.4e-05	-7.31618	-15.8553	
26	2.5e-05	-8.8153	-13.8961	
27	2.6e-05	-8.76833	-14.4033	
28	2.7e-05	-8.11323	-14.1877	
29	2.8e-05	-6.51002	-15.286	
30	2.9e-05	-7.10239	-14.0134	
31	3e-05	-8.50772	-12.7487	
32	3.1e-05	-7.24938	-13.6663	
33	3.2e-05	-6.42786	-13.9239	
34	3.3e-05	-5.88178	-14.5025	
35	3.4e-05	-6.70448	-13.5245	
36	3.5e-05	-5.90801	-14.1137	
37	3.6e-05	-7.04106	-13.6509	
38	3.7e-05	-6.34597	-14.4108	
39	3.8e-05	-7.09554	-13.3669	
40	3.9e-05	-6.51545	-13.5238	
41	4e-05	-6.00991	-13.5487	
42	4.1e-05	-5.04787	-14.1325	
43	4.2e-05	-5.93413	-13.8446	
44	4.3e-05	-5.7061	-13.9288	
45	4.4e-05	-6.50179	-13.5849	
46	4.5e-05	-5.57828	-14.496	
47	4.6e-05	-6.83517	-13.4287	
48	4.7e-05	-4.99249	-14.7892	
49	4.8e-05	-5.59097	-14.097	
50	4.9e-05	-6.29158	-14.0687	
51	5e-05	-6.51151	-14.2042	
52	5.1e-05	-6.1933	-14.8187	
53	5.2e-05	-6.11343	-14.9787	
54	5.3e-05	-5.72749	-15.5471	
55	5.4e-05	-7.49012	-13.8055	
56	5.5e-05	-6.35844	-15.0668	
57	5.6e-05	-7.00434	-14.7036	
58	5.7e-05	-6.02585	-15.5	
59	5.8e-05	-6.2857	-15.2716	
60	5.9e-05	-6.34797	-15.7167	
61	6e-05	-6.37536	-15.953	
62	6.1e-05	-7.86304	-14.4013	
63	6.2e-05	-5.66203	-16.7736	
64	6.3e-05	-6.59196	-16.0028	
65	6.4e-05	-7.04531	-15.3921	
66	6.5e-05	-6.46622	-15.758	
67	6.6e-05	-5.71306	-16.5608	
68	6.7e-05	-6.51155	-15.298	
69	6.8e-05	-5.86367	-15.865	
70	6.9e-05	-6.75382	-15.065	
71	7e-05	-6.53784	-15.4268	
72	7.1e-05	-5.89485	-16.1563	
73	7.2e-05	-4.95598	-16.8539	
74	7.3e-05	-5.34348	-16.2378	
75	7.4e-05	-5.23488	-16.5657	
76	7.5e-05	-5.86819	-16.0486	
77	7.6e-05	-5.4083	-16.5922	
78	7.7e-05	-5.49832	-17.2287	
79	7.8e-05	-5.3371	-17.5472	
80	7.9e-05	-6.55138	-16.7839	
81	8e-05	-6.67507	-16.6998	
82	8.1e-05	-6.23397	-16.8837	
83	8.2e-05	-6.02996	-17.0883	
84	8.3e-05	-6.3968	-17.1956	
85	8.4e-05	-6.1501	-16.9237	
86	8.5e-05	-6.33342	-17.5481	
87	8.6e-05	-6.41256	-17.2324	
88	8.7e-05	-5.85354	-17.5844	
89	8.8e-05	-6.36035	-17.0103	
90	8.9e-05	-6.06866	-16.9191	
91	9e-05	-6.10177	-17.3754	
92	9.1e-05	-5.41978	-17.6987	
93	9.2e-05	-7.0203	-16.2946	
94	9.3e-05	-6.50603	-17.1234	
95	9.4e-05	-5.82051	-18.0094	
96	9.5e-05	-6.24797	-17.34	
97	9.6e-05	-5.60216	-18.0674	
98	9.7e-05	-5.69799	-18.0635	
99	9.8e-05	-5.99807	-17.6485	
100	9.9e-05	-5.45371	-18.1669	
101	0.0001	-5.41116	-18.3875	
102	0.000101	-6.16681	-17.5871	
103	0.000102	-5.09267	-18.615	
104	0.000103	-5.30209	-18.0057	
105	0.000104	-6.65093	-17.0444	
106	0.000105	-6.13504	-17.75	
107	0.000106	-6.29162	-17.1329	
108	0.000107	-5.76124	-17.6056	
109	0.000108	-7.99428	-16.3197	
110	0.000109	-8.50433	-16.6119	
111	0.00011	-6.05812	-17.8729	
112	0.000111	-5.52017	-18.7069	
113	0.000112	-6.26631	-17.8937	
114	0.000113	-6.22065	-17.5822	
115	0.000114	-5.05164	-19.0022	
116	0.000115	-5.29854	-18.72	
117	0.000116	-6.51101	-17.9219	
118	0.000117	-5.04158	-19.6255	
119	0.000118	-5.15023	-18.8121	
120	0.000119	-6.40842	-17.6791	
121	0.00012	-5.52446	-18.2292	
122	0.000121	-5.62878	-18.2893	
123	0.000122	-6.68881	-17.234	
124	0.000123	-5.396	-18.7667	
125	0.000124	-5.9447	-18.2343	
126	0.000125	-6.31408	-18.4913	
127	0.000126	-6.30287	-18.6737	
128	0.000127	-5.24683	-19.5175	
129	0.000128	-6.09679	-18.2729	
130	0.000129	-5.66517	-18.3711	
131	0.00013	-5.6452	-18.2941	
132	0.000131	-6.37756	-17.7014	
133	0.000132	-5.69962	-18.0649	
134	0.000133	-5.38929	-18.2799	
135	0.000134	-5.32873	-18.4724	
136	0.000135	-5.00576	-18.6792	
137	0.000136	-5.17989	-18.569	
138	0.000137	-5.37906	-18.5496	
139	0.000138	-5.81179	-18.0511	
140	0.000139	-6.07142	-17.7575	
141	0.00014	-5.72091	-18.3577	
142	0.000141	-6.54458	-18.4017	
143	0.000142	-5.76944	-18.6338	
144	0.000143	-5.94251	-18.7461	
145	0.000144	-6.8897	-18.7766	
146	0.000145	-6.43077	-18.9489	
147	0.000146	-5.72353	-19.2024	
148	0.000147	-6.09075	-18.3518	
149	0.000148	-5.70029	-19.2763	
150	0.000149	-5.42689	-19.7899	
151	0.00015	-5.60842	-19.9554	
152	0.000151	-5.48778	-19.9122	
153	0.000152	-5.73623	-19.5188	
154	0.000153	-5.7386	-19.0079	
155	0.000154	-5.35682	-19.4406	
156	0.000155	-6.09607	-18.6795	
157	0.000156	-5.72353	-19.5502	
158	0.000157	-5.30165	-19.561	
159	0.000158	-5.69588	-19.3242	
160	0.000159	-5.56377	-19.4255	
161	0.00016	-5.64678	-19.5208	
162	0.000161	-5.79718	-19.3099	
163	0.000162	-5.45581	-19.5838	
164	0.000163	-5.55801	-19.3969	
165	0.000164	-6.44313	-18.2985	
166	0.000165	-6.08757	-18.4801	
167	0.000166	-5.71575	-19.2061	
168	0.000167	-6.47114	-18.1432	
169	0.000168	-5.20839	-19.1615	
170	0.000169	-5.75533	-18.9147	
171	0.00017	-5.78259	-18.89	
172	0.000171	-5.99748	-18.6511	
173	0.000172	-5.08518	-19.5914	
174	0.000173	-5.51668	-19.0077	
175	0.000174	-5.64716	-19.3017	
176	0.000175	-5.66825	-19.2897	
177	0.000176	-5.58913	-19.7275	
178	0.000177	-5.48855	-19.769	
179	0.000178	-4.8669	-20.3407	
180	0.000179	-5.72738	-19.7705	
181	0.00018	-5.93668	-19.6995	
182	0.000181	-6.64468	-19.137	
183	0.000182	-6.20091	-19.4292	
184	0.000183	-6.45509	-19.3298	
185	0.000184	-5.86745	-20.0112	
186	0.000185	-6.20842	-19.6283	
187	0.000186	-5.70584	-19.7267	
188	0.000187	-5.8765	-20.0293	
189	0.000188	-5.77209	-20.0461	
190	0.000189	-6.28647	-19.5904	
191	0.00019	-5.79871	-19.7834	
192	0.000191	-6.06887	-19.6963	
193	0.000192	-6.09891	-19.5608	
194	0.000193	-5.72406	-20.2754	
195	0.000194	-7.11074	-19.8506	
196	0.000195	-6.81721	-19.8717	
197	0.000196	-5.70378	-20.2511	
198	0.000197	-5.32487	-20.399	
199	0.000198	-6.51261	-19.8337	
200	0.000199	-5.8326	-20.5392	
201	0.0002	-6.13946	-21.4437	
202	0.000201	-5.4964	-22.2875	
203	0.000202	-6.4245	-21.449	
204	0.000203	-5.81392	-22.5865	
205	0.000204	-6.21558	-22.2135	
206	0.000205	-7.31148	-21.2308	
207	0.000206	-8.02371	-20.2771	
208	0.000207	-6.85665	-20.9688	
209	0.000208	-6.08044	-21.4182	
210	0.000209	-7.73751	-19.991	
211	0.00021	-6.71616	-21.0113	
212	0.000211	-6.29212	-21.4788	
213	0.000212	-7.78096	-20.5864	
214	0.000213	-6.31295	-21.4681	
215	0.000214	-5.90304	-22.279	
216	0.000215	-6.00921	-22.213	
217	0.000216	-5.68303	-22.1679	
218	0.000217	-6.12621	-21.8271	
219	0.000218	-7.02593	-21.1387	
220	0.000219	-6.72553	-21.6182	
221	0.00022	-6.71628	-20.8974	
222	0.000221	-6.99976	-21.1436	
223	0.000222	-6.77957	-21.517	
224	0.000223	-5.76883	-21.8489	
225	0.000224	-6.51843	-22.1686	
226	0.000225	-6.58723	-22.2737	
227	0.000226	-5.74306	-22.7845	
228	0.000227	-6.1386	-22.1263	
229	0.000228	-5.90042	-22.8026	
230	0.000229	-6.85595	-21.9465	
231	0.00023	-7.4156	-21.8844	
232	0.000231	-7.14674	-22.5239	
233	0.000232	-6.90386	-22.5329	
234	0.000233	-6.48276	-23.1393	
235	0.000234	-6.91538	-22.7084	
236	0.000235	-6.09075	-23.808	
237	0.000236	-6.27926	-23.6768	
238	0.000237	-6.93974	-23.2625	
239	0.000238	-6.113	-23.8856	
240	0.000239	-7.47201	-21.9608	
241	0.00024	-7.66791	-22.8792	
242	0.000241	-7.22639	-23.7751	
243	0.000242	-8.33215	-23.7304	
244	0.000243	-7.9422	-24.7057	
245	0.000244	-8.20674	-24.6646	
246	0.000245	-6.68258	-25.5309	
247	0.000246	-6.21636	-25.7049	
248	0.000247	-8.07896	-24.4425	
249	0.000248	-7.02816	-25.1721	
250	0.000249	-6.47881	-25.7394	
251	0.00025	-7.00215	-24.7519	
252	0.000251	-8.10219	-24.1053	
253	0.000252	-7.0982	-25.1939	
254	0.000253	-7.17603	-25.5138	
255	0.000254	-7.85855	-25.3434	
256	0.000255	-6.36958	-26.0527	
257	0.000256	-6.98724	-25.6889	
258	0.000257	-7.01842	-25.9484	
259	0.000258	-7.37213	-25.7614	
260	0.000259	-6.42151	-26.4809	
261	0.00026	-6.6284	-26.2023	
262	0.000261	-7.18898	-25.1421	
263	0.000262	-7.62257	-25.6625	
264	0.000263	-6.56817	-25.9895	
265	0.000264	-7.48802	-25.4623	
266	0.000265	-7.56906	-25.6915	
267	0.000266	-7.82422	-25.609	
268	0.000267	-7.51052	-25.8505	
269	0.000268	-8.13051	-25.3951	
270	0.000269	-8.65051	-25.4298	
271	0.00027	-6.67523	-27.1278	
272	0.000271	-7.6805	-25.4808	
273	0.000272	-6.95241	-26.2148	
274	0.000273	-8.22916	-25.7902	
275	0.000274	-8.02879	-25.5612	
276	0.000275	-8.59757	-26.6428	
277	0.000276	-9.49513	-25.5028	
278	0.000277	-8.66624	-26.1593	
279	0.000278	-6.99448	-27.1112	
280	0.000279	-7.96634	-26.3506	
281	0.00028	-9.88464	-25.3146	
282	0.000281	-7.94021	-27.0906	
283	0.000282	-8.83983	-26.047	
284	0.000283	-8.4992	-26.0862	
285	0.000284	-9.20046	-25.4936	
286	0.000285	-8.72035	-26.3912	
287	0.000286	-7.49315	-26.9436	
288	0.000287	-7.95694	-26.5783	
289	0.000288	-8.28856	-26.4951	
290	0.000289	-8.47497	-26.2121	
291	0.00029	-8.33127	-26.1475	
292	0.000291	-8.63597	-26.7407	
293	0.000292	-9.24909	-26.0001	
294	0.000293	-7.64484	-27.5468	
295	0.000294	-8.19694	-27.2569	
296	0.000295	-8.41069	-25.5135	
297	0.000296	-7.65728	-26.7322	
298	0.000297	-9.06949	-24.6405	
299	0.000298	-8.51127	-26.2893	
300	0.000299	-7.24385	-26.9904	
301	0.0003	-8.1817	-26.1012	
302	0.000301	-7.56478	-26.3978	
303	0.000302	-7.93742	-25.7122	
304	0.000303	-7.19992	-25.6347	
305	0.000304	-7.22622	-25.5759	
306	0.000305	-8.39977	-24.2061	
307	0.000306	-7.14093	-25.7927	
308	0.000307	-8.12926	-24.9034	
309	0.000308	-7.17084	-25.6114	
310	0.000309	-8.39912	-25.1134	
311	0.00031	-9.18683	-24.3238	
312	0.000311	-8.35427	-24.5185	
313	0.000312	-7.67372	-25.24	
314	0.000313	-7.43564	-24.8859	
315	0.000314	-7.59699	-25.1839	
316	0.000315	-7.60656	-23.9441	
317	0.000316	-8.89207	-23.4535	
318	0.000317	-8.91856	-23.8573	
319	0.000318	-8.30569	-24.2062	
320	0.000319	-8.34134	-24.1112	
321	0.00032	-7.8282	-24.7654	
322	0.000321	-8.45573	-23.6761	
323	0.000322	-6.70452	-24.9503	
324	0.000323	-7.28345	-23.6572	
325	0.000324	-8.26699	-22.8098	
326	0.000325	-7.76787	-23.0937	
327	0.000326	-7.43815	-23.4126	
328	0.000327	-6.48701	-23.7193	
329	0.000328	-7.59627	-22.1533	
330	0.000329	-8.21977	-21.6406	
331	0.00033	-7.22113	-22.6436	
332	0.000331	-6.91177	-22.1822	
333	0.000332	-7.08708	-21.7693	
334	0.000333	-7.03394	-21.9294	
335	0.000334	-7.48971	-21.0859	
336	0.000335	-6.80005	-21.2531	
337	0.000336	-7.38564	-20.9479	
338	0.000337	-6.2929	-21.6954	
339	0.000338	-6.42593	-21.0249	
340	0.000339	-6.33932	-21.2288	
341	0.00034	-6.40268	-20.7772	
342	0.000341	-6.85167	-20.2475	
343	0.000342	-6.5199	-20.7131	
344	0.000343	-7.92202	-19.3007	
345	0.000344	-7.00216	-20.3103	
346	0.000345	-6.47519	-20.5816	
347	0.000346	-5.35056	-20.7744	
348	0.000347	-6.62541	-18.5085	
349	0.000348	-5.10481	-20.3069	
350	0.000349	-6.834	-18.3774	
351	0.00035	-7.26967	-17.817	
352	0.000351	-5.6677	-18.911	
353	0.000352	-6.37347	-18.1172	
354	0.000353	-6.46176	-17.7089	
355	0.000354	-6.39844	-17.6456	
356	0.000355	-7.78881	-16.1742	
357	0.000356	-7.36378	-16.3976	
358	0.000357	-6.28192	-16.8564	
359	0.000358	-6.20327	-16.8688	
360	0.000359	-6.31282	-16.5819	
361	0.00036	-5.95975	-17.1526	
362	0.000361	-6.86011	-17.0469	
363	0.000362	-6.71464	-16.774	
364	0.000363	-6.96961	-16.447	
365	0.000364	-5.24782	-17.5555	
366	0.000365	-6.11765	-16.8455	
367	0.000366	-5.88701	-16.4147	
368	0.000367	-5.37167	-16.5667	
369	0.000368	-5.87532	-16.4258	
370	0.000369	-6.43862	-15.8057	
371	0.00037	-6.02662	-16.046	
372	0.000371	-5.7362	-16.373	
373	0.000372	-7.0346	-15.2454	
374	0.000373	-5.66591	-16.6168	
375	0.000374	-5.48726	-16.7823	
376	0.000375	-5.30207	-16.5181	
377	0.000376	-5.27764	-16.6861	
378	0.000377	-5.65139	-16.9847	
379	0.000378	-6.38294	-15.957	
380	0.000379	-6.2083	-16.1711	
381	0.00038	-6.44713	-15.8505	
382	0.000381	-5.76393	-15.7269	
383	0.000382	-6.25676	-16.7553	
384	0.000383	-6.48071	-16.8757	
385	0.000384	-6.92965	-16.8901	
386	0.000385	-5.85219	-17.5983	
387	0.000386	-6.22901	-17.2822	
388	0.000387	-6.0746	-17.465	
389	0.000388	-5.98076	-17.3298	
390	0.000389	-5.84354	-16.5729	
391	0.00039	-6.39365	-17.4876	
392	0.000391	-6.3595	-17.1285	
393	0.000392	-5.14901	-18.1287	
394	0.000393	-6.79464	-16.8193	
395	0.000394	-6.79363	-17.3338	
396	0.000395	-6.29356	-17.7748	
397	0.000396	-6.71965	-17.3979	
398	0.000397	-7.59605	-16.9306	
399	0.000398	-6.63471	-18.1845	
400	0.000399	-6.18802	-18.2786	
401	0.0004	-7.50454	-17.4344	
402	0.000401	-6.7119	-17.8252	
403	0.000402	-6.2645	-18.3585	
404	0.000403	-7.099	-17.9745	
405	0.000404	-5.88631	-18.9023	
406	0.000405	-6.78621	-18.1498	
407	0.000406	-7.30864	-17.9312	
408	0.000407	-6.22752	-19.0472	
409	0.000408	-6.24373	-19.3944	
410	0.000409	-6.27384	-19.3737	
411	0.00041	-7.00995	-18.4615	
412	0.000411	-7.00524	-19.5982	
413	0.000412	-7.63937	-18.8944	
414	0.000413	-6.85009	-19.8955	
415	0.000414	-6.87671	-20.0417	
416	0.000415	-7.59589	-19.7335	
417	0.000416	-6.21022	-20.8039	
418	0.000417	-7.6475	-19.9773	
419	0.000418	-6.15833	-21.5176	
420	0.000419	-6.77216	-21.4129	
421	0.00042	-7.20775	-21.2142	
422	0.000421	-6.90394	-22.0723	
423	0.000422	-6.87681	-21.9297	
424	0.000423	-6.96719	-22.1051	
425	0.000424	-8.81311	-20.5784	
426	0.000425	-6.87234	-22.9041	
427	0.000426	-7.89684	-22.6172	
428	0.000427	-6.58281	-23.3169	
429	0.000428	-8.66026	-21.745	
430	0.000429	-8.45511	-22.5835	
431	0.00043	-7.24009	-23.9209	
432	0.000431	-7.52173	-23.7581	
433	0.000432	-7.83962	-23.2732	
434	0.000433	-8.01827	-22.9817	
435	0.000434	-7.45457	-23.7247	
436	0.000435	-9.2608	-22.3539	
437	0.000436	-7.64504	-23.5834	
438	0.000437	-7.42749	-23.2339	
439	0.000438	-8.0236	-23.1219	
440	0.000439	-8.1208	-23.2335	
441	0.00044	-8.16709	-24.4729	
442	0.000441	-7.5566	-24.4814	
443	0.000442	-8.70152	-23.796	
444	0.000443	-7.82092	-24.3368	
445	0.000444	-7.94698	-23.9811	
446	0.000445	-9.19947	-23.4002	
447	0.000446	-8.14486	-24.2919	
448	0.000447	-8.76383	-23.9059	
449	0.000448	-8.37727	-24.6923	
450	0.000449	-8.58945	-23.9947	
451	0.00045	-8.51551	-24.6792	
452	0.000451	-7.60502	-24.9583	
453	0.000452	-8.71773	-23.79	
454	0.000453	-8.68313	-24.2019	
455	0.000454	-8.31957	-24.8327	
456	0.000455	-7.49582	-25.0157	
457	0.000456	-7.40916	-24.225	
458	0.000457	-8.81181	-23.2648	
459	0.000458	-7.55068	-23.7998	
460	0.000459	-8.02519	-23.427	
461	0.00046	-10.5269	-22.5075	
462	0.000461	-9.33199	-23.2708	
463	0.000462	-8.69298	-23.4936	
464	0.000463	-8.85864	-22.9913	
465	0.000464	-7.55776	-23.995	
466	0.000465	-7.96255	-23.4866	
467	0.000466	-8.07024	-23.3457	
468	0.000467	-8.87598	-22.472	
469	0.000468	-8.12366	-23.2426	
470	0.000469	-7.84836	-22.8565	
471	0.00047	-9.95097	-21.6613	
472	0.000471	-8.72132	-22.2203	
473	0.000472	-8.53474	-22.5639	
474	0.000473	-8.85364	-22.1341	
475	0.000474	-8.11382	-22.8884	
476	0.000475	-7.8764	-22.4062	
477	0.000476	-8.51466	-21.3592	
478	0.000477	-8.77996	-21.8244	
479	0.000478	-9.58441	-21.1195	
480	0.000479	-8.2349	-22.1776	
481	0.00048	-9.2089	-21.1068	
482	0.000481	-9.13599	-20.8964	
483	0.000482	-8.52075	-20.9195	
484	0.000483	-8.40318	-21.0334	
485	0.000484	-8.08881	-21.4516	
486	0.000485	-7.84423	-21.0887	
487	0.000486	-9.61788	-19.7622	
488	0.000487	-9.30459	-19.516	
489	0.000488	-8.25614	-20.1345	
490	0.000489	-7.71701	-20.3333	
491	0.00049	-8.67536	-18.4543	
492	0.000491	-8.96813	-19.0259	
493	0.000492	-9.40576	-19.1321	
494	0.000493	-9.36449	-19.1416	
495	0.000494	-9.02601	-19.4557	
496	0.000495	-8.23167	-19.5372	
497	0.000496	-8.60117	-19.3806	
498	0.000497	-8.49298	-19.9054	
499	0.000498	-10.0349	-17.9166	
500	0.000499	-9.19536	-18.3518	
501	0.0005	-9.56176	-17.8192	
502	0.000501	-9.04362	-18.4433	
503	0.000502	-8.31335	-18.9009	
504	0.000503	-8.88436	-17.8675	
505	0.000504	-7.99036	-18.2119	
506	0.000505	-8.37171	-17.716	
507	0.000506	-9.04461	-17.5892	
508	0.000507	-8.21614	-17.7963	
509	0.000508	-9.30622	-16.6661	
510	0.000509	-9.20901	-16.6427	
511	0.00051	-8.98528	-16.1512	
512	0.000511	-7.84256	-17.1479	
513	0.000512	-7.84678	-17.0914	
514	0.000513	-7.72663	-16.7076	
515	0.000514	-8.46275	-16.051	
516	0.000515	-7.83152	-16.4352	
517	0.000516	-8.33398	-16.1642	
518	0.000517	-8.87837	-15.8842	
519	0.000518	-8.76713	-15.4152	
520	0.000519	-8.64257	-15.8988	
521	0.00052	-9.01726	-15.3958	
522	0.000521	-8.56038	-15.1413	
523	0.000522	-8.54763	-14.9662	
524	0.000523	-9.35276	-14.5725	
525	0.000524	-7.8838	-15.712	
526	0.000525	-8.28324	-15.1056	
527	0.000526	-7.93806	-15.1543	
528	0.000527	-8.05651	-14.0118	
529	0.000528	-7.87144	-14.2002	
530	0.000529	-9.42117	-13.9245	
531	0.00053	-7.84886	-15.1147	
532	0.000531	-7.97942	-14.4852	
533	0.000532	-8.34785	-13.5511	
534	0.000533	-8.81579	-13.4331	
535	0.000534	-9.2158	-13.065	
536	0.000535	-8.07329	-13.8246	
537	0.000536	-7.80536	-13.9651	
538	0.000537	-8.80371	-13.1877	
539	0.000538	-7.7702	-14.0614	
540	0.000539	-8.25008	-12.8025	
541	0.00054	-8.95781	-12.2402	
542	0.000541	-9.04831	-11.6667	
543	0.000542	-7.4474	-13.1639	
544	0.000543	-7.63035	-12.7475	
545	0.000544	-7.80365	-12.3391	
546	0.000545	-7.30309	-12.2354	
547	0.000546	-7.55718	-11.7438	
548	0.000547	-6.61374	-12.5082	
549	0.000548	-7.94995	-10.9698	
550	0.000549	-7.7984	-11.7781	
551	0.00055	-6.46124	-12.0524	
552	0.000551	-7.92506	-11.28	
553	0.000552	-7.22338	-11.8771	
554	0.000553	-8.62071	-10.3028	
555	0.000554	-7.12316	-11.1616	
556	0.000555	-6.8169	-10.807	
557	0.000556	-7.54802	-10.6072	
558	0.000557	-8.18697	-9.38327	
559	0.000558	-7.35797	-10.4352	
560	0.000559	-7.55865	-10.2838	
561	0.00056	-7.36989	-10.2957	
562	0.000561	-6.58377	-10.6073	
563	0.000562	-6.65229	-10.0488	
564	0.000563	-5.99638	-10.1183	
565	0.000564	-7.35887	-9.18459	
566	0.000565	-6.65672	-9.79261	
567	0.000566	-7.28813	-9.50295	
568	0.000567	-6.73585	-9.37481	
569	0.000568	-7.1577	-9.25603	
570	0.000569	-7.93737	-8.38531	
571	0.00057	-6.2581	-9.60847	
572	0.000571	-6.39109	-9.04183	
573	0.000572	-5.96545	-8.22079	
574	0.000573	-6.62574	-8.7125	
575	0.000574	-6.30276	-9.17668	
576	0.000575	-5.77716	-9.2039	
577	0.000576	-6.13265	-8.58711	
578	0.000577	-5.85245	-8.70091	
579	0.000578	-5.61585	-7.95313	
580	0.000579	-6.36961	-7.42358	
581	0.00058	-6.36224	-7.50049	
582	0.000581	-7.07363	-7.24677	
583	0.000582	-5.76044	-8.03116	
584	0.000583	-6.28047	-7.8367	
585	0.000584	-6.16056	-7.51356	
586	0.000585	-4.41873	-8.57194	
587	0.000586	-5.06462	-8.13507	
588	0.000587	-6.40458	-6.12227	
589	0.000588	-5.36395	-7.71185	
590	0.000589	-7.30915	-5.90725	
591	0.00059	-6.89039	-6.54221	
592	0.000591	-6.39176	-6.21447	
593	0.000592	-6.99214	-6.30566	
594	0.000593	-5.44965	-7.25541	
595	0.000594	-5.4851	-7.37422	
596	0.000595	-6.02321	-6.74028	
597	0.000596	-5.65019	-7.23349	
598	0.000597	-4.97079	-7.34219	
599	0.000598	-5.80414	-7.4945	
600	0.000599	-5.00363	-7.89005	
601	0.0006	-5.89191	-6.78851	
602	0.000601	-4.71625	-7.77333	
603	0.000602	-5.04662	-7.73673	
604	0.000603	-5.56016	-6.89772	
605	0.000604	-4.388	-8.18221	
606	0.000605	-4.66635	-7.73668	
607	0.000606	-6.16134	-6.987	
608	0.000607	-5.07053	-7.66393	
609	0.000608	-5.34081	-8.04757	
610	0.000609	-5.34541	-7.52479	
611	0.00061	-4.58756	-7.89811	
612	0.000611	-5.41343	-6.8585	
613	0.000612	-4.64628	-7.52233	
614	0.000613	-4.82271	-7.57489	
615	0.000614	-4.58648	-7.81431	
616	0.000615	-5.54859	-7.43511	
617	0.000616	-5.7138	-7.6932	
618	0.000617	-5.22921	-7.88984	
619	0.000618	-5.5201	-7.76253	
620	0.000619	-4.84087	-8.65704	
621	0.00062	-5.56139	-8.0613	
622	0.000621	-6.34971	-7.46038	
623	0.000622	-5.5114	-8.6851	
624	0.000623	-5.0424	-8.25863	
625	0.000624	-5.44209	-8.22464	
626	0.000625	-5.40039	-8.79778	
627	0.000626	-5.25269	-8.92706	
628	0.000627	-4.98695	-9.16103	
629	0.000628	-4.47029	-10.041	
630	0.000629	-5.58597	-8.94169	
631	0.00063	-5.3945	-8.96994	
632	0.000631	-5.28638	-8.63198	
633	0.000632	-5.76973	-8.66577	
634	0.000633	-5.81881	-9.18891	
635	0.000634	-5.7607	-9.24332	
636	0.000635	-6.58159	-8.86289	
637	0.000636	-5.62007	-10.058	
638	0.000637	-6.27248	-9.48563	
639	0.000638	-6.45988	-10.9767	
640	0.000639	-4.37203	-12.0635	
641	0.00064	-5.88765	-10.8048	
642	0.000641	-5.72621	-10.9015	
643	0.000642	-5.34268	-11.0502	
644	0.000643	-5.407	-11.4528	
645	0.000644	-6.01843	-10.9123	
646	0.000645	-5.59009	-10.1959	
647	0.000646	-5.54058	-10.7633	
648	0.000647	-6.16838	-10.2875	
649	0.000648	-5.82816	-10.4556	
650	0.000649	-5.05431	-11.3123	
651	0.00065	-5.92902	-10.5941	
652	0.000651	-4.43225	-12.0021	
653	0.000652	-5.11552	-11.7834	
654	0.000653	-6.18986	-11.1668	
655	0.000654	-6.16308	-11.1782	
656	0.000655	-6.16801	-11.6078	
657	0.000656	-6.35087	-12.3988	
658	0.000657	-6.08921	-12.505	
659	0.000658	-6.85987	-12.781	
660	0.000659	-5.79986	-13.5294	
661	0.00066	-6.10977	-13.368	
662	0.000661	-6.52506	-12.8091	
663	0.000662	-5.82578	-13.7945	
664	0.000663	-5.90111	-13.5579	
665	0.000664	-5.67719	-13.7483	
666	0.000665	-5.05985	-14.107	
667	0.000666	-5.41088	-14.0476	
668	0.000667	-5.99979	-13.2087	
669	0.000668	-5.35715	-13.9952	
670	0.000669	-6.13253	-13.5803	
671	0.00067	-6.35137	-13.4768	
672	0.000671	-5.38609	-14.5326	
673	0.000672	-5.75553	-14.6499	
674	0.000673	-6.17022	-14.6274	
675	0.000674	-6.92144	-13.9929	
676	0.000675	-6.44849	-14.8029	
677	0.000676	-6.7655	-14.6647	
678	0.000677	-6.44567	-15.243	
679	0.000678	-7.15164	-15.0413	
680	0.000679	-6.47304	-15.6538	
681	0.00068	-6.12896	-16.2208	
682	0.000681	-5.63916	-16.4857	
683	0.000682	-6.54553	-15.7076	
684	0.000683	-7.03772	-16.173	
685	0.000684	-6.69567	-16.1623	
686	0.000685	-6.39814	-16.1587	
687	0.000686	-6.67603	-16.2955	
688	0.000687	-6.39747	-16.5872	
689	0.000688	-6.49265	-16.4647	
690	0.000689	-6.36308	-16.6417	
691	0.00069	-7.13694	-16.1452	
692	0.000691	-6.76243	-16.7997	
693	0.000692	-7.6303	-16.2733	
694	0.000693	-7.64743	-16.5573	
695	0.000694	-6.38215	-16.9155	
696	0.000695	-7.03324	-16.6406	
697	0.000696	-7.51708	-17.1682	
698	0.000697	-7.67385	-16.645	
699	0.000698	-7.78698	-16.3184	
700	0.000699	-7.38689	-17.1984	
701	0.0007	-6.90062	-17.7752	
702	0.000701	-7.40066	-17.2918	
703	0.000702	-7.6072	-17.0916	
704	0.000703	-7.58805	-16.9947	
705	0.000704	-7.18733	-16.1208	
706	0.000705	-8.10551	-16.4304	
707	0.000706	-7.31542	-17.4128	
708	0.000707	-7.22304	-17.5115	
709	0.000708	-9.08863	-15.9706	
710	0.000709	-7.7763	-17.3172	
711	0.00071	-8.10864	-17.0432	
712	0.000711	-8.08963	-17.0851	
713	0.000712	-7.25002	-16.9352	
714	0.000713	-7.46755	-16.5731	
715	0.000714	-7.68413	-16.2491	
716	0.000715	-8.00644	-15.3801	
717	0.000716	-8.18323	-15.2999	
718	0.000717	-8.41366	-15.9948	
719	0.000718	-7.66038	-16.9164	
720	0.000719	-7.10813	-16.4699	
721	0.00072	-7.85622	-15.8008	
722	0.000721	-8.19851	-15.2198	
723	0.000722	-7.58108	-15.4949	
724	0.000723	-7.5268	-15.3886	
725	0.000724	-6.4596	-16.6123	
726	0.000725	-8.20393	-14.9764	
727	0.000726	-7.24543	-15.6436	
728	0.000727	-7.58948	-15.3683	
729	0.000728	-6.60759	-15.3827	
730	0.000729	-6.50235	-15.1044	
731	0.00073	-7.72008	-14.3585	
732	0.000731	-8.81026	-12.9588	
733	0.000732	-6.71318	-14.9539	
734	0.000733	-8.3806	-13.5872	
735	0.000734	-6.08534	-15.1296	
736	0.000735	-6.77116	-14.2807	
737	0.000736	-8.02162	-13.3169	
738	0.000737	-8.25613	-13.5824	
739	0.000738	-7.96589	-13.6358	
740	0.000739	-6.96619	-13.295	
741	0.00074	-7.11738	-13.2052	
742	0.000741	-8.88251	-12.0389	
743	0.000742	-8.57553	-12.5442	
744	0.000743	-7.15692	-12.8472	
745	0.000744	-7.35456	-12.7368	
746	0.000745	-7.2938	-12.698	
747	0.000746	-7.09477	-12.6797	
748	0.000747	-6.94942	-12.5204	
749	0.000748	-7.27796	-12.6428	
750	0.000749	-7.77983	-12.416	
751	0.00075	-6.77524	-13.0563	
752	0.000751	-8.52846	-10.9676	
753	0.000752	-6.55032	-12.5449	
754	0.000753	-7.63193	-11.4451	
755	0.000754	-7.12502	-12.8378	
756	0.000755	-7.2693	-11.8488	
757	0.000756	-6.86776	-12.3222	
758	0.000757	-6.66397	-11.8195	
759	0.000758	-6.15484	-11.9729	
760	0.000759	-6.71373	-10.6194	
761	0.00076	-6.84146	-10.5943	
762	0.000761	-6.60702	-10.9134	
763	0.000762	-6.83546	-10.6052	
764	0.000763	-6.21639	-10.9748	
765	0.000764	-8.66973	-8.5098	
766	0.000765	-7.2797	-9.91547	
767	0.000766	-6.79062	-9.99886	
768	0.000767	-7.83137	-9.21376	
769	0.000768	-7.60705	-8.96201	
770	0.000769	-5.76069	-10.6308	
771	0.00077	-6.86168	-8.88566	
772	0.000771	-6.47357	-8.99565	
773	0.000772	-5.39508	-9.63156	
774	0.000773	-5.78747	-9.31721	
775	0.000774	-5.9514	-9.35528	
776	0.000775	-6.20869	-8.35686	
777	0.000776	-6.41767	-7.93238	
778	0.000777	-6.40706	-7.74328	
779	0.000778	-6.50709	-7.87425	
780	0.000779	-5.95298	-7.52855	
781	0.00078	-6.587	-7.57033	
782	0.000781	-5.69887	-8.56112	
783	0.000782	-7.2527	-7.12934	
784	0.000783	-7.90303	-7.67132	
785	0.000784	-6.30865	-8.3305	
786	0.000785	-5.34479	-8.56971	
787	0.000786	-6.46742	-7.84844	
788	0.000787	-6.1681	-7.85645	
789	0.000788	-6.38252	-7.78911	
790	0.000789	-7.24511	-6.92607	
791	0.00079	-5.50982	-7.91143	
792	0.000791	-5.31386	-8.5866	
793	0.000792	-5.1668	-8.44149	
794	0.000793	-5.5624	-8.38914	
795	0.000794	-5.85233	-8.15714	
796	0.000795	-5.29712	-8.14778	
797	0.000796	-5.68758	-7.79393	
798	0.000797	-5.34376	-8.57099	
799	0.000798	-6.05327	-7.27641	
800	0.000799	-5.40048	-8.15786	
801	0.0008	-6.08312	-7.58449	
802	0.000801	-5.10457	-7.83362	
803	0.000802	-6.00442	-6.88223	
804	0.000803	-5.85818	-7.02692	
805	0.000804	-4.17289	-8.41042	
806	0.000805	-5.35194	-7.24125	
807	0.000806	-5.3607	-7.21923	
808	0.000807	-5.43831	-6.43799	
809	0.000808	-5.16774	-6.91225	
810	0.000809	-5.5369	-6.25549	
811	0.00081	-3.95097	-7.21133	
812	0.000811	-5.27049	-6.17276	
813	0.000812	-5.29911	-6.22547	
814	0.000813	-4.63403	-6.7762	
815	0.000814	-5.461	-6.62492	
816	0.000815	-5.26583	-6.68524	
817	0.000816	-4.40351	-7.00717	
818	0.000817	-4.61447	-7.05435	
819	0.000818	-6.12843	-6.30577	
820	0.000819	-5.40997	-6.68591	
821	0.00082	-5.5514	-6.77776	
822	0.000821	-5.54338	-6.71506	
823	0.000822	-5.15946	-6.775	
824	0.000823	-5.62938	-6.57423	
825	0.000824	-5.28001	-7.1129	
826	0.000825	-4.77611	-7.25229	
827	0.000826	-5.59304	-6.90693	
828	0.000827	-6.50472	-5.84743	
829	0.000828	-5.80385	-6.65839	
830	0.000829	-5.8946	-7.13237	
831	0.00083	-5.84536	-7.25031	
832	0.000831	-5.50441	-7.6824	
833	0.000832	-6.06131	-6.76513	
834	0.000833	-5.24968	-7.06498	
835	0.000834	-6.35931	-6.15216	
836	0.000835	-5.84274	-6.86335	
837	0.000836	-5.46344	-7.2341	
838	0.000837	-4.31651	-8.0747	
839	0.000838	-5.18853	-7.9	
840	0.000839	-5.92052	-7.45346	
841	0.00084	-5.95691	-7.7493	
842	0.000841	-5.76287	-8.17838	
843	0.000842	-5.18577	-8.37567	
844	0.000843	-4.88449	-8.80746	
845	0.000844	-4.94627	-9.1968	
846	0.000845	-6.29044	-8.3112	
847	0.000846	-5.96276	-8.95151	
848	0.000847	-4.77925	-10.158	
849	0.000848	-5.38559	-9.71805	
850	0.000849	-5.72291	-8.97527	
851	0.00085	-6.24424	-8.65347	
852	0.000851	-5.80806	-9.70662	
853	0.000852	-5.13189	-10.3795	
854	0.000853	-4.80953	-10.8379	
855	0.000854	-5.4495	-10.3733	
856	0.000855	-5.10389	-10.5327	
857	0.000856	-5.28113	-10.123	
858	0.000857	-7.90534	-7.90862	
859	0.000858	-5.36171	-10.4947	
860	0.000859	-5.18013	-10.6174	
861	0.00086	-6.25983	-10.0751	
862	0.000861	-5.48769	-10.8536	
863	0.000862	-5.31937	-11.4746	
864	0.000863	-5.6941	-11.2536	
865	0.000864	-6.00295	-11.4195	
866	0.000865	-6.64598	-10.5273	
867	0.000866	-6.00503	-11.1995	
868	0.000867	-5.95113	-11.5396	
869	0.000868	-6.55655	-11.1851	
870	0.000869	-5.77388	-12.0429	
871	0.00087	-6.75341	-11.635	
872	0.000871	-5.62668	-12.4817	
873	0.000872	-6.00124	-12.4636	
874	0.000873	-6.7411	-11.7002	
875	0.000874	-5.6836	-12.8225	
876	0.000875	-6.11666	-13.3803	
877	0.000876	-6.15428	-13.2157	
878	0.000877	-6.06076	-13.8357	
879	0.000878	-6.97312	-12.928	
880	0.000879	-7.75875	-12.3367	
881	0.00088	-6.35045	-13.7192	
882	0.000881	-6.82239	-13.9416	
883	0.000882	-6.28525	-13.9917	
884	0.000883	-6.04623	-14.5155	
885	0.000884	-6.08004	-14.044	
