CompteurTemps	Temps	Cx0	Cy0	
1	0	-534.241	79.9585	
2	1e-06	-382.275	-156.996	
3	2e-06	-208.044	-279.533	
4	3e-06	-179.628	-256.565	
5	4e-06	-161.88	-229.996	
6	5e-06	-145.464	-207.452	
7	6e-06	-129.506	-187.965	
8	7e-06	-115.586	-167.571	
9	8e-06	-108.742	-151.77	
10	9e-06	-100.023	-139.817	
11	1e-05	-92.571	-130.278	
12	1.1e-05	-84.3661	-119.886	
13	1.2e-05	-78.8152	-111.609	
14	1.3e-05	-70.9954	-103.619	
15	1.4e-05	-69.0394	-97.6361	
16	1.5e-05	-64.9752	-91.2956	
17	1.6e-05	-63.7021	-86.0431	
18	1.7e-05	-60.5369	-85.1639	
19	1.8e-05	-55.9391	-80.6271	
20	1.9e-05	-52.8745	-76.0644	
21	2e-05	-50.9683	-73.9993	
22	2.1e-05	-49.3214	-70.7271	
23	2.2e-05	-46.365	-70.2627	
24	2.3e-05	-46.7953	-67.0926	
25	2.4e-05	-44.9237	-65.307	
26	2.5e-05	-45.1913	-63.3523	
27	2.6e-05	-43.3232	-61.9482	
28	2.7e-05	-41.7626	-61.2756	
29	2.8e-05	-42.4611	-59.585	
30	2.9e-05	-39.7126	-58.5928	
31	3e-05	-37.6201	-58.6795	
32	3.1e-05	-39.5428	-57.4612	
33	3.2e-05	-37.8218	-57.3824	
34	3.3e-05	-37.7594	-56.7298	
35	3.4e-05	-37.5358	-56.424	
36	3.5e-05	-36.893	-55.82	
37	3.6e-05	-35.4275	-55.5689	
38	3.7e-05	-35.4765	-55.2305	
39	3.8e-05	-35.819	-55.5393	
40	3.9e-05	-36.1874	-53.636	
41	4e-05	-34.3873	-55.3988	
42	4.1e-05	-35.4129	-54.5269	
43	4.2e-05	-36.242	-53.5721	
44	4.3e-05	-34.2337	-54.6396	
45	4.4e-05	-34.0058	-54.0637	
46	4.5e-05	-34.1975	-53.8559	
47	4.6e-05	-34.7616	-53.2504	
48	4.7e-05	-34.9496	-53.466	
49	4.8e-05	-35.0292	-53.7017	
50	4.9e-05	-34.147	-54.1933	
51	5e-05	-32.9088	-53.3059	
52	5.1e-05	-34.8851	-52.2221	
53	5.2e-05	-34.1894	-54.3265	
54	5.3e-05	-35.0926	-53.9938	
55	5.4e-05	-34.4047	-54.4051	
56	5.5e-05	-34.4233	-54.4103	
57	5.6e-05	-34.5912	-53.9768	
58	5.7e-05	-33.9218	-55.7548	
59	5.8e-05	-34.8099	-53.7249	
60	5.9e-05	-34.0161	-54.4732	
61	6e-05	-34.8627	-54.8775	
62	6.1e-05	-35.0993	-54.4283	
63	6.2e-05	-35.0515	-54.8276	
64	6.3e-05	-34.942	-54.5752	
65	6.4e-05	-34.5764	-55.8517	
66	6.5e-05	-34.6152	-55.9861	
67	6.6e-05	-35.0813	-55.9046	
68	6.7e-05	-35.9062	-55.0868	
69	6.8e-05	-35.4554	-54.7813	
70	6.9e-05	-35.5932	-54.9501	
71	7e-05	-35.6652	-55.2165	
72	7.1e-05	-35.2887	-54.6491	
73	7.2e-05	-34.8428	-55.4489	
74	7.3e-05	-34.8063	-55.2108	
75	7.4e-05	-34.4322	-54.8394	
76	7.5e-05	-36.4278	-54.5729	
77	7.6e-05	-34.3126	-55.7493	
78	7.7e-05	-36.4006	-54.3718	
79	7.8e-05	-35.6364	-55.5876	
80	7.9e-05	-36.6239	-54.3717	
81	8e-05	-35.3595	-55.6002	
82	8.1e-05	-35.6337	-54.3697	
83	8.2e-05	-35.1603	-55.0829	
84	8.3e-05	-37.1984	-54.213	
85	8.4e-05	-36.1433	-54.8842	
86	8.5e-05	-35.8084	-55.4976	
87	8.6e-05	-35.3627	-55.9231	
88	8.7e-05	-35.4542	-55.3871	
89	8.8e-05	-34.9747	-55.7665	
90	8.9e-05	-35.478	-55.4999	
91	9e-05	-36.0054	-55.941	
92	9.1e-05	-35.7677	-54.8329	
93	9.2e-05	-35.4825	-55.1527	
94	9.3e-05	-34.4851	-55.7706	
95	9.4e-05	-35.6788	-55.0867	
96	9.5e-05	-35.9	-54.7062	
97	9.6e-05	-36.931	-55.0347	
98	9.7e-05	-36.6257	-56.2807	
99	9.8e-05	-36.3533	-54.8695	
100	9.9e-05	-34.8665	-55.7562	
101	0.0001	-36.3056	-54.162	
102	0.000101	-37.1492	-53.8678	
103	0.000102	-36.4216	-55.691	
104	0.000103	-35.047	-55.4371	
105	0.000104	-37.2903	-55.371	
106	0.000105	-37.9977	-56.3948	
107	0.000106	-36.1873	-56.7272	
108	0.000107	-37.9187	-54.3594	
109	0.000108	-36.6946	-56.9541	
110	0.000109	-37.1688	-54.7127	
111	0.00011	-36.8998	-55.7794	
112	0.000111	-37.3713	-54.7162	
113	0.000112	-36.6215	-55.6922	
114	0.000113	-37.4942	-56.1488	
115	0.000114	-36.9289	-54.7687	
116	0.000115	-37.0787	-55.624	
117	0.000116	-35.6416	-56.5278	
118	0.000117	-36.5549	-55.3935	
119	0.000118	-37.3369	-54.5462	
120	0.000119	-36.9759	-54.5541	
121	0.00012	-36.8053	-53.9229	
122	0.000121	-36.2788	-55.0598	
123	0.000122	-36.5827	-55.1824	
124	0.000123	-37.1554	-55.1366	
125	0.000124	-35.6544	-55.2926	
126	0.000125	-36.0986	-56.1731	
127	0.000126	-37.3952	-56.2698	
128	0.000127	-37.4367	-56.8803	
129	0.000128	-37.0784	-55.7518	
130	0.000129	-36.1179	-56.248	
131	0.00013	-37.6782	-55.1193	
132	0.000131	-38.0691	-55.2955	
133	0.000132	-36.725	-56.4652	
134	0.000133	-38.2437	-56.8333	
135	0.000134	-37.5579	-56.406	
136	0.000135	-38.4792	-55.9202	
137	0.000136	-37.0704	-55.7812	
138	0.000137	-38.8263	-55.1494	
139	0.000138	-38.5214	-55.2654	
140	0.000139	-37.4061	-55.8063	
141	0.00014	-37.8721	-55.1872	
142	0.000141	-36.8998	-56.0069	
143	0.000142	-37.2957	-55.4257	
144	0.000143	-39.1209	-55.1496	
145	0.000144	-38.3534	-57.7707	
146	0.000145	-38.0518	-57.2148	
147	0.000146	-37.0745	-57.1275	
148	0.000147	-37.4326	-56.1261	
149	0.000148	-37.8009	-56.9385	
150	0.000149	-38.0219	-56.703	
151	0.00015	-36.8893	-56.0082	
152	0.000151	-37.2397	-56.135	
153	0.000152	-37.902	-55.168	
154	0.000153	-40.0693	-54.2766	
155	0.000154	-38.5135	-54.8278	
156	0.000155	-38.9503	-56.2317	
157	0.000156	-37.1468	-56.9191	
158	0.000157	-37.9996	-57.4647	
159	0.000158	-37.0014	-56.7134	
160	0.000159	-37.1845	-55.8154	
161	0.00016	-37.563	-55.5497	
162	0.000161	-37.0352	-55.6723	
163	0.000162	-37.9903	-55.7345	
164	0.000163	-38.4106	-55.9716	
165	0.000164	-38.9411	-55.0823	
166	0.000165	-38.1784	-54.7455	
167	0.000166	-37.8486	-55.4724	
168	0.000167	-38.1213	-54.2026	
169	0.000168	-38.7454	-53.8134	
170	0.000169	-37.6045	-55.792	
171	0.00017	-37.7974	-55.7715	
172	0.000171	-36.7802	-54.9238	
173	0.000172	-37.5897	-54.6753	
174	0.000173	-38.8284	-55.7423	
175	0.000174	-38.1137	-56.4807	
176	0.000175	-37.5051	-56.2235	
177	0.000176	-39.6552	-55.0341	
178	0.000177	-37.0491	-55.735	
179	0.000178	-37.7324	-55.4198	
180	0.000179	-38.6011	-54.8007	
181	0.00018	-39.6194	-53.7326	
182	0.000181	-38.6334	-54.1038	
183	0.000182	-39.0747	-53.9862	
184	0.000183	-40.2575	-52.9241	
185	0.000184	-38.1718	-54.9428	
186	0.000185	-38.8304	-53.841	
187	0.000186	-39.5785	-53.3374	
188	0.000187	-39.5487	-54.6994	
189	0.000188	-37.5664	-55.4866	
190	0.000189	-40.9136	-54.0852	
191	0.00019	-39.348	-55.2657	
192	0.000191	-39.0169	-55.7509	
193	0.000192	-39.0869	-54.3621	
194	0.000193	-38.2715	-54.327	
195	0.000194	-42.8818	-51.928	
196	0.000195	-39.3601	-54.5507	
197	0.000196	-41.0032	-53.784	
198	0.000197	-38.4511	-54.3803	
199	0.000198	-38.8489	-53.6878	
200	0.000199	-40.7505	-52.5311	
201	0.0002	-39.0813	-53.1026	
202	0.000201	-40.0927	-53.2996	
203	0.000202	-38.2197	-54.2231	
204	0.000203	-38.6862	-54.2347	
205	0.000204	-37.5658	-54.3946	
206	0.000205	-40.4634	-53.5181	
207	0.000206	-39.6889	-54.1292	
208	0.000207	-37.9541	-54.0866	
209	0.000208	-39.8756	-52.7557	
210	0.000209	-39.4104	-53.6127	
211	0.00021	-40.9167	-52.6318	
212	0.000211	-41.7972	-53.2329	
213	0.000212	-40.0801	-54.9393	
214	0.000213	-40.5786	-53.8598	
215	0.000214	-40.7431	-53.9443	
216	0.000215	-40.0893	-53.7386	
217	0.000216	-39.308	-54.4441	
218	0.000217	-40.1792	-54.643	
219	0.000218	-41.9992	-53.7087	
220	0.000219	-40.3717	-54.1621	
221	0.00022	-38.876	-54.5507	
222	0.000221	-39.8387	-52.4801	
223	0.000222	-40.1758	-52.368	
224	0.000223	-40.7609	-51.8067	
225	0.000224	-40.1553	-53.698	
226	0.000225	-39.3491	-54.7286	
227	0.000226	-40.0508	-53.4059	
228	0.000227	-40.4812	-53.8669	
229	0.000228	-39.9985	-53.5967	
230	0.000229	-39.7036	-52.4649	
231	0.00023	-39.2579	-54.1239	
232	0.000231	-40.2288	-53.6765	
233	0.000232	-40.152	-53.1642	
234	0.000233	-39.5409	-53.6719	
235	0.000234	-42.8364	-52.0497	
236	0.000235	-38.9189	-53.1788	
237	0.000236	-39.9557	-53.0638	
238	0.000237	-39.3347	-53.9173	
239	0.000238	-38.6307	-53.1162	
240	0.000239	-38.3223	-52.2839	
241	0.00024	-38.7584	-51.5478	
242	0.000241	-38.8888	-51.5344	
243	0.000242	-36.7274	-51.6523	
244	0.000243	-38.0974	-50.5481	
245	0.000244	-37.6766	-51.1342	
246	0.000245	-38.1143	-50.7226	
247	0.000246	-37.63	-50.0652	
248	0.000247	-38.7766	-49.4194	
249	0.000248	-37.625	-50.3279	
250	0.000249	-37.5927	-50.3862	
251	0.00025	-37.6034	-49.2783	
252	0.000251	-40.5794	-48.2099	
253	0.000252	-38.8565	-49.6509	
254	0.000253	-36.0992	-50.0007	
255	0.000254	-37.1368	-48.1264	
256	0.000255	-37.2591	-49.5479	
257	0.000256	-35.903	-49.6415	
258	0.000257	-35.7112	-49.6552	
259	0.000258	-35.8924	-49.4005	
260	0.000259	-35.7919	-49.7731	
261	0.00026	-34.519	-48.4611	
262	0.000261	-34.3784	-47.9769	
263	0.000262	-35.6935	-46.3636	
264	0.000263	-34.6985	-46.2808	
265	0.000264	-33.4373	-47.41	
266	0.000265	-36.0606	-46.0755	
267	0.000266	-34.7271	-48.0325	
268	0.000267	-36.63	-46.8009	
269	0.000268	-33.5942	-47.7455	
270	0.000269	-33.4485	-47.0749	
271	0.00027	-32.4125	-46.1723	
272	0.000271	-34.3282	-45.207	
273	0.000272	-34.5623	-45.2862	
274	0.000273	-34.4153	-46.2765	
275	0.000274	-34.3433	-46.6888	
276	0.000275	-32.577	-46.8038	
277	0.000276	-34.2649	-45.6755	
278	0.000277	-33.1471	-45.3339	
279	0.000278	-32.6833	-46.7915	
280	0.000279	-32.8745	-45.6511	
281	0.00028	-31.567	-46.072	
282	0.000281	-31.781	-45.9406	
283	0.000282	-31.79	-45.2189	
284	0.000283	-30.8597	-46.5043	
285	0.000284	-32.9011	-43.9644	
286	0.000285	-31.6573	-44.4092	
287	0.000286	-30.616	-44.4024	
288	0.000287	-31.772	-42.9685	
289	0.000288	-31.2713	-44.062	
290	0.000289	-30.9232	-42.9057	
291	0.00029	-30.5295	-43.0681	
292	0.000291	-29.8937	-42.2024	
293	0.000292	-29.641	-40.7611	
294	0.000293	-30.4843	-41.8378	
295	0.000294	-29.8569	-42.3791	
296	0.000295	-31.3573	-40.6402	
297	0.000296	-30.6318	-41.8919	
298	0.000297	-28.6461	-42.3798	
299	0.000298	-29.1127	-41.3688	
300	0.000299	-28.1273	-41.5207	
301	0.0003	-28.8615	-41.5115	
302	0.000301	-28.4711	-40.7198	
303	0.000302	-28.5193	-39.465	
304	0.000303	-29.9683	-40.9991	
305	0.000304	-28.0081	-41.6668	
306	0.000305	-28.3998	-40.0414	
307	0.000306	-28.5073	-39.0192	
308	0.000307	-28.3624	-39.3477	
309	0.000308	-28.477	-39.289	
310	0.000309	-26.9618	-39.6297	
311	0.00031	-28.4446	-39.641	
312	0.000311	-26.5978	-39.9821	
313	0.000312	-27.4595	-38.7131	
314	0.000313	-28.3714	-38.447	
315	0.000314	-27.5917	-38.0702	
316	0.000315	-27.6934	-37.2039	
317	0.000316	-27.0446	-38.8586	
318	0.000317	-28.316	-37.9695	
319	0.000318	-26.3719	-38.2128	
320	0.000319	-26.2887	-37.4215	
321	0.00032	-26.2065	-37.3723	
322	0.000321	-26.0295	-36.6486	
323	0.000322	-26.6774	-35.805	
324	0.000323	-26.9229	-36.7378	
325	0.000324	-26.4309	-35.0427	
326	0.000325	-25.641	-35.7797	
327	0.000326	-25.3328	-36.1987	
328	0.000327	-26.8683	-34.9444	
329	0.000328	-25.6193	-34.4957	
330	0.000329	-25.8579	-33.2664	
331	0.00033	-25.4283	-34.8648	
332	0.000331	-26.2921	-34.2108	
333	0.000332	-26.5427	-34.2771	
334	0.000333	-28.0533	-33.5686	
335	0.000334	-27.5026	-34.8208	
336	0.000335	-26.1404	-35.7995	
337	0.000336	-26.2189	-34.2821	
338	0.000337	-25.4826	-33.5993	
339	0.000338	-25.8486	-33.1041	
340	0.000339	-25.6825	-34.2325	
341	0.00034	-26.1338	-33.9465	
342	0.000341	-25.2884	-34.7353	
343	0.000342	-26.2235	-33.2263	
344	0.000343	-25.5419	-33.2162	
345	0.000344	-25.4589	-33.7002	
346	0.000345	-25.4266	-32.8068	
347	0.000346	-27.2314	-31.7917	
348	0.000347	-26.0984	-33.1925	
349	0.000348	-26.1564	-32.7589	
350	0.000349	-26.8498	-31.7909	
351	0.00035	-26.0794	-32.3186	
352	0.000351	-27.9743	-31.3423	
353	0.000352	-25.1576	-31.5323	
354	0.000353	-27.0515	-30.1524	
355	0.000354	-25.9878	-31.8113	
356	0.000355	-27.0969	-32.4242	
357	0.000356	-25.4952	-31.9765	
358	0.000357	-26.2345	-31.8382	
359	0.000358	-25.5071	-31.563	
360	0.000359	-26.0171	-30.3007	
361	0.00036	-25.0941	-30.8677	
362	0.000361	-25.3932	-30.6784	
363	0.000362	-26.5378	-29.6504	
364	0.000363	-26.191	-28.9754	
365	0.000364	-25.4574	-29.9956	
366	0.000365	-25.6007	-29.2994	
367	0.000366	-25.7082	-30.4346	
368	0.000367	-25.4236	-30.096	
369	0.000368	-26.9142	-28.9359	
370	0.000369	-24.9182	-30.8473	
371	0.00037	-25.5679	-29.871	
372	0.000371	-24.486	-29.1073	
373	0.000372	-25.0749	-29.9756	
374	0.000373	-25.6112	-30.003	
375	0.000374	-26.2574	-28.9216	
376	0.000375	-26.3529	-28.6129	
377	0.000376	-25.8229	-29.1348	
378	0.000377	-25.6921	-28.6731	
379	0.000378	-26.2458	-29.209	
380	0.000379	-26.0868	-29.5532	
381	0.00038	-27.0434	-27.8262	
382	0.000381	-28.0034	-27.4116	
383	0.000382	-26.335	-29.182	
384	0.000383	-26.0427	-29.4692	
385	0.000384	-25.629	-28.7157	
386	0.000385	-27.4715	-27.3	
387	0.000386	-27.0273	-28.0515	
388	0.000387	-24.8148	-29.4609	
389	0.000388	-26.7773	-27.874	
390	0.000389	-26.2205	-27.5721	
391	0.00039	-25.1509	-28.6929	
392	0.000391	-25.9596	-27.8751	
393	0.000392	-25.4347	-29.3889	
394	0.000393	-26.0813	-28.5462	
395	0.000394	-26.2637	-28.409	
396	0.000395	-24.5686	-29.0179	
397	0.000396	-25.0763	-29.2892	
398	0.000397	-24.7041	-28.3705	
399	0.000398	-26.6739	-27.894	
400	0.000399	-27.3265	-26.86	
401	0.0004	-25.5477	-28.3929	
402	0.000401	-25.366	-27.7691	
403	0.000402	-26.5314	-27.9727	
404	0.000403	-25.6554	-28.2238	
405	0.000404	-26.9827	-27.6599	
406	0.000405	-24.9309	-27.5553	
407	0.000406	-25.0179	-27.6267	
408	0.000407	-26.6039	-27.2159	
409	0.000408	-26.3785	-26.9479	
410	0.000409	-26.2358	-27.1469	
411	0.00041	-25.6141	-27.8518	
412	0.000411	-25.7921	-27.5596	
413	0.000412	-26.0325	-26.8019	
414	0.000413	-25.0455	-27.6737	
415	0.000414	-25.37	-27.3549	
416	0.000415	-25.7572	-28.228	
417	0.000416	-26.5251	-26.78	
418	0.000417	-28.7612	-26.185	
419	0.000418	-27.7869	-27.6128	
420	0.000419	-26.2016	-28.3832	
421	0.00042	-26.9716	-27.7554	
422	0.000421	-27.236	-28.1765	
423	0.000422	-26.5702	-27.5092	
424	0.000423	-25.7987	-27.2194	
425	0.000424	-26.6323	-27.6618	
426	0.000425	-25.8715	-27.5111	
427	0.000426	-26.5063	-27.0205	
428	0.000427	-25.9454	-27.332	
429	0.000428	-25.2687	-27.6836	
430	0.000429	-25.5271	-26.624	
431	0.00043	-25.9076	-25.9785	
432	0.000431	-24.4425	-26.9824	
433	0.000432	-24.5564	-26.3606	
434	0.000433	-24.7221	-26.9334	
435	0.000434	-25.1773	-25.9785	
436	0.000435	-25.9551	-25.4673	
437	0.000436	-25.121	-26.646	
438	0.000437	-23.4795	-27.081	
439	0.000438	-25.3658	-25.406	
440	0.000439	-24.8451	-26.5812	
441	0.00044	-26.6538	-24.2424	
442	0.000441	-25.9099	-25.9402	
443	0.000442	-25.391	-26.0918	
444	0.000443	-24.427	-27.5262	
445	0.000444	-25.7142	-26.6493	
446	0.000445	-26.0667	-26.5309	
447	0.000446	-24.3156	-27.2159	
448	0.000447	-23.8492	-27.3645	
449	0.000448	-23.8494	-26.4322	
450	0.000449	-24.4148	-25.9232	
451	0.00045	-24.3269	-26.3326	
452	0.000451	-22.6744	-27.2213	
453	0.000452	-23.6944	-27.1602	
454	0.000453	-23.7902	-26.5688	
455	0.000454	-24.0031	-26.6135	
456	0.000455	-24.7111	-25.9412	
457	0.000456	-24.0798	-26.8624	
458	0.000457	-24.0168	-26.2596	
459	0.000458	-23.3287	-26.5365	
460	0.000459	-23.4862	-26.2375	
461	0.00046	-23.0354	-26.7366	
462	0.000461	-23.4225	-26.3445	
463	0.000462	-23.0945	-27.2541	
464	0.000463	-23.5849	-25.5768	
465	0.000464	-21.9435	-26.3897	
466	0.000465	-21.5495	-25.3278	
467	0.000466	-24.4382	-25.5854	
468	0.000467	-23.3097	-26.7377	
469	0.000468	-22.4584	-26.4508	
470	0.000469	-22.6193	-25.7828	
471	0.00047	-21.8652	-25.7665	
472	0.000471	-21.7322	-25.8408	
473	0.000472	-21.9639	-26.0682	
474	0.000473	-21.5628	-26.1702	
475	0.000474	-22.3353	-25.9506	
476	0.000475	-22.467	-27.7187	
477	0.000476	-23.143	-26.9711	
478	0.000477	-21.4391	-26.8682	
479	0.000478	-22.6991	-24.9913	
480	0.000479	-21.9073	-24.9887	
481	0.00048	-21.9368	-25.8502	
482	0.000481	-21.3465	-25.7209	
483	0.000482	-21.6495	-24.3883	
484	0.000483	-21.8219	-25.2431	
485	0.000484	-20.2937	-24.4997	
486	0.000485	-22.0298	-25.5319	
487	0.000486	-20.5748	-26.2458	
488	0.000487	-22.8852	-24.974	
489	0.000488	-21.4608	-25.8572	
490	0.000489	-21.1051	-24.5829	
491	0.00049	-22.427	-23.1149	
492	0.000491	-21.1811	-25.0327	
493	0.000492	-20.1371	-25.624	
494	0.000493	-21.7684	-24.465	
495	0.000494	-22.7804	-25.1906	
496	0.000495	-21.2365	-27.5332	
497	0.000496	-21.1479	-27.1288	
498	0.000497	-23.0473	-26.6266	
499	0.000498	-22.7495	-26.0694	
500	0.000499	-21.7901	-26.305	
501	0.0005	-21.7343	-26.2977	
502	0.000501	-21.3677	-27.011	
503	0.000502	-23.33	-25.4925	
504	0.000503	-21.5242	-26.7843	
505	0.000504	-21.0929	-27.4849	
506	0.000505	-22.3101	-26.9078	
507	0.000506	-21.6475	-27.5201	
508	0.000507	-20.3395	-28.1538	
509	0.000508	-21.5982	-27.0624	
510	0.000509	-22.1414	-26.1027	
511	0.00051	-20.8189	-27.2999	
512	0.000511	-21.0668	-27.5769	
513	0.000512	-21.2029	-27.2723	
514	0.000513	-22.1537	-27.4024	
515	0.000514	-21.0949	-28.755	
516	0.000515	-21.5975	-27.7147	
517	0.000516	-21.026	-28.4284	
518	0.000517	-21.2195	-29.6659	
519	0.000518	-21.4064	-28.875	
520	0.000519	-22.0965	-27.9328	
521	0.00052	-22.2599	-27.9164	
522	0.000521	-21.9438	-28.4553	
523	0.000522	-21.5609	-29.9847	
524	0.000523	-21.6347	-29.5186	
525	0.000524	-20.9168	-29.0825	
526	0.000525	-21.9417	-29.8275	
527	0.000526	-21.4788	-30.785	
528	0.000527	-22.5692	-29.9372	
529	0.000528	-21.4725	-29.3632	
530	0.000529	-22.5428	-29.9833	
531	0.00053	-22.5499	-28.7702	
532	0.000531	-22.6161	-28.4334	
533	0.000532	-21.4625	-29.8029	
534	0.000533	-22.4631	-29.9911	
535	0.000534	-22.8099	-30.3946	
536	0.000535	-22.1849	-29.3152	
537	0.000536	-21.4908	-30.7888	
538	0.000537	-21.4294	-30.9468	
539	0.000538	-22.4597	-30.048	
540	0.000539	-21.6617	-30.6968	
541	0.00054	-21.561	-31.2205	
542	0.000541	-21.5663	-32.4542	
543	0.000542	-22.3306	-30.6985	
544	0.000543	-22.8017	-30.7528	
545	0.000544	-22.4195	-31.1138	
546	0.000545	-22.9024	-31.765	
547	0.000546	-22.0651	-33.182	
548	0.000547	-23.4198	-31.7725	
549	0.000548	-23.3611	-32.1625	
550	0.000549	-23.9032	-33.1888	
551	0.00055	-24.1628	-33.9043	
552	0.000551	-22.7992	-33.0282	
553	0.000552	-23.0395	-34.4208	
554	0.000553	-22.9923	-34.8598	
555	0.000554	-24.8099	-33.4448	
556	0.000555	-25.3242	-33.8774	
557	0.000556	-24.0993	-35.1439	
558	0.000557	-23.9186	-35.2927	
559	0.000558	-24.1563	-35.1978	
560	0.000559	-24.5873	-34.7141	
561	0.00056	-23.028	-35.6155	
562	0.000561	-23.1233	-36.0201	
563	0.000562	-24.3252	-35.6195	
564	0.000563	-26.32	-34.4643	
565	0.000564	-24.9627	-34.8844	
566	0.000565	-24.0351	-36.4132	
567	0.000566	-24.5906	-36.0413	
568	0.000567	-26.1213	-36.3765	
569	0.000568	-25.6311	-36.1709	
570	0.000569	-25.8044	-38.0667	
571	0.00057	-26.2103	-37.9748	
572	0.000571	-25.5869	-40.7434	
573	0.000572	-27.965	-38.4852	
574	0.000573	-27.2533	-38.5445	
575	0.000574	-26.6803	-38.3506	
576	0.000575	-27.1127	-37.5501	
577	0.000576	-25.767	-39.2339	
578	0.000577	-27.6551	-40.6017	
579	0.000578	-27.7454	-39.835	
580	0.000579	-28.4196	-40.6721	
581	0.00058	-27.3532	-41.6228	
582	0.000581	-27.8312	-40.4232	
583	0.000582	-27.0135	-40.5036	
584	0.000583	-27.9572	-40.8311	
585	0.000584	-28.0801	-41.9164	
586	0.000585	-27.6618	-42.2624	
587	0.000586	-28.6844	-42.9641	
588	0.000587	-29.3552	-42.0251	
589	0.000588	-30.383	-43.0075	
590	0.000589	-31.1838	-43.1804	
591	0.00059	-30.7962	-43.4914	
592	0.000591	-29.3308	-44.1566	
593	0.000592	-31.0226	-43.1374	
594	0.000593	-29.7359	-44.4721	
595	0.000594	-30.1569	-44.4894	
596	0.000595	-31.0936	-44.7266	
597	0.000596	-32.3347	-42.7907	
598	0.000597	-31.4982	-42.1429	
599	0.000598	-31.3934	-44.2956	
600	0.000599	-31.4453	-45.1302	
601	0.0006	-33.4167	-44.1068	
602	0.000601	-33.2943	-44.3313	
603	0.000602	-33.3222	-43.8298	
604	0.000603	-33.5285	-46.5232	
605	0.000604	-33.9632	-46.9158	
606	0.000605	-32.7939	-46.6377	
607	0.000606	-31.5752	-45.7359	
608	0.000607	-31.8105	-45.6012	
609	0.000608	-32.533	-45.7533	
610	0.000609	-32.8889	-46.1412	
611	0.00061	-33.287	-45.9753	
612	0.000611	-34.2458	-46.3644	
613	0.000612	-32.914	-46.557	
614	0.000613	-33.7743	-46.9469	
615	0.000614	-34.4163	-47.9243	
616	0.000615	-34.2039	-46.8981	
617	0.000616	-34.1337	-47.9708	
618	0.000617	-34.2305	-48.2046	
