CompteurTemps	Temps	Cx0	Cy0	
1	0	-236.265	55.4733	
2	1e-06	-227.327	131.604	
3	2e-06	-29.3129	-60.3974	
4	3e-06	-18.259	-56.6028	
5	4e-06	-12.7448	-50.164	
6	5e-06	-11.7759	-41.5756	
7	6e-06	-9.95901	-36.3759	
8	7e-06	-9.0705	-30.7184	
9	8e-06	-9.06739	-26.4022	
10	9e-06	-8.50769	-22.8145	
11	1e-05	-6.46062	-20.6855	
12	1.1e-05	-5.78729	-18.2123	
13	1.2e-05	-5.53512	-15.7066	
14	1.3e-05	-4.54522	-14.3374	
15	1.4e-05	-5.65766	-12.0335	
16	1.5e-05	-5.66384	-10.8545	
17	1.6e-05	-5.74045	-8.55738	
18	1.7e-05	-3.92789	-9.2479	
19	1.8e-05	-4.17336	-7.94495	
20	1.9e-05	-4.44828	-7.04734	
21	2e-05	-4.51049	-6.13072	
22	2.1e-05	-4.64278	-5.81193	
23	2.2e-05	-5.43741	-5.10357	
24	2.3e-05	-4.36622	-5.77834	
25	2.4e-05	-4.22476	-5.26256	
26	2.5e-05	-4.26417	-4.99083	
27	2.6e-05	-3.50269	-5.18207	
28	2.7e-05	-4.51103	-4.02486	
29	2.8e-05	-4.33019	-4.16187	
30	2.9e-05	-3.96421	-4.19702	
31	3e-05	-4.18515	-4.0417	
32	3.1e-05	-4.4083	-3.67247	
33	3.2e-05	-4.1465	-3.4136	
34	3.3e-05	-4.31241	-3.26943	
35	3.4e-05	-4.73927	-3.04924	
36	3.5e-05	-4.02411	-3.34582	
37	3.6e-05	-2.74856	-4.23367	
38	3.7e-05	-4.79591	-2.55005	
39	3.8e-05	-4.90263	-3.01018	
40	3.9e-05	-3.45735	-3.95273	
41	4e-05	-4.16946	-3.08291	
42	4.1e-05	-3.00618	-3.99472	
43	4.2e-05	-3.30363	-3.54344	
44	4.3e-05	-4.74907	-2.66961	
45	4.4e-05	-4.94291	-3.02003	
46	4.5e-05	-3.69757	-4.21925	
47	4.6e-05	-3.77573	-3.7883	
48	4.7e-05	-3.21895	-4.26027	
49	4.8e-05	-3.29088	-4.47753	
50	4.9e-05	-3.49226	-4.20402	
51	5e-05	-3.39325	-3.95177	
52	5.1e-05	-3.7839	-3.41699	
53	5.2e-05	-4.53961	-2.87917	
54	5.3e-05	-3.56587	-3.60364	
55	5.4e-05	-2.89595	-3.97707	
56	5.5e-05	-2.73481	-4.08519	
57	5.6e-05	-2.43236	-4.28009	
58	5.7e-05	-3.3362	-3.0606	
59	5.8e-05	-3.33752	-3.92881	
60	5.9e-05	-2.86451	-3.85102	
61	6e-05	-2.65064	-3.96145	
62	6.1e-05	-3.88219	-2.94713	
63	6.2e-05	-3.80284	-3.10233	
64	6.3e-05	-3.52417	-3.44925	
65	6.4e-05	-3.02467	-3.51916	
66	6.5e-05	-2.8812	-3.50915	
67	6.6e-05	-3.13294	-3.14553	
68	6.7e-05	-3.04089	-3.22735	
69	6.8e-05	-3.21717	-3.16077	
70	6.9e-05	-3.6319	-3.54822	
71	7e-05	-3.87106	-3.14711	
72	7.1e-05	-3.64375	-3.26916	
73	7.2e-05	-3.58808	-3.39869	
74	7.3e-05	-3.27126	-3.51181	
75	7.4e-05	-2.99495	-3.67119	
76	7.5e-05	-3.08198	-3.42442	
77	7.6e-05	-3.11956	-3.34809	
78	7.7e-05	-3.16216	-3.31595	
79	7.8e-05	-2.90978	-3.38081	
80	7.9e-05	-2.70861	-3.4411	
81	8e-05	-2.30961	-3.53341	
82	8.1e-05	-2.36028	-3.48993	
83	8.2e-05	-2.49228	-3.57101	
84	8.3e-05	-2.46225	-3.64946	
85	8.4e-05	-2.54493	-3.52973	
86	8.5e-05	-2.84901	-3.33188	
87	8.6e-05	-2.68824	-3.887	
88	8.7e-05	-2.95603	-3.74383	
89	8.8e-05	-2.6654	-3.90805	
90	8.9e-05	-2.45388	-4.11136	
91	9e-05	-2.70163	-3.99793	
92	9.1e-05	-3.2676	-3.6561	
93	9.2e-05	-2.69867	-4.00221	
94	9.3e-05	-3.61529	-3.43045	
95	9.4e-05	-3.52392	-3.55364	
96	9.5e-05	-3.89011	-2.83996	
97	9.6e-05	-2.83996	-3.59136	
98	9.7e-05	-3.2287	-3.67313	
99	9.8e-05	-2.96405	-3.95233	
100	9.9e-05	-2.78375	-3.94565	
101	0.0001	-3.58093	-3.30319	
102	0.000101	-2.85961	-3.68095	
103	0.000102	-2.38159	-3.81111	
104	0.000103	-3.43856	-3.2902	
105	0.000104	-3.7175	-3.18042	
106	0.000105	-2.53422	-3.97122	
107	0.000106	-2.56056	-3.74838	
108	0.000107	-3.42064	-3.27178	
109	0.000108	-3.11425	-3.86266	
110	0.000109	-2.93073	-3.77665	
111	0.00011	-2.62501	-4.04276	
112	0.000111	-2.99136	-3.7682	
113	0.000112	-2.80156	-3.72962	
114	0.000113	-1.9833	-4.22498	
115	0.000114	-3.28204	-3.2767	
116	0.000115	-3.15413	-3.35246	
117	0.000116	-2.7041	-3.50356	
118	0.000117	-2.4782	-3.6409	
119	0.000118	-2.86149	-3.40726	
120	0.000119	-2.70302	-3.62113	
121	0.00012	-2.85685	-3.50969	
122	0.000121	-2.89266	-3.50877	
123	0.000122	-2.87864	-4.0082	
124	0.000123	-3.11856	-3.61496	
125	0.000124	-2.54941	-4.0503	
126	0.000125	-2.12083	-4.22622	
127	0.000126	-1.86139	-4.26353	
128	0.000127	-2.94786	-3.22705	
129	0.000128	-3.27952	-3.50042	
130	0.000129	-3.16025	-3.4155	
131	0.00013	-2.96738	-3.55977	
132	0.000131	-2.67611	-3.75501	
133	0.000132	-2.42958	-3.77845	
134	0.000133	-2.25986	-3.79108	
135	0.000134	-2.40327	-3.70496	
136	0.000135	-2.97774	-3.34579	
137	0.000136	-3.06791	-3.39975	
138	0.000137	-2.70579	-3.5252	
139	0.000138	-2.53124	-3.76702	
140	0.000139	-2.6886	-3.90606	
141	0.00014	-2.50015	-3.65335	
142	0.000141	-2.61454	-3.88865	
143	0.000142	-2.43856	-3.99759	
144	0.000143	-3.34253	-3.88164	
145	0.000144	-3.07987	-3.9284	
146	0.000145	-2.1453	-4.4577	
147	0.000146	-2.78651	-3.95787	
148	0.000147	-3.30857	-3.42526	
149	0.000148	-3.95847	-3.16937	
150	0.000149	-2.94661	-3.9499	
151	0.00015	-2.92072	-3.48197	
152	0.000151	-2.2815	-3.88806	
153	0.000152	-2.83835	-3.82051	
154	0.000153	-2.68217	-4.17976	
155	0.000154	-3.12537	-3.92634	
156	0.000155	-3.28537	-3.87662	
157	0.000156	-2.21957	-4.51249	
158	0.000157	-2.74484	-3.69921	
159	0.000158	-2.68147	-3.65521	
160	0.000159	-2.91873	-3.85543	
161	0.00016	-2.84853	-3.61512	
162	0.000161	-2.4505	-3.90426	
163	0.000162	-2.75971	-3.54137	
164	0.000163	-2.53267	-3.97829	
165	0.000164	-2.26479	-3.90827	
166	0.000165	-2.55252	-3.583	
167	0.000166	-2.60643	-3.51029	
168	0.000167	-2.39764	-3.81391	
169	0.000168	-2.76191	-3.38366	
170	0.000169	-2.70359	-3.96896	
171	0.00017	-2.98695	-4.12311	
172	0.000171	-2.5582	-4.64853	
173	0.000172	-2.57745	-4.51759	
174	0.000173	-2.90187	-4.14143	
175	0.000174	-3.46196	-3.5674	
176	0.000175	-2.1127	-4.40657	
177	0.000176	-2.71456	-3.92611	
178	0.000177	-2.74877	-3.81767	
179	0.000178	-3.29214	-3.40866	
180	0.000179	-2.25777	-4.17092	
181	0.00018	-2.10648	-4.28247	
182	0.000181	-2.59017	-4.00613	
183	0.000182	-2.57117	-3.88464	
184	0.000183	-3.29508	-3.59299	
185	0.000184	-2.89228	-3.99622	
186	0.000185	-3.01526	-3.86225	
187	0.000186	-2.53388	-4.05661	
188	0.000187	-3.18743	-3.67799	
189	0.000188	-2.05103	-4.53708	
190	0.000189	-2.22369	-4.26484	
191	0.00019	-2.02989	-4.536	
192	0.000191	-2.5494	-4.15629	
193	0.000192	-2.78676	-3.99781	
194	0.000193	-3.35317	-3.21337	
195	0.000194	-2.86774	-3.76673	
196	0.000195	-2.76331	-3.77285	
197	0.000196	-2.62066	-3.79901	
198	0.000197	-2.28216	-4.05955	
199	0.000198	-2.41829	-4.37873	
200	0.000199	-2.09266	-4.44542	
201	0.0002	-2.32415	-3.94788	
202	0.000201	-2.92562	-3.85256	
203	0.000202	-2.4276	-4.22148	
204	0.000203	-3.13904	-4.01209	
205	0.000204	-2.70613	-4.31626	
206	0.000205	-2.99261	-3.85463	
207	0.000206	-2.33678	-4.37542	
208	0.000207	-2.02166	-4.36342	
209	0.000208	-2.39467	-4.13508	
210	0.000209	-2.71298	-3.9918	
211	0.00021	-2.97661	-4.18533	
212	0.000211	-2.60692	-4.33504	
213	0.000212	-2.36063	-4.30848	
214	0.000213	-2.17967	-4.17129	
215	0.000214	-2.78801	-4.02972	
216	0.000215	-2.68307	-4.19343	
217	0.000216	-2.77987	-3.78822	
218	0.000217	-2.82892	-3.8682	
219	0.000218	-2.40627	-4.25983	
220	0.000219	-2.38517	-4.1456	
221	0.00022	-2.43388	-4.23717	
222	0.000221	-2.33864	-4.343	
223	0.000222	-2.36149	-4.39471	
224	0.000223	-2.92618	-3.79736	
225	0.000224	-2.82731	-3.98003	
226	0.000225	-2.36634	-4.32232	
227	0.000226	-2.32815	-4.29035	
228	0.000227	-1.95305	-4.49199	
229	0.000228	-1.79459	-4.47734	
230	0.000229	-1.62918	-4.59883	
231	0.00023	-1.7108	-4.37372	
232	0.000231	-1.92617	-4.15057	
233	0.000232	-2.68325	-3.94931	
234	0.000233	-2.32077	-4.11489	
235	0.000234	-2.85482	-3.87689	
236	0.000235	-2.30745	-4.43705	
237	0.000236	-2.41291	-4.12866	
238	0.000237	-2.14223	-4.19253	
239	0.000238	-2.31569	-4.03979	
240	0.000239	-2.23645	-4.13452	
241	0.00024	-2.7603	-3.67372	
242	0.000241	-2.61244	-3.73892	
243	0.000242	-2.764	-3.44643	
244	0.000243	-1.92526	-4.00632	
245	0.000244	-1.77281	-4.12834	
246	0.000245	-1.75031	-3.99921	
247	0.000246	-2.91847	-3.21955	
248	0.000247	-2.47633	-3.83497	
249	0.000248	-2.20308	-4.09314	
250	0.000249	-2.49199	-3.94604	
251	0.00025	-2.09426	-4.39467	
252	0.000251	-2.48883	-4.09402	
253	0.000252	-2.68494	-3.83864	
254	0.000253	-2.19739	-4.4342	
255	0.000254	-2.40465	-4.0486	
256	0.000255	-2.30334	-4.13829	
257	0.000256	-2.84269	-3.2706	
258	0.000257	-3.10634	-3.70663	
259	0.000258	-1.94335	-4.16514	
260	0.000259	-2.56695	-3.75563	
261	0.00026	-3.05584	-3.86963	
262	0.000261	-3.46737	-4.11632	
263	0.000262	-2.84972	-4.31156	
264	0.000263	-2.42452	-4.62184	
265	0.000264	-1.828	-4.8372	
266	0.000265	-2.62758	-4.13546	
267	0.000266	-1.60793	-4.63506	
268	0.000267	-2.14357	-4.26145	
269	0.000268	-2.24528	-4.07708	
270	0.000269	-2.11144	-4.10553	
271	0.00027	-2.12638	-3.97877	
272	0.000271	-3.23217	-3.40739	
273	0.000272	-2.04176	-4.40992	
274	0.000273	-2.56353	-3.86521	
275	0.000274	-2.45213	-3.80615	
276	0.000275	-2.58369	-3.50542	
277	0.000276	-3.26521	-3.27284	
278	0.000277	-3.08771	-3.80113	
279	0.000278	-3.45408	-3.35225	
280	0.000279	-2.60031	-3.89941	
281	0.00028	-2.52322	-3.82343	
282	0.000281	-2.4427	-3.98058	
283	0.000282	-2.99618	-3.74924	
284	0.000283	-2.78873	-4.12846	
285	0.000284	-2.48303	-4.18094	
286	0.000285	-2.57492	-4.26101	
287	0.000286	-2.37434	-4.0602	
288	0.000287	-1.99118	-4.25309	
289	0.000288	-2.91093	-3.67311	
290	0.000289	-2.33784	-4.2301	
291	0.00029	-2.05861	-3.99433	
292	0.000291	-2.45104	-3.48077	
293	0.000292	-2.16906	-4.00718	
294	0.000293	-1.86767	-4.21767	
295	0.000294	-2.39439	-3.85422	
296	0.000295	-2.31675	-3.99926	
297	0.000296	-1.92824	-4.42252	
298	0.000297	-3.0707	-3.71451	
299	0.000298	-1.89514	-4.37415	
300	0.000299	-1.60041	-4.44201	
301	0.0003	-1.59908	-4.42792	
302	0.000301	-2.91641	-3.35003	
303	0.000302	-2.60942	-3.88763	
304	0.000303	-2.2867	-3.91446	
305	0.000304	-2.67705	-3.88423	
306	0.000305	-2.43658	-4.2583	
307	0.000306	-2.87411	-3.93446	
308	0.000307	-2.70854	-4.08018	
309	0.000308	-2.25112	-4.45654	
310	0.000309	-2.59353	-4.07644	
311	0.00031	-2.9882	-3.99708	
312	0.000311	-2.21688	-4.59683	
313	0.000312	-2.13705	-4.4501	
314	0.000313	-2.41632	-4.08663	
315	0.000314	-2.35116	-4.52357	
316	0.000315	-2.55166	-4.23263	
317	0.000316	-2.75687	-3.91335	
318	0.000317	-2.22066	-4.31744	
319	0.000318	-2.92898	-3.52673	
320	0.000319	-2.99222	-3.50555	
321	0.00032	-2.51828	-3.79726	
322	0.000321	-1.97623	-4.20719	
323	0.000322	-2.01676	-4.16946	
324	0.000323	-2.09236	-3.95898	
325	0.000324	-2.34645	-4.07262	
326	0.000325	-1.95111	-4.23046	
327	0.000326	-2.69305	-3.79473	
328	0.000327	-2.01556	-4.22267	
329	0.000328	-2.07746	-4.03666	
330	0.000329	-1.76306	-4.27044	
331	0.00033	-1.73684	-4.30435	
332	0.000331	-2.30447	-3.9133	
333	0.000332	-2.13147	-3.932	
334	0.000333	-2.72179	-3.47797	
335	0.000334	-3.19822	-3.23145	
336	0.000335	-2.98532	-3.78115	
337	0.000336	-2.17339	-4.56508	
338	0.000337	-2.59746	-3.82417	
339	0.000338	-2.37613	-4.07719	
340	0.000339	-2.32249	-4.22788	
341	0.00034	-2.79589	-4.00476	
342	0.000341	-2.33396	-4.39991	
343	0.000342	-2.78785	-4.07294	
344	0.000343	-2.29531	-4.27836	
345	0.000344	-2.72219	-3.99399	
346	0.000345	-2.1063	-4.47666	
347	0.000346	-2.42314	-3.84871	
348	0.000347	-2.57387	-3.83281	
349	0.000348	-2.92182	-3.3407	
350	0.000349	-2.30955	-3.87376	
351	0.00035	-2.98207	-3.82976	
352	0.000351	-2.14858	-3.85348	
353	0.000352	-2.81223	-3.5714	
354	0.000353	-2.84543	-3.73354	
355	0.000354	-2.7414	-3.98746	
356	0.000355	-2.17641	-4.31743	
357	0.000356	-2.3774	-3.68066	
358	0.000357	-2.89913	-3.60945	
359	0.000358	-2.32045	-3.97055	
360	0.000359	-2.02818	-3.98317	
361	0.00036	-2.18375	-3.95963	
362	0.000361	-2.8967	-3.82717	
363	0.000362	-2.2426	-4.20167	
364	0.000363	-3.14659	-3.70796	
365	0.000364	-2.91631	-3.79836	
366	0.000365	-2.80323	-3.66204	
367	0.000366	-2.78479	-3.75908	
368	0.000367	-2.61767	-3.86878	
369	0.000368	-2.28548	-4.02117	
370	0.000369	-2.3974	-4.10003	
371	0.00037	-2.20378	-4.01414	
372	0.000371	-2.36294	-3.98148	
373	0.000372	-2.09052	-4.1186	
374	0.000373	-2.48043	-3.75967	
375	0.000374	-2.52138	-3.69621	
376	0.000375	-2.30177	-3.99257	
377	0.000376	-2.11247	-4.35383	
378	0.000377	-2.2348	-4.16224	
379	0.000378	-2.20266	-4.2092	
380	0.000379	-1.87277	-4.22023	
381	0.00038	-2.6925	-3.58183	
382	0.000381	-2.52217	-3.90804	
383	0.000382	-2.36156	-4.09778	
384	0.000383	-2.71874	-3.78036	
385	0.000384	-2.77767	-4.02496	
386	0.000385	-2.74353	-3.93523	
387	0.000386	-2.46256	-4.15957	
388	0.000387	-2.41633	-3.85666	
389	0.000388	-2.82645	-3.41112	
390	0.000389	-1.71788	-4.20964	
391	0.00039	-2.37013	-3.71742	
392	0.000391	-2.3302	-3.79129	
393	0.000392	-2.13331	-3.93748	
394	0.000393	-2.1719	-4.11093	
395	0.000394	-2.14553	-4.0306	
396	0.000395	-2.33802	-4.06638	
397	0.000396	-2.61263	-3.88666	
398	0.000397	-2.85598	-3.65429	
399	0.000398	-3.31676	-3.14049	
400	0.000399	-2.42631	-4.04342	
401	0.0004	-2.51872	-3.68978	
402	0.000401	-2.73136	-3.49236	
403	0.000402	-1.86754	-4.14996	
404	0.000403	-2.00602	-3.88779	
405	0.000404	-1.73084	-4.16175	
406	0.000405	-1.81957	-4.24098	
407	0.000406	-2.04754	-4.07515	
408	0.000407	-1.53011	-4.6379	
409	0.000408	-1.97075	-4.10216	
410	0.000409	-1.60333	-4.35307	
411	0.00041	-2.79778	-3.167	
412	0.000411	-2.08855	-3.71547	
413	0.000412	-1.92393	-3.83431	
414	0.000413	-2.11092	-3.73152	
415	0.000414	-2.16649	-3.68486	
416	0.000415	-2.67912	-3.37875	
417	0.000416	-3.11556	-3.19909	
418	0.000417	-3.0904	-3.09641	
419	0.000418	-2.38718	-3.56287	
420	0.000419	-2.60947	-3.72982	
421	0.00042	-2.70433	-3.25312	
422	0.000421	-2.34091	-3.56687	
423	0.000422	-2.21846	-3.49706	
424	0.000423	-2.02506	-3.63215	
425	0.000424	-1.92525	-3.65947	
426	0.000425	-2.17978	-3.25565	
427	0.000426	-2.30659	-3.40931	
428	0.000427	-1.93198	-3.58502	
429	0.000428	-2.62322	-3.06263	
430	0.000429	-2.47441	-3.21387	
431	0.00043	-3.06315	-3.33184	
432	0.000431	-2.95485	-3.20499	
433	0.000432	-2.52666	-3.25421	
434	0.000433	-2.92193	-3.16394	
435	0.000434	-2.13368	-3.99847	
436	0.000435	-2.21794	-3.81984	
437	0.000436	-2.30878	-3.47259	
438	0.000437	-2.0912	-3.55299	
439	0.000438	-2.57113	-3.44226	
440	0.000439	-2.4546	-3.84571	
441	0.00044	-2.44543	-3.97468	
442	0.000441	-3.25496	-3.29461	
443	0.000442	-2.64248	-3.72154	
444	0.000443	-2.76509	-3.51735	
445	0.000444	-2.38436	-3.72161	
446	0.000445	-2.18346	-3.81569	
447	0.000446	-2.48415	-3.45209	
448	0.000447	-2.08326	-3.7576	
449	0.000448	-2.08248	-3.87431	
450	0.000449	-2.00562	-3.86984	
451	0.00045	-2.26525	-3.42038	
452	0.000451	-2.32411	-3.27549	
453	0.000452	-2.47216	-3.57425	
454	0.000453	-2.54346	-3.57632	
455	0.000454	-3.31963	-3.04208	
456	0.000455	-2.75608	-3.35962	
457	0.000456	-2.57914	-3.42545	
458	0.000457	-2.48088	-3.37688	
459	0.000458	-2.20462	-3.56238	
460	0.000459	-2.3142	-3.64975	
461	0.00046	-2.51711	-3.34347	
462	0.000461	-2.39595	-3.43138	
463	0.000462	-1.88781	-3.61854	
464	0.000463	-2.40122	-3.46242	
465	0.000464	-1.80136	-3.82999	
466	0.000465	-2.33777	-3.32179	
467	0.000466	-1.73822	-3.97915	
468	0.000467	-2.18898	-3.54225	
469	0.000468	-1.96819	-3.77549	
470	0.000469	-2.10644	-3.6599	
471	0.00047	-2.40822	-3.42777	
472	0.000471	-2.92755	-2.89593	
473	0.000472	-2.50998	-3.4138	
474	0.000473	-2.37371	-3.46774	
475	0.000474	-3.03138	-3.28019	
476	0.000475	-2.96624	-3.12047	
477	0.000476	-2.12322	-3.75469	
478	0.000477	-3.05045	-2.92463	
479	0.000478	-2.48709	-3.43013	
480	0.000479	-1.89141	-3.84165	
481	0.00048	-2.33419	-3.532	
482	0.000481	-2.3714	-3.56356	
483	0.000482	-2.48481	-3.71865	
484	0.000483	-1.97946	-4.00037	
485	0.000484	-2.61495	-3.26071	
486	0.000485	-2.54938	-3.64347	
487	0.000486	-1.94651	-3.92998	
488	0.000487	-2.55821	-3.15494	
489	0.000488	-3.16685	-2.79815	
490	0.000489	-2.57699	-3.5692	
491	0.00049	-2.24855	-3.71949	
492	0.000491	-2.09311	-3.72646	
493	0.000492	-2.02095	-3.61735	
494	0.000493	-1.80745	-3.74824	
495	0.000494	-1.86827	-3.78782	
496	0.000495	-2.05041	-3.65125	
497	0.000496	-2.35506	-3.31667	
498	0.000497	-2.48906	-3.14725	
499	0.000498	-2.62731	-3.141	
500	0.000499	-2.28922	-3.44356	
501	0.0005	-2.70513	-3.03597	
502	0.000501	-2.86059	-3.04198	
503	0.000502	-2.43772	-3.31817	
504	0.000503	-1.79823	-3.69591	
505	0.000504	-2.3	-3.26003	
506	0.000505	-3.09184	-3.24402	
507	0.000506	-2.29436	-3.73219	
508	0.000507	-2.38651	-3.75636	
509	0.000508	-2.25856	-3.62033	
510	0.000509	-2.37029	-3.41597	
511	0.00051	-2.21348	-3.75608	
512	0.000511	-2.10233	-3.74219	
513	0.000512	-2.83252	-2.97872	
514	0.000513	-2.18467	-3.59475	
515	0.000514	-2.37121	-3.51484	
516	0.000515	-2.74035	-3.57379	
517	0.000516	-2.50728	-3.67957	
518	0.000517	-3.04032	-3.48606	
519	0.000518	-3.11715	-3.26582	
520	0.000519	-2.36188	-4.0724	
521	0.00052	-3.30214	-3.24783	
