CompteurTemps	Temps	Cx0	Cy0	
1	0	-609.615	145.698	
2	1e-06	-280.954	-114.284	
3	2e-06	-111.713	-225.463	
4	3e-06	-92.5992	-205.301	
5	4e-06	-78.9673	-181.259	
6	5e-06	-70.2045	-162.139	
7	6e-06	-63.8341	-143.856	
8	7e-06	-59.368	-128.357	
9	8e-06	-53.4609	-117.677	
10	9e-06	-47.6923	-105.484	
11	1e-05	-43.9521	-95.4424	
12	1.1e-05	-40.2986	-88.5377	
13	1.2e-05	-36.8717	-81.2616	
14	1.3e-05	-34.6666	-74.9703	
15	1.4e-05	-32.4369	-69.9608	
16	1.5e-05	-31.6772	-64.7529	
17	1.6e-05	-29.2797	-60.6214	
18	1.7e-05	-27.3043	-57.3183	
19	1.8e-05	-25.6518	-53.6181	
20	1.9e-05	-23.999	-51.4517	
21	2e-05	-23.4679	-48.9887	
22	2.1e-05	-21.9464	-46.9919	
23	2.2e-05	-22.136	-44.7436	
24	2.3e-05	-21.2412	-43.3297	
25	2.4e-05	-20.4653	-42.5297	
26	2.5e-05	-20.1238	-40.4847	
27	2.6e-05	-19.2938	-40.6767	
28	2.7e-05	-18.9992	-39.8873	
29	2.8e-05	-17.9635	-40.1626	
30	2.9e-05	-18.0365	-38.8745	
31	3e-05	-18.1147	-37.8507	
32	3.1e-05	-18.4244	-37.7918	
33	3.2e-05	-16.732	-38.3767	
34	3.3e-05	-17.541	-37.5813	
35	3.4e-05	-17.8407	-36.2335	
36	3.5e-05	-18.5908	-35.9369	
37	3.6e-05	-17.0715	-37.1502	
38	3.7e-05	-15.7757	-37.2629	
39	3.8e-05	-17.181	-36.6734	
40	3.9e-05	-16.7811	-36.1216	
41	4e-05	-16.6574	-36.1915	
42	4.1e-05	-15.8289	-37.1746	
43	4.2e-05	-15.7209	-36.52	
44	4.3e-05	-16.7822	-36.3286	
45	4.4e-05	-15.2023	-37.2344	
46	4.5e-05	-16.1733	-36.2719	
47	4.6e-05	-15.0654	-37.1967	
48	4.7e-05	-16.2664	-36.9459	
49	4.8e-05	-15.4488	-37.3286	
50	4.9e-05	-15.9136	-36.1023	
51	5e-05	-15.6244	-36.1695	
52	5.1e-05	-15.3177	-36.947	
53	5.2e-05	-15.4328	-36.9344	
54	5.3e-05	-17.1824	-35.9218	
55	5.4e-05	-16.6735	-36.4822	
56	5.5e-05	-15.7201	-37.084	
57	5.6e-05	-14.4871	-37.3742	
58	5.7e-05	-17.0113	-36.0138	
59	5.8e-05	-15.6868	-37.3267	
60	5.9e-05	-16.5361	-36.7355	
61	6e-05	-17.5897	-37.3452	
62	6.1e-05	-16.6358	-37.7967	
63	6.2e-05	-16.733	-37.4919	
64	6.3e-05	-17.549	-37.924	
65	6.4e-05	-16.3101	-38.4007	
66	6.5e-05	-16.173	-38.0634	
67	6.6e-05	-16.2994	-38.1363	
68	6.7e-05	-15.7025	-38.2293	
69	6.8e-05	-16.0952	-37.6855	
70	6.9e-05	-16.2618	-37.6652	
71	7e-05	-16.3897	-37.898	
72	7.1e-05	-16.8824	-37.0178	
73	7.2e-05	-16.2895	-37.6178	
74	7.3e-05	-16.1518	-37.9882	
75	7.4e-05	-15.9848	-37.9802	
76	7.5e-05	-16.498	-38.2259	
77	7.6e-05	-16.4998	-37.3088	
78	7.7e-05	-16.7158	-38.0412	
79	7.8e-05	-16.9017	-37.5268	
80	7.9e-05	-15.7417	-38.1672	
81	8e-05	-16.9807	-37.2482	
82	8.1e-05	-17.3488	-37.6835	
83	8.2e-05	-16.548	-38.3388	
84	8.3e-05	-16.7241	-37.9647	
85	8.4e-05	-16.1074	-38.5473	
86	8.5e-05	-15.6213	-38.344	
87	8.6e-05	-17.8269	-37.0725	
88	8.7e-05	-16.1764	-37.9644	
89	8.8e-05	-16.2665	-38.7565	
90	8.9e-05	-17.058	-38.1747	
91	9e-05	-16.8638	-38.5313	
92	9.1e-05	-17.7118	-38.5505	
93	9.2e-05	-17.3068	-38.5612	
94	9.3e-05	-16.244	-38.9199	
95	9.4e-05	-17.2194	-37.7705	
96	9.5e-05	-15.7126	-40.0068	
97	9.6e-05	-15.4301	-39.2539	
98	9.7e-05	-16.7673	-37.8817	
99	9.8e-05	-16.8553	-38.3909	
100	9.9e-05	-17.3952	-38.2434	
101	0.0001	-16.1316	-37.748	
102	0.000101	-16.0371	-38.612	
103	0.000102	-16.6642	-38.2563	
104	0.000103	-16.4624	-38.4066	
105	0.000104	-15.7357	-39.1572	
106	0.000105	-17.2452	-37.7879	
107	0.000106	-15.2598	-39.3881	
108	0.000107	-17.1043	-37.9398	
109	0.000108	-16.6117	-38.3838	
110	0.000109	-16.6437	-38.7679	
111	0.00011	-16.3593	-39.7505	
112	0.000111	-17.5603	-38.0311	
113	0.000112	-16.3464	-39.0808	
114	0.000113	-15.2509	-39.5139	
115	0.000114	-15.8119	-39.1096	
116	0.000115	-16.4641	-38.98	
117	0.000116	-16.7494	-39.0651	
118	0.000117	-17.0794	-38.8812	
119	0.000118	-17.1242	-37.2017	
120	0.000119	-15.9898	-39.168	
121	0.00012	-16.5638	-38.7086	
122	0.000121	-16.2892	-39.7905	
123	0.000122	-16.6481	-39.2055	
124	0.000123	-16.9796	-39.3612	
125	0.000124	-16.7407	-39.5194	
126	0.000125	-16.0704	-39.2438	
127	0.000126	-16.4703	-39.0457	
128	0.000127	-15.2796	-40.2149	
129	0.000128	-16.1248	-38.885	
130	0.000129	-16.8338	-38.9675	
131	0.00013	-16.7574	-38.4196	
132	0.000131	-17.8737	-38.1811	
133	0.000132	-17.2519	-38.8569	
134	0.000133	-16.7672	-39.7505	
135	0.000134	-17.2219	-39.4756	
136	0.000135	-18.8316	-39.4627	
137	0.000136	-17.0349	-40.4782	
138	0.000137	-17.6875	-40.1006	
139	0.000138	-18.1904	-40.0494	
140	0.000139	-17.5628	-40.5221	
141	0.00014	-17.3619	-40.2713	
142	0.000141	-17.1853	-41.0424	
143	0.000142	-17.6305	-40.2266	
144	0.000143	-17.4485	-40.6294	
145	0.000144	-17.1154	-41.3236	
146	0.000145	-16.9833	-41.0392	
147	0.000146	-16.4343	-41.3029	
148	0.000147	-18.1804	-40.4255	
149	0.000148	-18.249	-40.3854	
150	0.000149	-18.7754	-40.6533	
151	0.00015	-17.8706	-41.7335	
152	0.000151	-17.9604	-42.4386	
153	0.000152	-17.8808	-42.1146	
154	0.000153	-20.1114	-41.2401	
155	0.000154	-19.3919	-41.7615	
156	0.000155	-18.1331	-42.7155	
157	0.000156	-18.0845	-42.7732	
158	0.000157	-19.5804	-41.6879	
159	0.000158	-18.6204	-42.0061	
160	0.000159	-18.6447	-42.5673	
161	0.00016	-19.2582	-41.6884	
162	0.000161	-18.5581	-42.7293	
163	0.000162	-20.5881	-42.8144	
164	0.000163	-18.8594	-44.1957	
165	0.000164	-18.8093	-44.0919	
166	0.000165	-19.8166	-43.6562	
167	0.000166	-19.5141	-44.3602	
168	0.000167	-20.0894	-44.1367	
169	0.000168	-19.5897	-44.311	
170	0.000169	-19.6061	-44.1726	
171	0.00017	-20.4859	-43.1526	
172	0.000171	-19.18	-46.3823	
173	0.000172	-19.3886	-44.9358	
174	0.000173	-20.3521	-44.9178	
175	0.000174	-19.3955	-45.3639	
176	0.000175	-20.0199	-44.2786	
177	0.000176	-21.1965	-44.2585	
178	0.000177	-20.7735	-44.8781	
179	0.000178	-21.3768	-46.2808	
180	0.000179	-19.7156	-46.4752	
181	0.00018	-20.3131	-45.9145	
182	0.000181	-21.2329	-46.3487	
183	0.000182	-20.9201	-45.9565	
184	0.000183	-20.6471	-46.5836	
185	0.000184	-19.6722	-47.0883	
186	0.000185	-21.6169	-45.3981	
187	0.000186	-21.0766	-46.1794	
188	0.000187	-21.4843	-46.6757	
189	0.000188	-21.6715	-46.9123	
190	0.000189	-20.6611	-47.4899	
191	0.00019	-21.5206	-46.5297	
192	0.000191	-22.8057	-46.4825	
193	0.000192	-22.3078	-46.5484	
194	0.000193	-21.2743	-47.6461	
195	0.000194	-21.2043	-46.666	
196	0.000195	-20.5106	-47.3203	
197	0.000196	-21.0077	-47.0242	
198	0.000197	-22.2819	-47.1455	
199	0.000198	-22.5088	-46.56	
200	0.000199	-21.9499	-48.3183	
201	0.0002	-21.6771	-47.2824	
202	0.000201	-21.3056	-47.8838	
203	0.000202	-22.0972	-47.3261	
204	0.000203	-22.3168	-46.8303	
205	0.000204	-21.6968	-47.2025	
206	0.000205	-22.7672	-46.6475	
207	0.000206	-22.3482	-46.7301	
208	0.000207	-23.4235	-46.7395	
209	0.000208	-22.6258	-46.445	
210	0.000209	-21.0426	-48.1535	
211	0.00021	-21.6808	-47.7927	
212	0.000211	-22.6498	-46.9544	
213	0.000212	-22.0559	-47.4829	
214	0.000213	-22.3403	-47.3159	
215	0.000214	-21.7709	-47.5765	
216	0.000215	-22.1008	-47.0976	
217	0.000216	-21.1255	-47.7446	
218	0.000217	-24.0275	-45.7335	
219	0.000218	-22.6604	-47.1985	
220	0.000219	-23.4391	-46.6676	
221	0.00022	-22.453	-47.9385	
222	0.000221	-21.8894	-47.5888	
223	0.000222	-21.9654	-47.344	
224	0.000223	-22.9073	-47.0846	
225	0.000224	-22.1489	-47.9893	
226	0.000225	-23.7185	-47.4079	
227	0.000226	-22.1871	-48.6922	
228	0.000227	-21.6379	-48.719	
229	0.000228	-22.1599	-47.7832	
230	0.000229	-23.692	-46.6401	
231	0.00023	-21.6087	-49.0176	
232	0.000231	-23.3374	-47.1521	
233	0.000232	-23.3213	-47.6942	
234	0.000233	-22.6332	-48.2415	
235	0.000234	-21.9691	-48.6876	
236	0.000235	-23.4394	-46.927	
237	0.000236	-23.079	-47.7184	
238	0.000237	-22.0598	-48.3144	
239	0.000238	-22.9906	-46.8288	
240	0.000239	-23.1359	-46.8628	
241	0.00024	-23.2581	-47.2463	
242	0.000241	-21.4034	-47.8625	
243	0.000242	-22.6148	-46.6856	
244	0.000243	-23.8725	-46.214	
245	0.000244	-23.5566	-46.5806	
246	0.000245	-23.0689	-45.9893	
247	0.000246	-23.1238	-47.1143	
248	0.000247	-22.8254	-47.6143	
249	0.000248	-22.1859	-47.0691	
250	0.000249	-23.7186	-45.8369	
251	0.00025	-22.7824	-46.9528	
252	0.000251	-23.3477	-45.8556	
253	0.000252	-23.4815	-47.6083	
254	0.000253	-22.421	-47.1828	
255	0.000254	-21.6639	-46.6411	
256	0.000255	-22.7224	-47.8054	
257	0.000256	-24.3343	-46.0811	
258	0.000257	-23.6657	-46.8128	
259	0.000258	-22.033	-47.2085	
260	0.000259	-23.6469	-45.812	
261	0.00026	-22.8284	-46.4857	
262	0.000261	-22.2418	-46.5453	
263	0.000262	-21.501	-46.8155	
264	0.000263	-20.889	-46.8831	
265	0.000264	-20.8538	-46.2869	
266	0.000265	-21.4563	-45.8133	
267	0.000266	-22.1571	-44.4273	
268	0.000267	-21.4642	-45.3152	
269	0.000268	-22.2347	-44.1302	
270	0.000269	-20.9362	-44.2702	
271	0.00027	-21.6096	-43.4485	
272	0.000271	-20.7769	-44.1879	
273	0.000272	-21.7279	-42.4588	
274	0.000273	-22.3695	-42.4695	
275	0.000274	-23.7183	-41.5335	
276	0.000275	-22.3321	-42.8315	
277	0.000276	-22.5881	-42.9416	
278	0.000277	-21.6709	-42.8481	
279	0.000278	-21.683	-42.6503	
280	0.000279	-20.8793	-44.0347	
281	0.00028	-21.0592	-42.8596	
282	0.000281	-20.0571	-42.4438	
283	0.000282	-19.3677	-42.9018	
284	0.000283	-20.7258	-42.0419	
285	0.000284	-20.4897	-41.2157	
286	0.000285	-21.1564	-41.0125	
287	0.000286	-21.4146	-41.1134	
288	0.000287	-20.6303	-42.1886	
289	0.000288	-20.8151	-41.2592	
290	0.000289	-21.178	-41.1905	
291	0.00029	-21.2259	-41.1704	
292	0.000291	-21.0441	-40.1635	
293	0.000292	-20.099	-40.7384	
294	0.000293	-20.2827	-40.2465	
295	0.000294	-19.1593	-40.3758	
296	0.000295	-19.7832	-40.5328	
297	0.000296	-19.658	-40.0345	
298	0.000297	-19.3976	-40.3691	
299	0.000298	-19.341	-39.8917	
300	0.000299	-18.5063	-40.3277	
301	0.0003	-18.2275	-39.5074	
302	0.000301	-20.2472	-38.8801	
303	0.000302	-20.767	-38.702	
304	0.000303	-18.4679	-39.7002	
305	0.000304	-19.1487	-38.6455	
306	0.000305	-18.3715	-38.9683	
307	0.000306	-19.6445	-37.1154	
308	0.000307	-20.1877	-37.4575	
309	0.000308	-18.247	-37.9162	
310	0.000309	-17.0012	-37.2091	
311	0.00031	-19.1677	-35.9197	
312	0.000311	-18.2646	-36.3163	
313	0.000312	-19.2765	-36.1651	
314	0.000313	-19.9943	-35.293	
315	0.000314	-18.3957	-37.3398	
316	0.000315	-18.3364	-35.7086	
317	0.000316	-17.6269	-35.8541	
318	0.000317	-17.5701	-35.362	
319	0.000318	-17.6052	-35.4614	
320	0.000319	-17.6103	-35.001	
321	0.00032	-16.9625	-34.9496	
322	0.000321	-17.3092	-34.6694	
323	0.000322	-17.5297	-33.934	
324	0.000323	-16.7404	-34.5692	
325	0.000324	-15.9869	-34.8238	
326	0.000325	-16.8452	-33.49	
327	0.000326	-16.1781	-33.1824	
328	0.000327	-16.705	-32.4341	
329	0.000328	-16.9884	-32.7975	
330	0.000329	-15.6457	-33.2397	
331	0.00033	-15.6051	-32.4462	
332	0.000331	-16.1206	-31.6358	
333	0.000332	-16.2216	-32.4185	
334	0.000333	-17.4808	-30.98	
335	0.000334	-16.8682	-31.1682	
336	0.000335	-18.1043	-30.0499	
337	0.000336	-16.8669	-30.7463	
338	0.000337	-16.1886	-31.0588	
339	0.000338	-16.1512	-30.2709	
340	0.000339	-15.8715	-29.9476	
341	0.00034	-15.0843	-29.2738	
342	0.000341	-15.3692	-29.5452	
343	0.000342	-14.8336	-28.7122	
344	0.000343	-16.6475	-26.6626	
345	0.000344	-15.3762	-28.8755	
346	0.000345	-15.9954	-28.7616	
347	0.000346	-16.9041	-27.9304	
348	0.000347	-17.2001	-28.8304	
349	0.000348	-15.5586	-29.0672	
350	0.000349	-15.3933	-28.6159	
351	0.00035	-15.2541	-26.5913	
352	0.000351	-16.1758	-27.2639	
353	0.000352	-15.2197	-27.3165	
354	0.000353	-15.3354	-26.3043	
355	0.000354	-16.1879	-25.6721	
356	0.000355	-15.4814	-26.6743	
357	0.000356	-15.8573	-25.9865	
358	0.000357	-14.7874	-26.3918	
359	0.000358	-14.8356	-25.7176	
360	0.000359	-14.62	-25.3961	
361	0.00036	-14.2552	-25.5901	
362	0.000361	-14.6644	-25.3637	
363	0.000362	-15.4432	-24.7575	
364	0.000363	-15.3707	-24.9694	
365	0.000364	-16.0357	-24.746	
366	0.000365	-17.1543	-23.584	
367	0.000366	-16.5868	-24.3568	
368	0.000367	-15.4436	-25.1232	
369	0.000368	-18.0132	-22.5445	
370	0.000369	-15.4544	-25.6873	
371	0.00037	-15.1057	-24.9772	
372	0.000371	-16.5526	-24.8353	
373	0.000372	-15.4459	-26.2491	
374	0.000373	-16.4778	-24.6663	
375	0.000374	-16.6175	-25.2925	
376	0.000375	-16.6627	-25.6203	
377	0.000376	-14.802	-26.2647	
378	0.000377	-15.6859	-25.8604	
379	0.000378	-15.7523	-25.3347	
380	0.000379	-15.9936	-24.1912	
381	0.00038	-15.7938	-24.4587	
382	0.000381	-16.3305	-24.7871	
383	0.000382	-14.6701	-25.6159	
384	0.000383	-15.5722	-24.8507	
385	0.000384	-14.5348	-25.6548	
386	0.000385	-15.0096	-24.9572	
387	0.000386	-17.0089	-23.5804	
388	0.000387	-16.0347	-24.2547	
389	0.000388	-15.4427	-24.622	
390	0.000389	-16.1699	-23.8779	
391	0.00039	-16.1283	-23.6653	
392	0.000391	-15.6544	-24.5747	
393	0.000392	-15.0478	-24.4904	
394	0.000393	-16.4683	-23.2161	
395	0.000394	-16.3631	-23.445	
396	0.000395	-16.5013	-23.2205	
397	0.000396	-17.5039	-22.3858	
398	0.000397	-16.4832	-23.2878	
399	0.000398	-16.6131	-22.7323	
400	0.000399	-16.1751	-23.0691	
401	0.0004	-17.2853	-22.7061	
402	0.000401	-17.7882	-22.2985	
403	0.000402	-16.4792	-23.3309	
404	0.000403	-15.4944	-23.5899	
405	0.000404	-15.3478	-23.1803	
406	0.000405	-15.2079	-23.6777	
407	0.000406	-16.3043	-22.9621	
408	0.000407	-16.1929	-22.6901	
409	0.000408	-15.2108	-23.1773	
410	0.000409	-15.5878	-22.8727	
411	0.00041	-17.6414	-21.2872	
412	0.000411	-14.9303	-22.7885	
413	0.000412	-15.737	-22.1428	
414	0.000413	-14.5775	-22.6663	
415	0.000414	-14.6425	-21.6677	
416	0.000415	-16.8387	-20.1158	
417	0.000416	-16.5611	-21.3613	
418	0.000417	-15.7717	-22.0508	
419	0.000418	-16.0098	-22.2588	
420	0.000419	-15.2366	-22.6653	
421	0.00042	-16.4101	-21.5829	
422	0.000421	-16.4766	-23.1737	
423	0.000422	-15.9002	-22.7646	
424	0.000423	-16.9089	-22.1343	
425	0.000424	-16.5718	-22.4145	
426	0.000425	-16.0789	-21.6609	
427	0.000426	-16.555	-21.4592	
428	0.000427	-15.9338	-21.9843	
429	0.000428	-16.2605	-22.3965	
430	0.000429	-16.9565	-22.4013	
431	0.00043	-15.9835	-23.4372	
432	0.000431	-15.6618	-23.8196	
433	0.000432	-15.865	-23.3936	
434	0.000433	-14.7537	-24.0411	
435	0.000434	-15.2576	-23.5797	
436	0.000435	-14.7422	-23.6202	
437	0.000436	-16.6032	-22.2571	
438	0.000437	-16.5884	-22.8142	
439	0.000438	-16.3005	-22.7938	
440	0.000439	-16.475	-22.7944	
441	0.00044	-14.8875	-24.1342	
442	0.000441	-16.5342	-23.1685	
443	0.000442	-15.9779	-23.7022	
444	0.000443	-16.0689	-23.3865	
445	0.000444	-15.0412	-23.834	
446	0.000445	-14.4401	-24.2586	
447	0.000446	-16.3413	-23.5233	
448	0.000447	-16.6433	-23.3402	
449	0.000448	-17.5191	-22.5358	
450	0.000449	-15.3082	-24.4197	
451	0.00045	-16.0092	-23.6754	
452	0.000451	-14.9795	-24.5896	
453	0.000452	-16.4505	-23.8914	
454	0.000453	-15.3729	-24.4586	
455	0.000454	-15.5739	-24.4575	
456	0.000455	-15.2643	-25.0442	
457	0.000456	-15.5018	-24.9742	
458	0.000457	-15.7077	-24.8287	
459	0.000458	-14.8267	-25.6953	
460	0.000459	-15.9113	-25.007	
461	0.00046	-16.6782	-24.7784	
462	0.000461	-14.578	-25.9678	
463	0.000462	-14.1613	-26.6725	
464	0.000463	-15.2734	-25.7102	
465	0.000464	-14.8219	-25.6041	
466	0.000465	-16.7248	-23.889	
467	0.000466	-15.0891	-25.4774	
468	0.000467	-15.0702	-25.8938	
469	0.000468	-15.3521	-26.0267	
470	0.000469	-14.3541	-26.9304	
471	0.00047	-16.0364	-26.0622	
472	0.000471	-14.9317	-27.2555	
473	0.000472	-15.9956	-25.8545	
474	0.000473	-14.9627	-27.8772	
475	0.000474	-16.2732	-28.5585	
476	0.000475	-14.8913	-27.9646	
477	0.000476	-15.97	-28.2066	
478	0.000477	-16.9637	-27.7086	
479	0.000478	-16.5145	-27.9772	
480	0.000479	-16.6872	-27.9195	
481	0.00048	-14.8025	-29.3637	
482	0.000481	-15.183	-28.2808	
483	0.000482	-14.8961	-29.7533	
484	0.000483	-15.6846	-28.7916	
485	0.000484	-14.5128	-30.3679	
486	0.000485	-15.8219	-28.7754	
487	0.000486	-16.1451	-28.7844	
488	0.000487	-16.7439	-29.2287	
489	0.000488	-14.7147	-31.2934	
490	0.000489	-15.4772	-30.4549	
491	0.00049	-16.8489	-29.4589	
492	0.000491	-16.0185	-30.46	
493	0.000492	-16.8061	-30.2223	
494	0.000493	-16.3058	-30.7144	
495	0.000494	-16.7543	-31.1171	
496	0.000495	-16.3148	-31.2043	
497	0.000496	-16.2547	-30.8293	
498	0.000497	-15.5419	-31.5783	
499	0.000498	-14.749	-31.6329	
500	0.000499	-15.3131	-31.9351	
501	0.0005	-16.138	-30.9473	
502	0.000501	-15.848	-31.7721	
503	0.000502	-14.8927	-32.7085	
504	0.000503	-15.7941	-32.1488	
505	0.000504	-15.7817	-32.0973	
506	0.000505	-16.5285	-32.367	
507	0.000506	-16.0239	-32.618	
508	0.000507	-15.1253	-32.9768	
509	0.000508	-15.6545	-32.477	
510	0.000509	-15.4195	-33.0065	
511	0.00051	-15.1209	-33.5213	
512	0.000511	-15.2502	-32.8159	
513	0.000512	-15.0033	-33.3845	
514	0.000513	-17.1342	-31.603	
515	0.000514	-15.9473	-32.8845	
516	0.000515	-16.9609	-32.2108	
517	0.000516	-16.1218	-32.5736	
518	0.000517	-17.6641	-31.8216	
519	0.000518	-16.4885	-33.3513	
520	0.000519	-16.4068	-32.4434	
521	0.00052	-15.7859	-32.5827	
522	0.000521	-17.3792	-32.3958	
523	0.000522	-15.8487	-34.033	
524	0.000523	-16.8677	-33.2121	
525	0.000524	-16.9907	-32.7644	
526	0.000525	-16.2628	-33.5228	
527	0.000526	-15.5437	-33.7081	
528	0.000527	-16.3472	-32.9571	
529	0.000528	-15.5704	-33.7446	
530	0.000529	-18.6351	-32.0656	
531	0.00053	-16.4478	-33.0525	
532	0.000531	-16.8927	-32.7148	
533	0.000532	-16.9068	-32.2185	
534	0.000533	-16.338	-32.0232	
535	0.000534	-16.899	-32.1014	
536	0.000535	-16.2661	-32.8066	
537	0.000536	-16.9587	-32.5873	
538	0.000537	-17.6853	-32.6534	
539	0.000538	-16.7965	-32.6546	
540	0.000539	-17.2105	-31.1507	
541	0.00054	-17.2084	-30.8975	
542	0.000541	-16.4903	-31.3901	
543	0.000542	-16.1539	-31.1963	
544	0.000543	-16.5833	-30.9007	
545	0.000544	-17.4235	-30.6182	
546	0.000545	-15.1049	-32.0655	
547	0.000546	-16.7057	-30.6524	
548	0.000547	-16.7889	-30.9157	
549	0.000548	-17.0036	-30.862	
550	0.000549	-16.4102	-31.2619	
551	0.00055	-17.3447	-30.5706	
552	0.000551	-16.7473	-30.7264	
553	0.000552	-17.0601	-30.147	
554	0.000553	-17.0655	-31.0391	
555	0.000554	-15.9819	-31.3011	
556	0.000555	-17.665	-29.2367	
557	0.000556	-17.4063	-30.2666	
558	0.000557	-16.5367	-30.646	
559	0.000558	-16.9555	-30.0044	
560	0.000559	-17.6846	-29.0296	
561	0.00056	-17.2111	-29.1924	
562	0.000561	-17.4242	-29.2206	
563	0.000562	-18.2179	-28.71	
564	0.000563	-16.4163	-30.0597	
565	0.000564	-16.7993	-29.8207	
566	0.000565	-16.9295	-28.5708	
567	0.000566	-16.9532	-28.8505	
568	0.000567	-17.8375	-28.287	
569	0.000568	-16.4307	-29.4237	
570	0.000569	-18.9365	-26.5772	
571	0.00057	-16.9817	-28.881	
572	0.000571	-16.947	-28.0212	
573	0.000572	-17.707	-27.0865	
574	0.000573	-17.5817	-27.5192	
575	0.000574	-16.8101	-28.4149	
576	0.000575	-17.5075	-27.06	
577	0.000576	-18.9695	-27.0403	
578	0.000577	-18.0448	-27.9955	
579	0.000578	-17.0592	-28.2775	
580	0.000579	-17.6693	-28.1468	
581	0.00058	-17.848	-27.3293	
582	0.000581	-16.432	-28.1472	
583	0.000582	-17.7114	-26.689	
584	0.000583	-16.9389	-26.6189	
585	0.000584	-16.9165	-26.7284	
586	0.000585	-16.9374	-26.3852	
587	0.000586	-17.0133	-26.7612	
588	0.000587	-19.5872	-26.2006	
589	0.000588	-18.2651	-27.1402	
590	0.000589	-16.6931	-27.7631	
591	0.00059	-17.0544	-27.7546	
592	0.000591	-17.4764	-27.3086	
593	0.000592	-16.5413	-27.7432	
594	0.000593	-17.5017	-26.4235	
595	0.000594	-18.235	-25.8543	
596	0.000595	-17.0785	-26.6443	
597	0.000596	-17.8429	-26.2394	
598	0.000597	-18.5552	-26.3119	
599	0.000598	-17.5972	-26.9731	
600	0.000599	-18.9919	-25.9718	
601	0.0006	-19.3873	-26.2028	
602	0.000601	-17.7085	-26.5267	
603	0.000602	-17.1372	-26.3159	
604	0.000603	-15.9834	-26.6446	
605	0.000604	-16.6733	-26.7191	
606	0.000605	-16.3965	-27.0651	
607	0.000606	-17.0086	-27.2755	
608	0.000607	-16.3265	-26.8758	
609	0.000608	-17.5738	-26.5073	
610	0.000609	-18.6293	-25.2965	
611	0.00061	-17.781	-26.078	
612	0.000611	-19.5621	-24.6873	
613	0.000612	-18.5821	-25.7978	
614	0.000613	-19.133	-24.2392	
615	0.000614	-17.0071	-25.3102	
616	0.000615	-18.1925	-25.4809	
617	0.000616	-17.4044	-25.1974	
618	0.000617	-17.6988	-25.2208	
619	0.000618	-18.1601	-24.9894	
620	0.000619	-18.4009	-24.3383	
621	0.00062	-18.0061	-24.5328	
622	0.000621	-18.8951	-23.5837	
623	0.000622	-16.9178	-24.5477	
624	0.000623	-17.5577	-24.8958	
625	0.000624	-16.4871	-25.335	
626	0.000625	-17.5272	-24.418	
627	0.000626	-15.9607	-25.1377	
628	0.000627	-16.8624	-25.105	
629	0.000628	-16.0298	-25.7846	
630	0.000629	-15.9688	-25.7683	
631	0.00063	-17.1254	-24.6207	
632	0.000631	-16.0241	-25.7639	
633	0.000632	-16.6593	-25.368	
634	0.000633	-16.8135	-25.1821	
635	0.000634	-16.6626	-23.6542	
636	0.000635	-17.3301	-23.5154	
637	0.000636	-16.9146	-24.1374	
638	0.000637	-16.5002	-24.8972	
639	0.000638	-15.5385	-25.1474	
640	0.000639	-15.8038	-25.038	
641	0.00064	-16.4131	-23.7631	
642	0.000641	-16.3434	-23.4271	
643	0.000642	-15.6048	-23.9538	
644	0.000643	-15.0143	-24.0549	
645	0.000644	-16.4726	-23.4906	
646	0.000645	-16.6678	-23.5219	
647	0.000646	-16.5454	-23.4057	
648	0.000647	-17.0427	-23.1833	
649	0.000648	-16.1603	-23.6209	
650	0.000649	-17.9113	-21.5477	
651	0.00065	-15.7725	-22.775	
652	0.000651	-14.994	-21.9923	
653	0.000652	-14.6206	-22.5233	
654	0.000653	-16.3887	-20.7631	
655	0.000654	-14.9795	-21.4393	
656	0.000655	-15.8444	-21.4223	
657	0.000656	-14.3841	-22.0832	
658	0.000657	-14.9204	-22.2884	
659	0.000658	-14.484	-22.1825	
660	0.000659	-15.3077	-20.3662	
661	0.00066	-14.6052	-20.7461	
662	0.000661	-14.7099	-21.6928	
663	0.000662	-15.1671	-21.421	
664	0.000663	-15.3123	-21.1489	
665	0.000664	-14.0767	-21.8726	
