CompteurTemps	Temps	Cx0	Cy0	
1	0	-616.156	64.284	
2	1e-06	-385.971	-205.979	
3	2e-06	-238.461	-288.999	
4	3e-06	-209.363	-262.393	
5	4e-06	-186.215	-236.245	
6	5e-06	-171.434	-212.243	
7	6e-06	-157.324	-194.317	
8	7e-06	-140.966	-178.537	
9	8e-06	-125.307	-159.461	
10	9e-06	-116.979	-149.279	
11	1e-05	-111.601	-138.434	
12	1.1e-05	-103.027	-126.753	
13	1.2e-05	-93.8476	-118.46	
14	1.3e-05	-87.5813	-111.175	
15	1.4e-05	-84.2436	-103.872	
16	1.5e-05	-77.98	-99.0486	
17	1.6e-05	-73.6851	-94.0971	
18	1.7e-05	-70.5511	-89.1949	
19	1.8e-05	-65.609	-85.3976	
20	1.9e-05	-64.545	-80.4531	
21	2e-05	-63.309	-77.6085	
22	2.1e-05	-59.765	-76.5074	
23	2.2e-05	-57.3757	-73.5971	
24	2.3e-05	-56.5391	-72.6235	
25	2.4e-05	-56.3811	-70.1309	
26	2.5e-05	-52.414	-68.5479	
27	2.6e-05	-50.8467	-66.725	
28	2.7e-05	-50.0773	-66.063	
29	2.8e-05	-48.7822	-65.6195	
30	2.9e-05	-47.6253	-63.8845	
31	3e-05	-48.2616	-62.6242	
32	3.1e-05	-47.3384	-62.4872	
33	3.2e-05	-46.321	-62.6962	
34	3.3e-05	-46.0835	-61.5693	
35	3.4e-05	-43.533	-61.2108	
36	3.5e-05	-44.8182	-60.0656	
37	3.6e-05	-44.6292	-59.2804	
38	3.7e-05	-43.8221	-61.4153	
39	3.8e-05	-43.4365	-60.3254	
40	3.9e-05	-42.8462	-59.1639	
41	4e-05	-44.1538	-58.0505	
42	4.1e-05	-42.2237	-58.5893	
43	4.2e-05	-44.229	-57.6276	
44	4.3e-05	-42.2699	-58.5214	
45	4.4e-05	-41.7795	-58.5779	
46	4.5e-05	-44.8075	-57.4054	
47	4.6e-05	-44.1806	-57.3217	
48	4.7e-05	-43.0031	-58.1515	
49	4.8e-05	-42.228	-60.3648	
50	4.9e-05	-43.3347	-58.6275	
51	5e-05	-44.0456	-58.4332	
52	5.1e-05	-41.7161	-58.5338	
53	5.2e-05	-42.3879	-57.7173	
54	5.3e-05	-43.304	-57.2599	
55	5.4e-05	-43.1156	-57.694	
56	5.5e-05	-42.622	-57.297	
57	5.6e-05	-41.6738	-58.3222	
58	5.7e-05	-42.0004	-58.4504	
59	5.8e-05	-41.7408	-58.6978	
60	5.9e-05	-42.6087	-58.3532	
61	6e-05	-42.6086	-57.7048	
62	6.1e-05	-41.9435	-58.2599	
63	6.2e-05	-43.0446	-57.7799	
64	6.3e-05	-42.0155	-59.0806	
65	6.4e-05	-42.0928	-58.9834	
66	6.5e-05	-42.1062	-58.6135	
67	6.6e-05	-41.9094	-58.1054	
68	6.7e-05	-42.8099	-58.4386	
69	6.8e-05	-42.1505	-57.6678	
70	6.9e-05	-41.4709	-58.1741	
71	7e-05	-41.7555	-58.2307	
72	7.1e-05	-42.496	-58.4158	
73	7.2e-05	-42.6943	-58.618	
74	7.3e-05	-42.099	-58.3965	
75	7.4e-05	-42.5174	-58.5654	
76	7.5e-05	-41.798	-59.1675	
77	7.6e-05	-42.3164	-58.5929	
78	7.7e-05	-42.0213	-58.1803	
79	7.8e-05	-42.4491	-58.0761	
80	7.9e-05	-42.3861	-57.9538	
81	8e-05	-42.3458	-58.3998	
82	8.1e-05	-43.5726	-56.2894	
83	8.2e-05	-42.5025	-58.0886	
84	8.3e-05	-43.257	-57.4003	
85	8.4e-05	-42.1789	-57.9354	
86	8.5e-05	-42.1009	-58.0068	
87	8.6e-05	-42.4121	-58.008	
88	8.7e-05	-43.2146	-57.8682	
89	8.8e-05	-42.6629	-57.9264	
90	8.9e-05	-43.0962	-58.0668	
91	9e-05	-44.0874	-58.0058	
92	9.1e-05	-42.7612	-57.3727	
93	9.2e-05	-43.5705	-58.5757	
94	9.3e-05	-43.2352	-58.3021	
95	9.4e-05	-42.4377	-59.5256	
96	9.5e-05	-42.2931	-58.116	
97	9.6e-05	-44.7371	-57.5124	
98	9.7e-05	-41.6397	-59.356	
99	9.8e-05	-42.7242	-58.1256	
100	9.9e-05	-43.199	-58.3402	
101	0.0001	-42.164	-58.5784	
102	0.000101	-44.384	-57.8247	
103	0.000102	-43.1941	-59.3316	
104	0.000103	-44.5271	-57.2018	
105	0.000104	-43.0229	-58.6243	
106	0.000105	-42.2709	-57.9229	
107	0.000106	-44.6385	-57.622	
108	0.000107	-45.1703	-57.7647	
109	0.000108	-43.5534	-60.772	
110	0.000109	-43.7137	-57.6323	
111	0.00011	-44.1141	-57.9459	
112	0.000111	-43.0942	-59.6045	
113	0.000112	-43.3041	-59.2749	
114	0.000113	-44.1055	-58.0713	
115	0.000114	-45.677	-58.1499	
116	0.000115	-45.0586	-59.3349	
117	0.000116	-44.8511	-59.8321	
118	0.000117	-44.8791	-59.5452	
119	0.000118	-46.1877	-59.1983	
120	0.000119	-44.5749	-60.5065	
121	0.00012	-44.3671	-61.0896	
122	0.000121	-45.289	-59.6947	
123	0.000122	-45.6844	-60.5797	
124	0.000123	-46.3485	-60.4754	
125	0.000124	-46.8269	-61.3478	
126	0.000125	-46.809	-60.2259	
127	0.000126	-46.3058	-59.027	
128	0.000127	-45.6112	-59.9762	
129	0.000128	-44.7086	-60.3163	
130	0.000129	-44.0695	-61.3038	
131	0.00013	-46.0977	-60.7012	
132	0.000131	-44.3419	-60.9981	
133	0.000132	-44.6784	-61.065	
134	0.000133	-45.403	-59.8035	
135	0.000134	-44.2191	-61.2932	
136	0.000135	-44.186	-60.5552	
137	0.000136	-43.4626	-60.657	
138	0.000137	-46.6461	-57.9936	
139	0.000138	-45.096	-58.9753	
140	0.000139	-44.543	-59.3609	
141	0.00014	-44.8009	-59.443	
142	0.000141	-45.4908	-59.0596	
143	0.000142	-45.4768	-59.4983	
144	0.000143	-44.6255	-60.1279	
145	0.000144	-43.5363	-58.8528	
146	0.000145	-45.931	-57.8946	
147	0.000146	-48.2831	-58.3119	
148	0.000147	-44.4655	-59.9857	
149	0.000148	-45.439	-58.5602	
150	0.000149	-44.529	-59.0873	
151	0.00015	-43.8288	-59.2965	
152	0.000151	-45.5108	-59.4252	
153	0.000152	-45.7062	-60.126	
154	0.000153	-45.335	-59.1841	
155	0.000154	-44.681	-59.1519	
156	0.000155	-44.899	-57.9347	
157	0.000156	-43.8887	-58.7073	
158	0.000157	-44.1924	-58.5073	
159	0.000158	-45.9068	-58.5437	
160	0.000159	-44.9348	-58.7649	
161	0.00016	-45.1421	-58.3435	
162	0.000161	-46.503	-58.0536	
163	0.000162	-45.9792	-58.796	
164	0.000163	-44.7463	-60.2914	
165	0.000164	-46.1762	-58.8519	
166	0.000165	-46.5965	-60.3182	
167	0.000166	-45.9424	-60.5222	
168	0.000167	-47.1255	-59.6205	
169	0.000168	-46.1087	-59.1579	
170	0.000169	-45.0407	-58.5836	
171	0.00017	-44.7087	-59.2784	
172	0.000171	-44.8551	-57.792	
173	0.000172	-45.5927	-58.2377	
174	0.000173	-45.0301	-58.349	
175	0.000174	-46.1996	-58.4626	
176	0.000175	-46.5947	-58.5562	
177	0.000176	-45.5087	-58.3997	
178	0.000177	-45.3177	-58.351	
179	0.000178	-43.1567	-57.9084	
180	0.000179	-47.4725	-55.7536	
181	0.00018	-47.1528	-57.6133	
182	0.000181	-47.2787	-57.787	
183	0.000182	-44.3798	-58.6655	
184	0.000183	-46.3743	-55.901	
185	0.000184	-45.1607	-57.3704	
186	0.000185	-45.1964	-58.5407	
187	0.000186	-45.4589	-58.2501	
188	0.000187	-45.6092	-57.8127	
189	0.000188	-45.4995	-57.8605	
190	0.000189	-45.9126	-57.1437	
191	0.00019	-46.3545	-56.3143	
192	0.000191	-45.7642	-56.9751	
193	0.000192	-44.6729	-57.3091	
194	0.000193	-45.6706	-57.1961	
195	0.000194	-47.7174	-56.1326	
196	0.000195	-45.8022	-57.8941	
197	0.000196	-44.0374	-57.2306	
198	0.000197	-44.8835	-56.1802	
199	0.000198	-45.433	-56.3461	
200	0.000199	-44.6617	-57.0251	
201	0.0002	-45.3334	-56.3012	
202	0.000201	-45.6947	-55.4877	
203	0.000202	-48.7413	-54.5467	
204	0.000203	-45.7272	-56.9356	
205	0.000204	-45.8544	-56.3373	
206	0.000205	-44.3018	-56.9303	
207	0.000206	-45.4302	-56.4524	
208	0.000207	-44.4511	-56.423	
209	0.000208	-44.6445	-56.5049	
210	0.000209	-44.7035	-54.9554	
211	0.00021	-44.4846	-55.9439	
212	0.000211	-44.8562	-56.2324	
213	0.000212	-46.0458	-55.3884	
214	0.000213	-45.931	-54.7264	
215	0.000214	-46.0597	-54.8451	
216	0.000215	-45.9821	-55.3402	
217	0.000216	-43.8681	-56.6295	
218	0.000217	-44.3911	-55.3234	
219	0.000218	-46.4324	-56.2435	
220	0.000219	-45.4503	-55.8666	
221	0.00022	-44.4883	-55.5403	
222	0.000221	-46.3974	-54.8129	
223	0.000222	-45.5922	-55.1902	
224	0.000223	-46.6295	-53.7781	
225	0.000224	-44.9748	-55.443	
226	0.000225	-46.8243	-55.0855	
227	0.000226	-45.4078	-56.1975	
228	0.000227	-45.3625	-55.9832	
229	0.000228	-47.1847	-55.0384	
230	0.000229	-44.1045	-55.1571	
231	0.00023	-44.6757	-54.0297	
232	0.000231	-44.9715	-54.6514	
233	0.000232	-44.16	-53.6623	
234	0.000233	-45.7633	-53.8065	
235	0.000234	-45.2061	-53.5886	
236	0.000235	-43.9474	-52.9587	
237	0.000236	-44.1092	-53.2837	
238	0.000237	-44.7442	-52.1244	
239	0.000238	-45.5641	-52.3668	
240	0.000239	-44.2455	-52.6756	
241	0.00024	-42.8109	-53.5765	
242	0.000241	-42.4452	-53.0055	
243	0.000242	-42.8078	-53.2883	
244	0.000243	-43.7384	-53.2425	
245	0.000244	-43.4912	-52.6914	
246	0.000245	-42.7639	-51.7723	
247	0.000246	-43.8831	-52.8571	
248	0.000247	-42.6869	-52.3002	
249	0.000248	-41.4446	-52.0379	
250	0.000249	-41.2985	-50.9667	
251	0.00025	-42.3528	-52.8696	
252	0.000251	-42.0849	-52.6601	
253	0.000252	-44.1877	-50.9529	
254	0.000253	-43.4665	-51.5579	
255	0.000254	-43.8883	-51.2066	
256	0.000255	-43.5049	-50.6587	
257	0.000256	-42.038	-50.929	
258	0.000257	-41.1873	-50.8831	
259	0.000258	-40.319	-51.0614	
260	0.000259	-42.2992	-50.0793	
261	0.00026	-40.9436	-49.7205	
262	0.000261	-43.5649	-48.7302	
263	0.000262	-40.8163	-51.1449	
264	0.000263	-40.8287	-50.7381	
265	0.000264	-38.8157	-50.0302	
266	0.000265	-38.0764	-48.7826	
267	0.000266	-39.2799	-48.1427	
268	0.000267	-39.6513	-47.2633	
269	0.000268	-37.7615	-49.1069	
270	0.000269	-41.0706	-48.5078	
271	0.00027	-39.1748	-48.8808	
272	0.000271	-37.7326	-48.2644	
273	0.000272	-36.7875	-47.6626	
274	0.000273	-38.9611	-46.9329	
275	0.000274	-38.428	-47.3751	
276	0.000275	-38.6353	-46.9848	
277	0.000276	-38.1061	-46.0835	
278	0.000277	-37.8157	-47.028	
279	0.000278	-36.5148	-46.9962	
280	0.000279	-36.5052	-46.6491	
281	0.00028	-36.5683	-46.4055	
282	0.000281	-37.0794	-44.8789	
283	0.000282	-37.7469	-43.4521	
284	0.000283	-37.1714	-43.3913	
285	0.000284	-36.4824	-43.3974	
286	0.000285	-36.0164	-43.9666	
287	0.000286	-35.8764	-42.9556	
288	0.000287	-35.3418	-42.1357	
289	0.000288	-35.5752	-41.9464	
290	0.000289	-35.6931	-42.8291	
291	0.00029	-34.2184	-43.0949	
292	0.000291	-35.3085	-42.4239	
293	0.000292	-35.8768	-41.6674	
294	0.000293	-34.6159	-42.4915	
295	0.000294	-36.3707	-41.0923	
296	0.000295	-37.8991	-40.7454	
297	0.000296	-35.0281	-42.0665	
298	0.000297	-35.3797	-40.5198	
299	0.000298	-36.467	-40.5485	
300	0.000299	-36.2846	-40.9539	
301	0.0003	-36.6637	-39.7836	
302	0.000301	-33.7509	-40.3765	
303	0.000302	-36.4426	-40.1255	
304	0.000303	-35.1806	-39.9786	
305	0.000304	-35.3251	-40.7087	
306	0.000305	-36.0562	-40.8812	
307	0.000306	-34.7776	-41.194	
308	0.000307	-36.5126	-40.421	
309	0.000308	-33.8906	-39.6792	
310	0.000309	-35.5147	-38.4219	
311	0.00031	-35.5391	-39.5752	
312	0.000311	-34.8776	-40.2772	
313	0.000312	-33.4748	-39.6128	
314	0.000313	-36.4111	-36.4348	
315	0.000314	-36.5154	-38.0797	
316	0.000315	-34.4247	-38.1554	
317	0.000316	-32.6843	-38.363	
318	0.000317	-34.5519	-37.9743	
319	0.000318	-34.0837	-37.4983	
320	0.000319	-36.3721	-36.2239	
321	0.00032	-38.13	-34.5573	
322	0.000321	-36.1418	-36.6441	
323	0.000322	-34.4622	-37.9921	
324	0.000323	-35.7208	-36.686	
325	0.000324	-35.1381	-36.7895	
326	0.000325	-35.3801	-36.4849	
327	0.000326	-35.5454	-37.2474	
328	0.000327	-38.2687	-37.4672	
329	0.000328	-36.6748	-38.0709	
330	0.000329	-34.8758	-37.3349	
331	0.00033	-35.2246	-35.5549	
332	0.000331	-34.1958	-36.1395	
333	0.000332	-33.7338	-35.5919	
334	0.000333	-34.4222	-34.6736	
335	0.000334	-34.6658	-35.9874	
336	0.000335	-34.5662	-36.0542	
337	0.000336	-35.218	-35.6155	
338	0.000337	-34.6348	-33.9996	
339	0.000338	-34.5645	-34.7346	
340	0.000339	-33.9407	-34.4065	
341	0.00034	-32.6825	-34.0898	
342	0.000341	-33.0766	-32.9652	
343	0.000342	-32.4887	-33.7827	
344	0.000343	-32.2656	-31.8927	
345	0.000344	-33.031	-33.0274	
346	0.000345	-33.1548	-33.3146	
347	0.000346	-34.7122	-33.4659	
348	0.000347	-35.3572	-32.6862	
349	0.000348	-34.9485	-33.0418	
350	0.000349	-35.0704	-34.3471	
351	0.00035	-34.1366	-34.9242	
352	0.000351	-35.862	-34.3586	
353	0.000352	-34.0179	-35.5871	
354	0.000353	-33.6776	-34.9845	
355	0.000354	-34.732	-33.7073	
356	0.000355	-34.7132	-34.298	
357	0.000356	-34.2498	-34.2934	
358	0.000357	-33.8143	-34.5145	
359	0.000358	-33.5853	-34.6765	
360	0.000359	-34.5554	-34.1844	
361	0.00036	-34.5204	-33.9369	
362	0.000361	-34.898	-33.6385	
363	0.000362	-34.8295	-34.0804	
364	0.000363	-34.7171	-33.4438	
365	0.000364	-35.67	-32.8936	
366	0.000365	-34.9007	-33.5261	
367	0.000366	-34.82	-33.5559	
368	0.000367	-35.4545	-32.4529	
369	0.000368	-36.3343	-32.3375	
370	0.000369	-35.466	-33.6826	
371	0.00037	-36.0407	-34.2505	
372	0.000371	-35.3724	-34.6633	
373	0.000372	-35.6037	-35.4675	
374	0.000373	-34.2306	-35.3771	
375	0.000374	-35.0829	-32.491	
376	0.000375	-34.6298	-33.4374	
377	0.000376	-33.9497	-33.736	
378	0.000377	-34.6418	-33.4051	
379	0.000378	-35.1726	-33.165	
380	0.000379	-35.1008	-33.0491	
381	0.00038	-36.564	-30.798	
382	0.000381	-34.9277	-32.9902	
383	0.000382	-33.223	-33.0507	
384	0.000383	-36.2444	-31.551	
385	0.000384	-34.3683	-33.1436	
386	0.000385	-34.2777	-32.284	
387	0.000386	-35.2618	-31.5593	
388	0.000387	-36.2072	-31.595	
389	0.000388	-35.2441	-33.4195	
390	0.000389	-34.9437	-33.055	
391	0.00039	-34.3719	-32.4133	
392	0.000391	-35.0708	-32.6923	
393	0.000392	-34.3325	-31.6862	
394	0.000393	-34.8863	-30.8074	
395	0.000394	-36.2023	-30.6098	
396	0.000395	-35.6711	-32.1517	
397	0.000396	-33.8162	-33.7263	
398	0.000397	-33.5713	-32.2119	
399	0.000398	-34.295	-31.4902	
400	0.000399	-34.6556	-30.5171	
401	0.0004	-33.7341	-31.6278	
402	0.000401	-33.2821	-31.6755	
403	0.000402	-33.5768	-31.8695	
404	0.000403	-33.9384	-32.4058	
405	0.000404	-33.1818	-32.5755	
406	0.000405	-33.7949	-31.2649	
407	0.000406	-32.7504	-31.1624	
408	0.000407	-35.2229	-31.1	
409	0.000408	-33.7981	-33.2961	
410	0.000409	-33.8207	-31.8414	
411	0.00041	-33.7923	-31.8347	
412	0.000411	-33.2886	-32.3461	
413	0.000412	-32.8485	-32.94	
414	0.000413	-33.4731	-32.8222	
415	0.000414	-32.7412	-33.3701	
416	0.000415	-33.3142	-33.3348	
417	0.000416	-33.3976	-32.6865	
418	0.000417	-32.754	-33.5091	
419	0.000418	-33.0979	-33.0837	
420	0.000419	-34.5069	-32.6972	
421	0.00042	-36.4084	-31.6441	
422	0.000421	-35.3073	-32.8379	
423	0.000422	-34.1862	-32.9972	
424	0.000423	-34.554	-32.6436	
425	0.000424	-34.5448	-33.4941	
426	0.000425	-32.7717	-33.9046	
427	0.000426	-34.3658	-32.9061	
428	0.000427	-34.5286	-32.3807	
429	0.000428	-38.6617	-31.1694	
430	0.000429	-36.6273	-33.6363	
431	0.00043	-35.7425	-32.756	
432	0.000431	-34.6584	-33.2206	
433	0.000432	-34.7747	-35.5707	
434	0.000433	-35.6477	-34.4425	
435	0.000434	-35.4488	-33.2227	
436	0.000435	-35.7134	-32.8447	
437	0.000436	-34.2905	-33.0262	
438	0.000437	-34.5416	-33.9086	
439	0.000438	-35.0373	-34.1397	
440	0.000439	-33.2297	-34.1687	
441	0.00044	-36.4152	-31.8498	
442	0.000441	-35.3614	-34.1055	
443	0.000442	-35.7657	-34.1146	
444	0.000443	-34.4943	-35.9594	
445	0.000444	-34.7785	-33.9836	
446	0.000445	-34.6824	-34.6157	
447	0.000446	-32.8003	-35.0613	
448	0.000447	-34.0619	-32.9914	
449	0.000448	-33.5111	-34.3295	
450	0.000449	-34.8567	-35.2264	
451	0.00045	-34.1362	-35.5134	
452	0.000451	-34.1339	-34.1898	
453	0.000452	-33.4359	-36.1249	
454	0.000453	-35.2604	-34.179	
455	0.000454	-35.0024	-35.9861	
456	0.000455	-34.5608	-36.2941	
457	0.000456	-35.2351	-36.2223	
458	0.000457	-34.9692	-35.5669	
459	0.000458	-33.7381	-36.2072	
460	0.000459	-33.572	-35.5849	
461	0.00046	-35.1105	-35.069	
462	0.000461	-35.7055	-34.9434	
463	0.000462	-34.7653	-35.2445	
464	0.000463	-36.0641	-33.9643	
465	0.000464	-33.9492	-35.1818	
466	0.000465	-35.2051	-34.2424	
467	0.000466	-34.4819	-36.5514	
468	0.000467	-37.0961	-35.5868	
469	0.000468	-35.1884	-36.0059	
470	0.000469	-34.5391	-36.9305	
471	0.00047	-35.7342	-36.4022	
472	0.000471	-34.1625	-36.5305	
473	0.000472	-36.2844	-35.7346	
474	0.000473	-35.6006	-36.6582	
475	0.000474	-34.6067	-37.7445	
476	0.000475	-35.7735	-36.4746	
477	0.000476	-35.5804	-37.3828	
478	0.000477	-35.2041	-39.1177	
479	0.000478	-36.1666	-37.9987	
480	0.000479	-34.2109	-38.3879	
481	0.00048	-34.4262	-37.9492	
482	0.000481	-33.8509	-38.6449	
483	0.000482	-35.8725	-37.5885	
484	0.000483	-35.0801	-38.5548	
485	0.000484	-34.2431	-39.3797	
486	0.000485	-34.5886	-40.0249	
487	0.000486	-35.2685	-38.8816	
488	0.000487	-35.1693	-39.9939	
489	0.000488	-35.8323	-38.2736	
490	0.000489	-35.273	-36.7622	
491	0.00049	-36.2098	-37.7685	
492	0.000491	-35.1078	-39.4836	
493	0.000492	-35.76	-39.154	
494	0.000493	-35.3024	-38.5356	
495	0.000494	-36.0477	-39.8764	
496	0.000495	-34.9537	-39.8225	
497	0.000496	-33.7698	-39.2513	
498	0.000497	-36.9827	-39.6602	
499	0.000498	-35.9627	-41.6122	
500	0.000499	-34.6911	-40.5635	
501	0.0005	-36.2765	-40.7964	
502	0.000501	-36.2855	-39.3831	
503	0.000502	-35.2477	-41.2084	
504	0.000503	-37.6776	-41.4159	
505	0.000504	-36.5551	-42.7467	
506	0.000505	-38.1752	-41.9721	
507	0.000506	-37.03	-43.1546	
508	0.000507	-37.5276	-42.4344	
509	0.000508	-34.6215	-41.9891	
510	0.000509	-37.0732	-41.933	
511	0.00051	-36.8479	-42.2741	
512	0.000511	-35.7353	-43.6301	
513	0.000512	-37.0825	-43.4072	
514	0.000513	-36.1137	-43.9892	
515	0.000514	-36.7503	-44.8879	
516	0.000515	-35.0252	-44.3634	
517	0.000516	-38.3931	-44.9588	
518	0.000517	-38.2899	-44.8775	
519	0.000518	-38.154	-44.4487	
520	0.000519	-36.8057	-45.6389	
521	0.00052	-38.2076	-45.7856	
522	0.000521	-38.3007	-47.4923	
523	0.000522	-38.9996	-46.1526	
524	0.000523	-38.4658	-46.238	
525	0.000524	-37.5724	-46.3114	
526	0.000525	-37.2565	-46.7932	
527	0.000526	-38.0923	-46.0039	
528	0.000527	-38.8917	-45.6973	
529	0.000528	-39.7545	-46.6195	
530	0.000529	-37.7731	-46.5985	
531	0.00053	-40.6521	-46.6829	
532	0.000531	-38.0563	-47.5863	
533	0.000532	-40.4159	-45.6456	
534	0.000533	-37.8745	-47.3518	
535	0.000534	-37.3648	-45.645	
536	0.000535	-36.5985	-45.4486	
537	0.000536	-39.4283	-45.7648	
538	0.000537	-38.0457	-46.8474	
539	0.000538	-38.9993	-45.8649	
540	0.000539	-36.7706	-46.5982	
541	0.00054	-38.5862	-47.7417	
542	0.000541	-37.9653	-49.0367	
543	0.000542	-38.1213	-47.6733	
544	0.000543	-38.906	-49.0663	
545	0.000544	-39.1382	-48.6419	
546	0.000545	-38.58	-49.5586	
547	0.000546	-37.7283	-49.6506	
548	0.000547	-39.0506	-50.3705	
549	0.000548	-38.6801	-49.6461	
550	0.000549	-37.3136	-48.7432	
551	0.00055	-38.6548	-49.4756	
552	0.000551	-38.869	-49.3517	
553	0.000552	-38.5473	-48.7351	
554	0.000553	-40.6117	-50.6233	
555	0.000554	-40.1061	-51.1788	
556	0.000555	-40.1952	-51.5178	
557	0.000556	-41.2574	-51.8848	
558	0.000557	-40.789	-51.0381	
559	0.000558	-40.111	-51.5233	
560	0.000559	-40.5437	-51.7918	
561	0.00056	-41.5857	-51.5769	
562	0.000561	-40.5692	-52.7975	
563	0.000562	-40.1108	-52.5872	
564	0.000563	-41.7199	-50.7479	
565	0.000564	-41.2608	-53.4085	
566	0.000565	-42.5672	-51.642	
567	0.000566	-43.5551	-51.7537	
568	0.000567	-41.6136	-50.7986	
569	0.000568	-43.0124	-51.4088	
570	0.000569	-43.4523	-52.3375	
571	0.00057	-42.1205	-52.384	
572	0.000571	-42.6103	-53.0457	
573	0.000572	-41.2082	-51.7693	
574	0.000573	-42.013	-51.9722	
575	0.000574	-41.4212	-52.9352	
576	0.000575	-41.5946	-51.4241	
577	0.000576	-43.1906	-52.97	
578	0.000577	-42.4542	-53.284	
579	0.000578	-42.5231	-52.2978	
580	0.000579	-42.098	-53.4929	
581	0.00058	-41.9226	-53.502	
582	0.000581	-42.3351	-51.892	
583	0.000582	-43.9489	-52.3561	
584	0.000583	-42.7704	-53.3301	
585	0.000584	-42.1101	-51.9647	
586	0.000585	-40.9008	-54.2809	
587	0.000586	-44.7921	-53.4297	
588	0.000587	-42.701	-54.6282	
589	0.000588	-44.0553	-55.4869	
590	0.000589	-42.9737	-54.9799	
591	0.00059	-45.4144	-52.4537	
592	0.000591	-43.3592	-54.9847	
593	0.000592	-43.6684	-55.0733	
594	0.000593	-43.6901	-54.6317	
595	0.000594	-43.5762	-53.9424	
596	0.000595	-43.8465	-52.1146	
597	0.000596	-45.7861	-54.6854	
598	0.000597	-43.2004	-55.1482	
599	0.000598	-43.9211	-52.955	
600	0.000599	-43.8069	-53.9939	
601	0.0006	-45.7368	-52.9716	
602	0.000601	-45.9601	-55.2812	
603	0.000602	-46.0674	-55.2279	
604	0.000603	-45.3768	-55.2815	
605	0.000604	-46.1181	-52.8478	
606	0.000605	-45.2213	-54.5287	
607	0.000606	-44.3769	-54.3626	
608	0.000607	-43.9936	-53.7546	
609	0.000608	-43.4735	-53.6002	
610	0.000609	-43.0346	-54.801	
611	0.00061	-44.602	-53.0884	
612	0.000611	-46.1281	-52.8338	
613	0.000612	-43.4639	-54.1183	
614	0.000613	-45.8442	-51.4946	
615	0.000614	-46.0866	-51.4382	
616	0.000615	-45.2985	-53.0355	
617	0.000616	-43.1809	-54.0684	
618	0.000617	-44.3308	-53.8108	
619	0.000618	-43.3584	-53.4723	
620	0.000619	-42.3834	-54.11	
621	0.00062	-45.7021	-51.5088	
622	0.000621	-43.9696	-54.4375	
623	0.000622	-46.7921	-51.483	
624	0.000623	-44.9013	-53.7314	
625	0.000624	-42.4575	-52.8042	
626	0.000625	-44.0005	-52.5281	
627	0.000626	-44.638	-51.605	
628	0.000627	-44.0662	-51.0482	
629	0.000628	-44.7095	-51.5492	
630	0.000629	-42.9763	-49.9531	
631	0.00063	-43.3148	-50.8718	
632	0.000631	-43.1271	-50.3724	
633	0.000632	-41.8881	-50.2734	
634	0.000633	-41.2137	-49.8267	
635	0.000634	-42.8982	-48.5929	
636	0.000635	-42.3232	-51.4617	
637	0.000636	-43.4715	-49.169	
638	0.000637	-43.1723	-49.0914	
639	0.000638	-43.6502	-50.9108	
640	0.000639	-43.7417	-49.8579	
641	0.00064	-43.6944	-50.1511	
642	0.000641	-43.0884	-49.9886	
643	0.000642	-45.5819	-50.3306	
644	0.000643	-42.3589	-50.6718	
645	0.000644	-42.226	-49.1741	
646	0.000645	-42.689	-49.2282	
647	0.000646	-43.0201	-48.2772	
648	0.000647	-41.8347	-48.9185	
649	0.000648	-41.9776	-47.3077	
650	0.000649	-41.9356	-46.5368	
651	0.00065	-41.5132	-46.9921	
652	0.000651	-42.6282	-47.9461	
653	0.000652	-41.5746	-46.9601	
654	0.000653	-43.9509	-45.1302	
655	0.000654	-42.1382	-49.0593	
656	0.000655	-41.1687	-45.9641	
657	0.000656	-39.1436	-45.7569	
658	0.000657	-40.5984	-47.0945	
659	0.000658	-39.7358	-45.4764	
660	0.000659	-39.0868	-45.9731	
661	0.00066	-41.9447	-43.4735	
662	0.000661	-41.3437	-46.494	
663	0.000662	-41.4217	-43.5793	
664	0.000663	-40.7732	-44.6704	
665	0.000664	-41.9753	-46.7336	
666	0.000665	-41.8346	-47.1508	
667	0.000666	-40.8536	-45.9928	
668	0.000667	-41.9733	-42.755	
669	0.000668	-40.6127	-45.1276	
670	0.000669	-40.8257	-44.9264	
671	0.00067	-42.3923	-44.5409	
672	0.000671	-41.0758	-45.9367	
673	0.000672	-40.8773	-45.378	
674	0.000673	-40.911	-43.0619	
675	0.000674	-42.4604	-43.3285	
676	0.000675	-41.297	-44.3574	
677	0.000676	-38.0162	-43.442	
678	0.000677	-40.787	-43.3897	
679	0.000678	-40.3306	-43.3708	
680	0.000679	-39.0064	-42.7107	
681	0.00068	-37.8563	-42.8332	
682	0.000681	-39.0863	-42.9708	
683	0.000682	-38.9703	-42.4388	
684	0.000683	-37.9686	-42.6951	
685	0.000684	-40.1376	-43.2563	
686	0.000685	-39.5169	-43.4921	
687	0.000686	-41.3561	-42.7046	
688	0.000687	-41.5673	-43.2132	
689	0.000688	-40.1651	-41.8559	
690	0.000689	-41.2899	-42.1448	
691	0.00069	-40.1558	-42.4585	
692	0.000691	-41.4761	-41.5098	
693	0.000692	-39.9786	-41.8515	
694	0.000693	-39.983	-41.8437	
695	0.000694	-39.8426	-42.618	
696	0.000695	-40.351	-40.3276	
697	0.000696	-38.6538	-41.9023	
698	0.000697	-39.4376	-41.7769	
699	0.000698	-38.9709	-41.2433	
700	0.000699	-41.8028	-43.062	
701	0.0007	-40.6124	-42.3716	
702	0.000701	-38.7745	-41.078	
703	0.000702	-38.5149	-40.9768	
704	0.000703	-40.3529	-40.0865	
705	0.000704	-39.8479	-40.9342	
706	0.000705	-38.8698	-42.5947	
707	0.000706	-39.6046	-41.3886	
708	0.000707	-38.414	-41.5129	
709	0.000708	-42.382	-42.0954	
