CompteurTemps	Temps	Cx0	Cy0	
1	0	-631.603	124.588	
2	1e-06	-306.412	-124.08	
3	2e-06	-122.136	-247.054	
4	3e-06	-106.676	-222.045	
5	4e-06	-92.8363	-199.478	
6	5e-06	-81.4848	-175.874	
7	6e-06	-74.9859	-157.693	
8	7e-06	-66.3506	-141.367	
9	8e-06	-60.8192	-127.236	
10	9e-06	-54.2746	-114.516	
11	1e-05	-51.6003	-104.961	
12	1.1e-05	-45.6732	-95.5033	
13	1.2e-05	-43.4817	-86.0491	
14	1.3e-05	-38.9385	-80.3066	
15	1.4e-05	-38.366	-73.4217	
16	1.5e-05	-34.5018	-68.7422	
17	1.6e-05	-33.8089	-64.6249	
18	1.7e-05	-30.8247	-62.1469	
19	1.8e-05	-29.3895	-58.5149	
20	1.9e-05	-27.8391	-54.8415	
21	2e-05	-27.123	-53.3347	
22	2.1e-05	-25.9898	-51.7568	
23	2.2e-05	-24.8153	-49.6818	
24	2.3e-05	-25.0898	-46.9353	
25	2.4e-05	-22.9785	-47.0099	
26	2.5e-05	-23.2864	-45.4429	
27	2.6e-05	-21.4211	-45.0468	
28	2.7e-05	-21.1505	-43.8949	
29	2.8e-05	-20.8213	-42.372	
30	2.9e-05	-21.3126	-41.3754	
31	3e-05	-21.4488	-41.0321	
32	3.1e-05	-20.8287	-41.3264	
33	3.2e-05	-19.0061	-42.2791	
34	3.3e-05	-19.0763	-42.5308	
35	3.4e-05	-19.1767	-41.5279	
36	3.5e-05	-20.4308	-39.6648	
37	3.6e-05	-19.7917	-39.916	
38	3.7e-05	-19.7966	-39.7596	
39	3.8e-05	-19.4676	-40.7957	
40	3.9e-05	-18.7502	-40.4571	
41	4e-05	-18.1812	-40.6865	
42	4.1e-05	-19.1662	-40.3559	
43	4.2e-05	-18.8762	-40.4633	
44	4.3e-05	-17.8235	-40.8729	
45	4.4e-05	-18.5098	-40.1235	
46	4.5e-05	-17.9055	-41.3063	
47	4.6e-05	-18.2757	-41.3064	
48	4.7e-05	-18.8772	-39.8641	
49	4.8e-05	-17.3619	-40.4281	
50	4.9e-05	-18.8298	-40.3112	
51	5e-05	-19.0299	-40.1083	
52	5.1e-05	-18.1894	-41.4532	
53	5.2e-05	-19.152	-40.9546	
54	5.3e-05	-18.2773	-40.7062	
55	5.4e-05	-18.7494	-39.9023	
56	5.5e-05	-17.7312	-40.9109	
57	5.6e-05	-18.4977	-40.7314	
58	5.7e-05	-19.5099	-40.2683	
59	5.8e-05	-18.048	-40.9416	
60	5.9e-05	-18.2285	-41.0809	
61	6e-05	-18.2862	-42.3716	
62	6.1e-05	-17.7861	-42.2553	
63	6.2e-05	-19.4381	-40.6687	
64	6.3e-05	-18.1304	-41.5064	
65	6.4e-05	-17.7304	-42.1876	
66	6.5e-05	-20.3709	-40.4596	
67	6.6e-05	-18.9929	-41.9445	
68	6.7e-05	-18.9911	-41.8389	
69	6.8e-05	-18.1821	-42.5862	
70	6.9e-05	-17.8898	-42.1735	
71	7e-05	-18.3028	-42.418	
72	7.1e-05	-18.4242	-41.9409	
73	7.2e-05	-19.0273	-42.0224	
74	7.3e-05	-17.9577	-43.1169	
75	7.4e-05	-17.841	-43.2001	
76	7.5e-05	-17.6507	-42.9951	
77	7.6e-05	-18.1828	-43.065	
78	7.7e-05	-18.7867	-42.2617	
79	7.8e-05	-18.2259	-43.0847	
80	7.9e-05	-19.8375	-40.8645	
81	8e-05	-19.9043	-42.0974	
82	8.1e-05	-19.0978	-41.7523	
83	8.2e-05	-18.6749	-43.544	
84	8.3e-05	-18.9162	-43.365	
85	8.4e-05	-19.4924	-43.7575	
86	8.5e-05	-18.4288	-44.0978	
87	8.6e-05	-19.8186	-42.7071	
88	8.7e-05	-19.3439	-42.5574	
89	8.8e-05	-20.9241	-41.5761	
90	8.9e-05	-19.2896	-42.5371	
91	9e-05	-18.7688	-43.7747	
92	9.1e-05	-18.9856	-43.8365	
93	9.2e-05	-18.5055	-43.7315	
94	9.3e-05	-19.7289	-43.4834	
95	9.4e-05	-19.7836	-43.7815	
96	9.5e-05	-18.2633	-44.3641	
97	9.6e-05	-18.9781	-43.6504	
98	9.7e-05	-19.2186	-44.7532	
99	9.8e-05	-19.7631	-43.376	
100	9.9e-05	-18.7634	-42.9973	
101	0.0001	-19.4525	-43.1945	
102	0.000101	-19.623	-43.5587	
103	0.000102	-21.1286	-42.8237	
104	0.000103	-19.3569	-44.0942	
105	0.000104	-21.1912	-43.5424	
106	0.000105	-20.0238	-44.8657	
107	0.000106	-19.3806	-44.8729	
108	0.000107	-20.4951	-43.9261	
109	0.000108	-20.1275	-43.8439	
110	0.000109	-20.1721	-44.2065	
111	0.00011	-20.7275	-43.9923	
112	0.000111	-19.0872	-45.7718	
113	0.000112	-19.4031	-44.9219	
114	0.000113	-20.0305	-44.5745	
115	0.000114	-18.6332	-44.9025	
116	0.000115	-20.0758	-45.0247	
117	0.000116	-20.1599	-45.6088	
118	0.000117	-21.1071	-44.3935	
119	0.000118	-21.0309	-45.1634	
120	0.000119	-20.8134	-45.2295	
121	0.00012	-20.7263	-45.3491	
122	0.000121	-20.8873	-45.0881	
123	0.000122	-20.4587	-45.4459	
124	0.000123	-20.0683	-45.767	
125	0.000124	-20.6354	-45.0794	
126	0.000125	-19.9929	-45.3536	
127	0.000126	-21.6291	-44.6995	
128	0.000127	-20.5573	-45.473	
129	0.000128	-21.4532	-44.4856	
130	0.000129	-22.2501	-44.6385	
131	0.00013	-21.2519	-45.967	
132	0.000131	-21.0708	-46.8271	
133	0.000132	-21.6539	-45.8697	
134	0.000133	-22.1551	-45.6212	
135	0.000134	-20.6247	-46.9227	
136	0.000135	-21.3758	-47.1996	
137	0.000136	-21.5154	-46.2942	
138	0.000137	-21.3068	-46.3255	
139	0.000138	-21.3494	-46.4791	
140	0.000139	-20.4932	-47.7343	
141	0.00014	-20.1101	-47.7245	
142	0.000141	-21.3807	-46.747	
143	0.000142	-22.1912	-46.3276	
144	0.000143	-22.1828	-47.282	
145	0.000144	-22.9151	-47.3448	
146	0.000145	-22.2822	-47.9281	
147	0.000146	-22.7172	-47.4538	
148	0.000147	-23.0152	-47.4003	
149	0.000148	-21.9933	-48.8974	
150	0.000149	-21.511	-48.4874	
151	0.00015	-22.9099	-47.7754	
152	0.000151	-23.252	-47.9684	
153	0.000152	-24.7055	-46.5903	
154	0.000153	-23.7611	-47.3733	
155	0.000154	-23.0948	-47.427	
156	0.000155	-21.5706	-48.5041	
157	0.000156	-23.6471	-47.3737	
158	0.000157	-23.3168	-48.3189	
159	0.000158	-23.5847	-48.7623	
160	0.000159	-24.8732	-48.1825	
161	0.00016	-24.5029	-48.6997	
162	0.000161	-22.5247	-49.4737	
163	0.000162	-23.3683	-49.2674	
164	0.000163	-22.9028	-49.6767	
165	0.000164	-23.5208	-49.3808	
166	0.000165	-23.3325	-48.9043	
167	0.000166	-23.2858	-49.6272	
168	0.000167	-23.0317	-49.0414	
169	0.000168	-22.6015	-49.3942	
170	0.000169	-25.0104	-48.1141	
171	0.00017	-25.5159	-47.8234	
172	0.000171	-24.4223	-48.7158	
173	0.000172	-23.9083	-49.4034	
174	0.000173	-26.4241	-47.6995	
175	0.000174	-23.1814	-49.4044	
176	0.000175	-25.6144	-48.5121	
177	0.000176	-24.6894	-48.7671	
178	0.000177	-25.664	-48.4739	
179	0.000178	-23.6983	-50.087	
180	0.000179	-23.9856	-49.1251	
181	0.00018	-24.346	-49.5127	
182	0.000181	-22.3933	-50.9408	
183	0.000182	-23.7715	-50.2748	
184	0.000183	-24.4817	-49.726	
185	0.000184	-25.0774	-48.951	
186	0.000185	-24.1113	-49.7273	
187	0.000186	-25.5449	-48.9325	
188	0.000187	-23.8532	-50.1705	
189	0.000188	-24.1399	-49.9379	
190	0.000189	-24.7699	-49.0104	
191	0.00019	-25.2894	-48.5787	
192	0.000191	-23.392	-49.2083	
193	0.000192	-24.0748	-48.6592	
194	0.000193	-24.7428	-48.7844	
195	0.000194	-23.2819	-49.9108	
196	0.000195	-24.0869	-49.0665	
197	0.000196	-23.0033	-48.8498	
198	0.000197	-22.8335	-49.0631	
199	0.000198	-25.7955	-48.5732	
200	0.000199	-24.1688	-49.7821	
201	0.0002	-24.1315	-48.8887	
202	0.000201	-24.463	-48.6435	
203	0.000202	-25.1255	-48.3955	
204	0.000203	-23.8529	-48.3307	
205	0.000204	-26.9511	-46.5731	
206	0.000205	-23.5265	-48.8403	
207	0.000206	-22.126	-48.0262	
208	0.000207	-25.1231	-46.7189	
209	0.000208	-24.0483	-46.9986	
210	0.000209	-23.8722	-48.0147	
211	0.00021	-22.6196	-48.7666	
212	0.000211	-22.7663	-47.5465	
213	0.000212	-23.6989	-47.5356	
214	0.000213	-24.1956	-46.2866	
215	0.000214	-24.104	-47.1125	
216	0.000215	-23.5359	-48.2124	
217	0.000216	-24.3753	-47.2763	
218	0.000217	-22.8347	-47.1932	
219	0.000218	-22.8088	-46.8359	
220	0.000219	-24.2099	-47.1477	
221	0.00022	-22.4084	-47.2918	
222	0.000221	-23.7362	-46.3174	
223	0.000222	-22.9058	-47.2128	
224	0.000223	-24.4301	-45.8301	
225	0.000224	-23.3922	-46.2406	
226	0.000225	-23.4814	-45.2788	
227	0.000226	-23.7129	-45.2769	
228	0.000227	-23.1073	-45.3819	
229	0.000228	-23.9814	-44.2182	
230	0.000229	-23.2715	-45.6547	
231	0.00023	-22.4774	-46.1604	
232	0.000231	-23.7172	-45.1994	
233	0.000232	-24.4419	-44.3369	
234	0.000233	-22.9515	-44.8475	
235	0.000234	-24.3231	-44.3779	
236	0.000235	-23.0605	-45.5733	
237	0.000236	-24.731	-43.8951	
238	0.000237	-23.5398	-44.0343	
239	0.000238	-24.0392	-44.085	
240	0.000239	-23.1635	-44.2253	
241	0.00024	-22.6572	-44.1928	
242	0.000241	-22.6922	-43.9341	
243	0.000242	-22.2646	-43.8254	
244	0.000243	-23.3532	-43.6312	
245	0.000244	-23.5125	-43.2042	
246	0.000245	-22.814	-43.4985	
247	0.000246	-24.3532	-42.7577	
248	0.000247	-24.0456	-42.7389	
249	0.000248	-22.9517	-43.53	
250	0.000249	-22.6111	-42.6848	
251	0.00025	-23.6975	-41.9298	
252	0.000251	-23.9484	-42.8864	
253	0.000252	-23.432	-42.5634	
254	0.000253	-23.8527	-42.8179	
255	0.000254	-23.5094	-43.13	
256	0.000255	-23.0998	-42.6791	
257	0.000256	-23.9405	-42.9529	
258	0.000257	-23.3823	-42.7478	
259	0.000258	-23.8615	-42.8573	
260	0.000259	-24.1109	-42.5039	
261	0.00026	-23.0347	-44.3366	
262	0.000261	-25.9317	-42.6565	
263	0.000262	-24.1244	-43.602	
264	0.000263	-25.3051	-44.0726	
265	0.000264	-23.373	-43.659	
266	0.000265	-23.4697	-43.5073	
267	0.000266	-23.8938	-43.4732	
268	0.000267	-23.5286	-42.689	
269	0.000268	-24.6402	-41.8048	
270	0.000269	-23.0756	-42.9456	
271	0.00027	-24.9812	-40.9965	
272	0.000271	-23.6824	-41.7438	
273	0.000272	-23.1941	-42.533	
274	0.000273	-24.2941	-42.2466	
275	0.000274	-24.9013	-41.9893	
276	0.000275	-23.0853	-43.3631	
277	0.000276	-24.4218	-42.1745	
278	0.000277	-24.3779	-42.5809	
279	0.000278	-24.1723	-42.2802	
280	0.000279	-22.244	-42.2924	
281	0.00028	-23.9251	-41.5236	
282	0.000281	-24.5589	-41.476	
283	0.000282	-24.3563	-40.4127	
284	0.000283	-23.6723	-41.44	
285	0.000284	-24.1874	-41.6638	
286	0.000285	-23.4544	-41.8552	
287	0.000286	-24.2846	-41.0828	
288	0.000287	-24.6174	-41.8036	
289	0.000288	-23.1232	-41.727	
290	0.000289	-24.2665	-40.7902	
291	0.00029	-23.7429	-40.8806	
292	0.000291	-24.6726	-40.7978	
293	0.000292	-23.3875	-40.5504	
294	0.000293	-22.3921	-41.0213	
295	0.000294	-23.044	-40.0022	
296	0.000295	-22.5363	-39.6105	
297	0.000296	-22.3634	-39.4044	
298	0.000297	-23.9239	-38.2683	
299	0.000298	-22.0565	-39.6913	
300	0.000299	-24.289	-37.5971	
301	0.0003	-21.9401	-39.5445	
302	0.000301	-22.3194	-38.9769	
303	0.000302	-22.4075	-38.1836	
304	0.000303	-21.3295	-38.2469	
305	0.000304	-22.7698	-37.3947	
306	0.000305	-21.6715	-38.2861	
307	0.000306	-23.0215	-36.7276	
308	0.000307	-21.7523	-36.8147	
309	0.000308	-21.6125	-36.1443	
310	0.000309	-21.9911	-35.2008	
311	0.00031	-22.3369	-34.8778	
312	0.000311	-20.7974	-35.2994	
313	0.000312	-20.6535	-34.9451	
314	0.000313	-20.7756	-33.933	
315	0.000314	-19.9071	-34.1412	
316	0.000315	-20.1965	-32.9734	
317	0.000316	-20.1995	-32.6774	
318	0.000317	-19.9804	-32.9893	
319	0.000318	-20.1234	-32.4309	
320	0.000319	-20.0441	-32.0466	
321	0.00032	-19.3712	-31.8588	
322	0.000321	-18.8927	-32.0058	
323	0.000322	-18.6272	-31.457	
324	0.000323	-20.4217	-29.8279	
325	0.000324	-18.1614	-31.287	
326	0.000325	-17.9566	-31.5731	
327	0.000326	-17.9702	-29.2317	
328	0.000327	-18.2966	-28.6886	
329	0.000328	-17.2483	-30.0423	
330	0.000329	-17.9776	-27.7931	
331	0.00033	-17.6429	-27.676	
332	0.000331	-18.2882	-27.4102	
333	0.000332	-16.6424	-27.8324	
334	0.000333	-16.2196	-26.6257	
335	0.000334	-17.2901	-25.6375	
336	0.000335	-16.3634	-25.4118	
337	0.000336	-16.1482	-24.6655	
338	0.000337	-16.3787	-24.764	
339	0.000338	-15.9634	-24.9146	
340	0.000339	-16.502	-23.7894	
341	0.00034	-15.5288	-22.9348	
342	0.000341	-15.0057	-23.3543	
343	0.000342	-15.7091	-22.838	
344	0.000343	-14.8166	-23.7807	
345	0.000344	-14.7945	-22.7575	
346	0.000345	-16.539	-21.3127	
347	0.000346	-15.8299	-21.2619	
348	0.000347	-14.6689	-21.9603	
349	0.000348	-16.0581	-19.7706	
350	0.000349	-14.7485	-20.6175	
351	0.00035	-14.82	-20.0974	
352	0.000351	-14.1823	-20.6134	
353	0.000352	-14.8714	-19.8832	
354	0.000353	-14.6284	-19.5205	
355	0.000354	-15.1427	-18.0185	
356	0.000355	-14.7079	-19.111	
357	0.000356	-14.1541	-20.0106	
358	0.000357	-15.4516	-16.9938	
359	0.000358	-14.8771	-17.6048	
360	0.000359	-14.4655	-18.45	
361	0.00036	-13.8737	-19.428	
362	0.000361	-13.793	-18.7504	
363	0.000362	-14.2662	-17.5721	
364	0.000363	-13.7445	-17.953	
365	0.000364	-13.8249	-17.7533	
366	0.000365	-14.6282	-16.9456	
367	0.000366	-14.4002	-17.5506	
368	0.000367	-15.2375	-16.6798	
369	0.000368	-14.955	-17.2543	
370	0.000369	-14.5879	-17.4003	
371	0.00037	-14.9734	-16.7521	
372	0.000371	-14.2013	-17.3039	
373	0.000372	-15.4744	-17.4475	
374	0.000373	-14.637	-18.2802	
375	0.000374	-15.3131	-18.0969	
376	0.000375	-16.1916	-17.7836	
377	0.000376	-15.7572	-18.7852	
378	0.000377	-16.3921	-18.7451	
379	0.000378	-15.8155	-19.0695	
380	0.000379	-16.5726	-18.569	
381	0.00038	-14.9943	-21.4763	
382	0.000381	-15.0177	-20.6209	
383	0.000382	-15.7395	-19.7516	
384	0.000383	-16.892	-18.8525	
385	0.000384	-15.4701	-20.3305	
386	0.000385	-17.0566	-19.5879	
387	0.000386	-15.624	-20.9597	
388	0.000387	-16.1607	-20.4456	
389	0.000388	-16.1209	-20.44	
390	0.000389	-15.9902	-20.8499	
391	0.00039	-15.8709	-20.5093	
392	0.000391	-17.4819	-19.4856	
393	0.000392	-17.5703	-20.4654	
394	0.000393	-16.7341	-20.5274	
395	0.000394	-19.0236	-19.707	
396	0.000395	-17.9608	-20.9225	
397	0.000396	-17.906	-20.3153	
398	0.000397	-16.7118	-21.9504	
399	0.000398	-16.7617	-20.9467	
400	0.000399	-17.471	-20.4371	
401	0.0004	-17.5824	-20.8974	
402	0.000401	-17.0512	-21.1544	
403	0.000402	-16.1943	-21.3956	
404	0.000403	-16.3522	-21.4932	
405	0.000404	-17.2641	-20.9473	
406	0.000405	-16.5739	-21.0438	
407	0.000406	-17.5274	-20.6479	
408	0.000407	-17.3733	-20.6445	
409	0.000408	-17.9422	-20.1635	
410	0.000409	-16.6339	-22.1046	
411	0.00041	-17.1713	-21.6302	
412	0.000411	-15.3191	-22.9101	
413	0.000412	-16.145	-22.1182	
414	0.000413	-16.3473	-22.3563	
415	0.000414	-16.878	-22.0529	
416	0.000415	-16.8821	-21.362	
417	0.000416	-16.3584	-22.3852	
418	0.000417	-15.4225	-22.4681	
419	0.000418	-17.1546	-22.5819	
420	0.000419	-16.5327	-22.1984	
421	0.00042	-17.568	-20.8709	
422	0.000421	-16.5966	-22.1496	
423	0.000422	-16.4103	-22.6356	
424	0.000423	-16.2166	-22.2994	
425	0.000424	-15.836	-21.6741	
426	0.000425	-15.7188	-21.6977	
427	0.000426	-16.1699	-20.6571	
428	0.000427	-16.9561	-20.2962	
429	0.000428	-16.9516	-19.8757	
430	0.000429	-16.1851	-21.3815	
431	0.00043	-17.0667	-20.8466	
432	0.000431	-15.7703	-22.3618	
433	0.000432	-15.2829	-22.1452	
434	0.000433	-15.5641	-21.8086	
435	0.000434	-16.2178	-21.5329	
436	0.000435	-15.8293	-22.1447	
437	0.000436	-15.7682	-21.721	
438	0.000437	-15.7447	-21.7511	
439	0.000438	-15.335	-22.149	
440	0.000439	-15.4075	-21.5974	
441	0.00044	-14.6906	-22.2316	
442	0.000441	-14.772	-21.3141	
443	0.000442	-15.791	-19.9544	
444	0.000443	-15.6438	-21.1807	
445	0.000444	-15.2125	-20.8793	
446	0.000445	-14.441	-21.3715	
447	0.000446	-14.7831	-20.5981	
448	0.000447	-15.9629	-20.9124	
449	0.000448	-14.8782	-21.3417	
450	0.000449	-14.6056	-21.8725	
451	0.00045	-14.3112	-21.7245	
452	0.000451	-14.0905	-22.2405	
453	0.000452	-13.6673	-21.7374	
454	0.000453	-15.3326	-20.8495	
455	0.000454	-15.1	-22.4304	
456	0.000455	-15.8254	-21.6043	
457	0.000456	-14.9057	-22.6053	
458	0.000457	-16.2422	-21.6107	
459	0.000458	-14.5797	-23.0318	
460	0.000459	-15.0386	-23.0591	
461	0.00046	-16.2149	-22.4082	
462	0.000461	-15.2023	-22.8958	
463	0.000462	-14.8128	-22.7115	
464	0.000463	-15.0897	-22.8553	
465	0.000464	-16.2413	-22.4414	
466	0.000465	-14.759	-23.5266	
467	0.000466	-14.1535	-23.8239	
468	0.000467	-14.2078	-23.9835	
469	0.000468	-14.0965	-23.8868	
470	0.000469	-14.0273	-24.391	
471	0.00047	-15.016	-23.9649	
472	0.000471	-14.9916	-23.7377	
473	0.000472	-15.1928	-24.1333	
474	0.000473	-14.1759	-24.4496	
475	0.000474	-14.0008	-24.7115	
476	0.000475	-13.8321	-24.5076	
477	0.000476	-13.8262	-24.549	
478	0.000477	-14.4105	-24.2457	
479	0.000478	-13.3584	-24.8027	
480	0.000479	-14.4281	-24.584	
481	0.00048	-14.1902	-25.2229	
482	0.000481	-13.8066	-25.3082	
483	0.000482	-14.9898	-24.0029	
484	0.000483	-14.0592	-25.3981	
485	0.000484	-13.55	-26.9925	
486	0.000485	-13.6977	-26.1123	
487	0.000486	-14.6927	-24.6784	
488	0.000487	-13.0875	-25.9962	
489	0.000488	-13.2245	-26.8324	
490	0.000489	-13.6568	-26.4271	
491	0.00049	-13.8973	-27.4308	
492	0.000491	-13.4373	-28.2589	
493	0.000492	-14.8797	-26.8666	
494	0.000493	-14.334	-27.1011	
495	0.000494	-13.9293	-27.787	
496	0.000495	-13.6265	-28.1635	
497	0.000496	-14.2982	-28.9706	
498	0.000497	-15.0642	-28.8854	
499	0.000498	-14.7564	-28.39	
500	0.000499	-15.2273	-27.7747	
501	0.0005	-15.4593	-28.4536	
502	0.000501	-15.1058	-29.1336	
503	0.000502	-14.7013	-29.2903	
504	0.000503	-15.3563	-29.0326	
505	0.000504	-15.1261	-31.0319	
506	0.000505	-15.1172	-30.2937	
507	0.000506	-15.687	-30.1217	
508	0.000507	-16.2383	-30.0592	
509	0.000508	-16.3629	-30.2382	
510	0.000509	-15.682	-30.7224	
511	0.00051	-16.2472	-30.8256	
512	0.000511	-16.7908	-29.722	
513	0.000512	-15.8096	-30.6513	
514	0.000513	-15.6179	-32.1657	
515	0.000514	-15.6199	-33.6587	
516	0.000515	-16.1232	-33.4621	
517	0.000516	-16.8024	-32.1805	
518	0.000517	-17.8736	-31.4531	
519	0.000518	-16.5831	-33.0565	
520	0.000519	-16.7155	-33.7778	
521	0.00052	-17.2612	-33.745	
522	0.000521	-17.2281	-34.0505	
523	0.000522	-17.4429	-33.3509	
524	0.000523	-16.7757	-33.5964	
525	0.000524	-17.3641	-34.0638	
526	0.000525	-16.9462	-34.9953	
527	0.000526	-17.2035	-34.5944	
528	0.000527	-16.9724	-35.3582	
529	0.000528	-17.5427	-36.0552	
530	0.000529	-17.3696	-36.0706	
531	0.00053	-17.2217	-36.5091	
532	0.000531	-18.0005	-35.7492	
533	0.000532	-17.0951	-36.8785	
534	0.000533	-18.162	-36.0535	
535	0.000534	-18.5171	-35.954	
536	0.000535	-17.985	-36.8386	
537	0.000536	-20.3569	-34.8395	
538	0.000537	-18.1688	-37.1355	
539	0.000538	-19.6889	-36.5553	
540	0.000539	-19.1035	-37.5911	
541	0.00054	-19.9097	-37.5784	
542	0.000541	-19.6039	-39.0943	
543	0.000542	-19.0012	-39.7643	
544	0.000543	-19.4	-39.8139	
545	0.000544	-20.2028	-39.4204	
546	0.000545	-21.7466	-38.2275	
547	0.000546	-20.9293	-39.3719	
548	0.000547	-22.4456	-39.3022	
549	0.000548	-20.8153	-39.9452	
550	0.000549	-21.3592	-39.3915	
551	0.00055	-21.2099	-39.6873	
552	0.000551	-21.0945	-39.6998	
553	0.000552	-20.7007	-39.4627	
554	0.000553	-20.2205	-40.2695	
555	0.000554	-21.1564	-40.1567	
556	0.000555	-20.7231	-40.1346	
557	0.000556	-21.9373	-39.1116	
558	0.000557	-20.376	-40.0134	
559	0.000558	-20.7947	-39.9149	
560	0.000559	-20.4637	-40.0179	
561	0.00056	-21.3449	-39.1545	
562	0.000561	-21.8208	-39.6404	
563	0.000562	-21.881	-39.0359	
564	0.000563	-22.1418	-39.3195	
565	0.000564	-21.9881	-38.9893	
566	0.000565	-21.9328	-38.3149	
567	0.000566	-21.4078	-39.0218	
568	0.000567	-22.5543	-38.8276	
569	0.000568	-22.8131	-39.6479	
570	0.000569	-22.7347	-39.1875	
571	0.00057	-22.0112	-39.9806	
572	0.000571	-21.9428	-39.7843	
573	0.000572	-21.7266	-38.956	
574	0.000573	-22.156	-39.0089	
575	0.000574	-22.0796	-38.299	
576	0.000575	-23.2278	-37.1106	
577	0.000576	-23.358	-38.4212	
578	0.000577	-21.4552	-38.5416	
579	0.000578	-22.3631	-38.1522	
580	0.000579	-22.2417	-37.9457	
581	0.00058	-22.8074	-37.2066	
582	0.000581	-22.7143	-37.4967	
583	0.000582	-22.4547	-37.368	
584	0.000583	-21.8819	-38.0645	
585	0.000584	-22.5134	-37.1792	
586	0.000585	-21.5426	-38.3895	
587	0.000586	-21.7949	-36.9036	
588	0.000587	-23.854	-35.9116	
589	0.000588	-21.6511	-37.0792	
590	0.000589	-22.0918	-35.844	
591	0.00059	-22.7909	-36.0588	
592	0.000591	-22.4377	-36.1869	
593	0.000592	-22.5148	-35.6859	
594	0.000593	-22.6475	-35.974	
595	0.000594	-21.31	-36.3654	
596	0.000595	-21.7877	-34.6345	
597	0.000596	-22.831	-35.236	
598	0.000597	-21.7398	-35.8366	
599	0.000598	-20.6245	-35.4323	
600	0.000599	-21.0466	-35.0951	
601	0.0006	-20.648	-35.3304	
602	0.000601	-23.157	-33.3934	
603	0.000602	-22.5191	-33.7787	
604	0.000603	-21.0603	-33.8596	
605	0.000604	-21.868	-32.653	
606	0.000605	-21.8105	-33.0087	
607	0.000606	-22.7609	-32.9648	
608	0.000607	-20.888	-32.7646	
609	0.000608	-22.2507	-32.633	
610	0.000609	-21.1797	-33.6202	
611	0.00061	-22.0831	-32.6384	
612	0.000611	-20.9238	-32.9457	
613	0.000612	-20.9571	-33.2781	
614	0.000613	-22.1361	-31.4549	
615	0.000614	-22.3422	-32.6409	
616	0.000615	-21.5467	-33.0308	
617	0.000616	-22.113	-32.07	
618	0.000617	-21.4032	-31.8813	
619	0.000618	-21.8377	-31.9971	
620	0.000619	-20.726	-33.0553	
621	0.00062	-21.5581	-31.6967	
622	0.000621	-19.9111	-33.2709	
623	0.000622	-21.5142	-31.994	
624	0.000623	-20.0191	-32.46	
625	0.000624	-20.8133	-31.7665	
626	0.000625	-20.8553	-31.9432	
627	0.000626	-21.0338	-31.9254	
628	0.000627	-21.832	-31.0949	
629	0.000628	-22.3192	-30.4707	
630	0.000629	-21.6211	-30.2565	
631	0.00063	-20.5084	-30.7716	
632	0.000631	-20.0252	-31.0854	
633	0.000632	-20.3977	-30.4899	
634	0.000633	-20.4186	-29.4075	
635	0.000634	-21.3836	-30.1191	
636	0.000635	-21.2547	-30.5935	
637	0.000636	-20.8148	-29.998	
638	0.000637	-20.3359	-30.8545	
639	0.000638	-23.2786	-29.889	
640	0.000639	-22.0157	-30.2011	
641	0.00064	-21.4518	-30.5781	
642	0.000641	-20.0039	-30.7631	
643	0.000642	-20.8182	-29.0957	
644	0.000643	-20.6412	-29.0374	
645	0.000644	-20.5148	-28.7256	
646	0.000645	-21.0729	-29.0321	
647	0.000646	-20.9596	-29.1485	
648	0.000647	-20.3359	-29.8424	
649	0.000648	-21.7401	-27.2913	
650	0.000649	-22.0751	-28.8784	
651	0.00065	-19.8729	-30.0469	
652	0.000651	-19.6772	-29.2437	
653	0.000652	-20.7676	-28.4774	
654	0.000653	-19.8357	-28.1649	
655	0.000654	-19.5716	-29.3421	
656	0.000655	-20.4416	-27.6443	
657	0.000656	-20.9488	-27.3395	
658	0.000657	-20.2533	-27.9065	
659	0.000658	-20.6789	-28.0289	
660	0.000659	-18.0773	-28.0131	
661	0.00066	-19.8682	-26.9167	
662	0.000661	-19.5067	-27.0271	
663	0.000662	-19.9587	-26.5532	
