CompteurTemps	Temps	Cx0	Cy0	
1	0	-313.15	68.0871	
2	1e-06	-203.737	77.3681	
3	2e-06	-34.7252	-74.1309	
4	3e-06	-18.8874	-72.1414	
5	4e-06	-14.4886	-61.3527	
6	5e-06	-14.6341	-51.8135	
7	6e-06	-10.9192	-45.3968	
8	7e-06	-10.3137	-37.8269	
9	8e-06	-9.51079	-32.7631	
10	9e-06	-8.47184	-29.0791	
11	1e-05	-7.67658	-25.6863	
12	1.1e-05	-7.29571	-21.8248	
13	1.2e-05	-6.3541	-19.9202	
14	1.3e-05	-6.45165	-16.838	
15	1.4e-05	-7.30964	-14.7119	
16	1.5e-05	-5.88159	-13.6728	
17	1.6e-05	-6.31447	-12.1362	
18	1.7e-05	-7.22447	-10.4389	
19	1.8e-05	-5.92022	-9.96724	
20	1.9e-05	-4.74524	-9.78293	
21	2e-05	-4.59513	-8.8788	
22	2.1e-05	-4.30339	-7.98179	
23	2.2e-05	-4.41658	-7.21748	
24	2.3e-05	-5.27633	-5.95763	
25	2.4e-05	-4.5777	-6.33525	
26	2.5e-05	-4.02481	-6.32118	
27	2.6e-05	-4.2192	-5.79321	
28	2.7e-05	-4.56673	-5.02195	
29	2.8e-05	-4.06422	-5.07941	
30	2.9e-05	-3.98824	-4.94879	
31	3e-05	-4.16709	-5.00783	
32	3.1e-05	-4.54377	-4.56532	
33	3.2e-05	-3.83168	-4.8165	
34	3.3e-05	-3.38688	-5.12819	
35	3.4e-05	-4.30417	-3.98396	
36	3.5e-05	-3.61434	-4.31044	
37	3.6e-05	-3.15211	-4.69582	
38	3.7e-05	-3.1842	-4.83657	
39	3.8e-05	-3.61867	-4.39718	
40	3.9e-05	-3.71154	-4.26983	
41	4e-05	-2.97073	-4.73982	
42	4.1e-05	-2.89992	-4.7399	
43	4.2e-05	-2.80711	-4.45618	
44	4.3e-05	-2.69087	-4.66174	
45	4.4e-05	-2.65462	-4.6256	
46	4.5e-05	-3.30716	-4.05946	
47	4.6e-05	-4.10484	-3.41785	
48	4.7e-05	-3.75388	-3.79206	
49	4.8e-05	-3.39677	-4.45157	
50	4.9e-05	-3.56349	-4.29938	
51	5e-05	-3.54543	-4.35901	
52	5.1e-05	-2.97656	-4.9463	
53	5.2e-05	-3.27031	-4.16695	
54	5.3e-05	-3.79842	-4.00918	
55	5.4e-05	-2.81653	-4.78048	
56	5.5e-05	-3.6361	-3.84034	
57	5.6e-05	-3.52885	-3.94886	
58	5.7e-05	-3.85195	-3.93151	
59	5.8e-05	-4.37663	-3.89095	
60	5.9e-05	-3.51044	-4.44255	
61	6e-05	-2.6717	-5.0515	
62	6.1e-05	-3.05803	-4.6184	
63	6.2e-05	-2.50748	-5.06103	
64	6.3e-05	-3.25292	-4.56572	
65	6.4e-05	-3.9567	-4.25924	
66	6.5e-05	-3.69682	-4.52681	
67	6.6e-05	-3.04074	-4.89408	
68	6.7e-05	-2.55085	-5.00239	
69	6.8e-05	-3.58713	-4.17939	
70	6.9e-05	-3.47368	-4.80247	
71	7e-05	-2.55321	-5.4595	
72	7.1e-05	-2.94552	-4.82073	
73	7.2e-05	-3.52127	-4.47561	
74	7.3e-05	-3.21557	-4.81358	
75	7.4e-05	-3.37138	-4.71951	
76	7.5e-05	-3.5163	-4.71198	
77	7.6e-05	-3.08098	-4.9213	
78	7.7e-05	-3.70085	-4.65022	
79	7.8e-05	-3.14726	-4.9593	
80	7.9e-05	-3.168	-4.71776	
81	8e-05	-2.83874	-5.0293	
82	8.1e-05	-3.02843	-4.90207	
83	8.2e-05	-3.82343	-4.8204	
84	8.3e-05	-3.63263	-4.87876	
85	8.4e-05	-2.92903	-5.39863	
86	8.5e-05	-2.65382	-5.28347	
87	8.6e-05	-2.57278	-5.29595	
88	8.7e-05	-2.60859	-5.28759	
89	8.8e-05	-2.66044	-5.26915	
90	8.9e-05	-2.75009	-5.35033	
91	9e-05	-3.32287	-5.1262	
92	9.1e-05	-2.90272	-5.35283	
93	9.2e-05	-3.6736	-4.79635	
94	9.3e-05	-3.41987	-5.00392	
95	9.4e-05	-2.87831	-5.37037	
96	9.5e-05	-3.33382	-5.03393	
97	9.6e-05	-2.82473	-5.45835	
98	9.7e-05	-3.28991	-5.12892	
99	9.8e-05	-2.77923	-5.38819	
100	9.9e-05	-2.9781	-5.57553	
101	0.0001	-2.6403	-5.94006	
102	0.000101	-2.48853	-6.09437	
103	0.000102	-2.39743	-6.02158	
104	0.000103	-2.91794	-5.58764	
105	0.000104	-3.11389	-5.30747	
106	0.000105	-2.40884	-5.86059	
107	0.000106	-2.81033	-5.45971	
108	0.000107	-2.46069	-5.67675	
109	0.000108	-2.56857	-5.58399	
110	0.000109	-2.71924	-5.39459	
111	0.00011	-2.62646	-5.46063	
112	0.000111	-2.26498	-5.82292	
113	0.000112	-3.46361	-5.17633	
114	0.000113	-2.77897	-5.41236	
115	0.000114	-3.34642	-4.72142	
116	0.000115	-2.94153	-5.30006	
117	0.000116	-2.30277	-5.77237	
118	0.000117	-2.57648	-5.46086	
119	0.000118	-2.2132	-5.79506	
120	0.000119	-2.7566	-5.83813	
121	0.00012	-3.92431	-4.63188	
122	0.000121	-2.448	-5.55037	
123	0.000122	-2.84363	-5.66472	
124	0.000123	-3.20971	-6.06097	
125	0.000124	-2.75704	-5.64632	
126	0.000125	-2.44898	-5.92672	
127	0.000126	-2.53102	-5.80671	
128	0.000127	-2.56879	-5.7485	
129	0.000128	-3.0333	-5.73597	
130	0.000129	-2.90553	-6.01285	
131	0.00013	-3.19731	-5.31014	
132	0.000131	-2.90049	-5.89182	
133	0.000132	-3.46979	-5.48267	
134	0.000133	-2.93157	-6.0335	
135	0.000134	-2.72384	-5.98737	
136	0.000135	-2.77545	-6.01455	
137	0.000136	-2.47445	-5.98345	
138	0.000137	-2.58906	-5.75195	
139	0.000138	-2.78944	-5.65894	
140	0.000139	-2.98416	-5.40175	
141	0.00014	-2.61202	-5.88136	
142	0.000141	-3.12276	-5.38667	
143	0.000142	-2.07627	-6.06042	
144	0.000143	-2.07684	-5.88479	
145	0.000144	-2.48392	-5.75179	
146	0.000145	-2.66096	-5.69007	
147	0.000146	-3.04376	-5.40551	
148	0.000147	-2.863	-5.53117	
149	0.000148	-2.94216	-5.50946	
150	0.000149	-2.55389	-5.70049	
151	0.00015	-2.36152	-5.69066	
152	0.000151	-2.98635	-5.49621	
153	0.000152	-2.55456	-5.8736	
154	0.000153	-2.61361	-5.53533	
155	0.000154	-2.27217	-5.96237	
156	0.000155	-2.12884	-6.09217	
157	0.000156	-3.01945	-5.42553	
158	0.000157	-2.93086	-5.68396	
159	0.000158	-3.66274	-5.01276	
160	0.000159	-2.78014	-5.80987	
161	0.00016	-3.12572	-5.47364	
162	0.000161	-2.66377	-5.62848	
163	0.000162	-2.45541	-5.76724	
164	0.000163	-3.03334	-5.70641	
165	0.000164	-3.09499	-5.70306	
166	0.000165	-3.0838	-5.6184	
167	0.000166	-2.90165	-5.66994	
168	0.000167	-2.85757	-5.59991	
169	0.000168	-3.20989	-5.69525	
170	0.000169	-3.24047	-5.83509	
171	0.00017	-2.7396	-6.20313	
172	0.000171	-3.3934	-5.55219	
173	0.000172	-3.33933	-5.59988	
174	0.000173	-2.51711	-6.07	
175	0.000174	-2.72865	-6.08266	
176	0.000175	-2.27225	-6.57166	
177	0.000176	-2.61139	-6.13496	
178	0.000177	-2.31395	-5.86464	
179	0.000178	-2.65029	-5.84462	
180	0.000179	-2.31468	-6.11796	
181	0.00018	-2.9893	-5.62894	
182	0.000181	-2.22561	-6.10868	
183	0.000182	-2.57672	-5.76073	
184	0.000183	-2.39146	-5.81044	
185	0.000184	-2.77878	-5.56003	
186	0.000185	-2.72267	-5.63491	
187	0.000186	-2.31363	-6.05022	
188	0.000187	-2.89334	-5.59166	
189	0.000188	-2.49418	-5.74276	
190	0.000189	-2.97233	-5.53763	
191	0.00019	-2.48528	-6.02947	
192	0.000191	-2.88624	-5.74503	
193	0.000192	-2.4677	-6.23039	
194	0.000193	-2.74179	-5.96118	
195	0.000194	-2.89843	-5.70053	
196	0.000195	-2.58945	-6.13624	
197	0.000196	-2.96761	-5.69966	
198	0.000197	-2.71119	-5.86543	
199	0.000198	-2.62537	-6.27947	
200	0.000199	-2.58536	-6.02208	
201	0.0002	-2.42935	-5.87856	
202	0.000201	-1.92122	-6.22733	
203	0.000202	-1.68187	-6.22035	
204	0.000203	-2.28314	-5.80197	
205	0.000204	-2.29553	-6.01599	
206	0.000205	-1.9569	-6.3927	
207	0.000206	-2.50853	-6.08481	
208	0.000207	-3.07952	-5.53221	
209	0.000208	-3.3595	-5.69952	
210	0.000209	-2.52486	-6.10185	
211	0.00021	-3.02718	-5.86951	
212	0.000211	-2.59576	-6.00033	
213	0.000212	-2.86741	-5.96181	
214	0.000213	-2.74793	-6.22936	
215	0.000214	-2.51216	-5.85336	
216	0.000215	-3.17487	-5.72677	
217	0.000216	-3.40006	-5.54427	
218	0.000217	-2.87241	-5.82915	
219	0.000218	-2.54319	-6.10612	
220	0.000219	-2.63621	-5.86007	
221	0.00022	-2.39155	-6.03321	
222	0.000221	-2.45699	-5.88439	
223	0.000222	-2.65703	-5.72977	
224	0.000223	-2.50691	-5.75745	
225	0.000224	-3.07459	-5.57014	
226	0.000225	-2.61512	-6.20348	
227	0.000226	-3.38101	-5.29141	
228	0.000227	-2.3409	-6.02191	
229	0.000228	-2.15476	-6.17216	
230	0.000229	-2.21106	-6.07132	
231	0.00023	-3.22693	-5.48291	
232	0.000231	-2.75537	-5.72146	
233	0.000232	-2.56548	-5.96272	
234	0.000233	-2.09008	-6.2948	
235	0.000234	-2.23389	-6.13623	
236	0.000235	-2.27886	-6.16304	
237	0.000236	-2.60591	-5.90583	
238	0.000237	-2.08147	-6.20108	
239	0.000238	-1.98588	-6.33228	
240	0.000239	-2.48801	-5.98251	
241	0.00024	-2.81059	-5.64337	
242	0.000241	-2.89292	-5.44868	
243	0.000242	-2.09841	-6.03483	
244	0.000243	-2.76119	-5.53147	
245	0.000244	-2.58209	-5.83863	
246	0.000245	-2.91834	-5.48938	
247	0.000246	-2.40109	-5.86323	
248	0.000247	-2.57052	-5.74424	
249	0.000248	-2.51347	-5.79797	
250	0.000249	-2.4773	-5.72443	
251	0.00025	-3.11562	-5.35428	
252	0.000251	-2.68279	-5.69212	
253	0.000252	-2.14002	-5.99941	
254	0.000253	-2.57798	-5.87122	
255	0.000254	-2.99779	-5.83309	
256	0.000255	-2.77328	-5.88738	
257	0.000256	-3.04485	-6.21867	
258	0.000257	-3.13803	-6.14633	
259	0.000258	-2.96892	-6.22301	
260	0.000259	-2.58009	-6.46447	
261	0.00026	-2.69264	-6.13976	
262	0.000261	-3.08354	-6.0328	
263	0.000262	-2.34953	-6.43383	
264	0.000263	-2.76934	-6.05691	
265	0.000264	-2.21843	-6.41422	
266	0.000265	-2.19913	-6.37361	
267	0.000266	-2.47467	-6.01686	
268	0.000267	-2.66757	-5.86866	
269	0.000268	-2.07502	-6.31003	
270	0.000269	-2.49591	-6.04493	
271	0.00027	-2.16516	-6.32497	
272	0.000271	-2.10047	-6.15513	
273	0.000272	-2.60066	-5.71921	
274	0.000273	-2.10481	-6.14794	
275	0.000274	-2.53547	-5.91019	
276	0.000275	-2.7652	-5.75749	
277	0.000276	-2.70889	-5.72105	
278	0.000277	-3.122	-6.21012	
279	0.000278	-2.41138	-6.49946	
280	0.000279	-2.23929	-6.59623	
281	0.00028	-2.46503	-6.7074	
282	0.000281	-2.80215	-6.40448	
283	0.000282	-2.13771	-6.74841	
284	0.000283	-2.45343	-6.32024	
285	0.000284	-2.69066	-6.23952	
286	0.000285	-2.60512	-6.25955	
287	0.000286	-2.29192	-6.39375	
288	0.000287	-2.86308	-5.67861	
289	0.000288	-2.69848	-5.70225	
290	0.000289	-2.76558	-6.11983	
291	0.00029	-2.51817	-6.34056	
292	0.000291	-2.60163	-6.33224	
293	0.000292	-2.37385	-6.49143	
294	0.000293	-2.58355	-6.23563	
295	0.000294	-2.17464	-6.61742	
296	0.000295	-2.42813	-6.32491	
297	0.000296	-2.77929	-5.93235	
298	0.000297	-2.14573	-6.47788	
299	0.000298	-2.7527	-5.81459	
300	0.000299	-2.43646	-6.06995	
301	0.0003	-3.32953	-5.1986	
302	0.000301	-2.2548	-6.38112	
303	0.000302	-2.47617	-5.95821	
304	0.000303	-2.62257	-5.71781	
305	0.000304	-2.35431	-6.11336	
306	0.000305	-2.49727	-5.79518	
307	0.000306	-2.87538	-5.81088	
308	0.000307	-2.60322	-5.97849	
309	0.000308	-1.97587	-6.11399	
310	0.000309	-2.98057	-5.32972	
311	0.00031	-2.70806	-5.6377	
312	0.000311	-3.01202	-5.29552	
313	0.000312	-2.40941	-5.88864	
314	0.000313	-2.26425	-6.0352	
315	0.000314	-2.33176	-5.76541	
316	0.000315	-2.09809	-5.84054	
317	0.000316	-3.00472	-5.26947	
318	0.000317	-2.52051	-5.6652	
319	0.000318	-2.5112	-5.69192	
320	0.000319	-2.11359	-6.19869	
321	0.00032	-3.16921	-5.35127	
322	0.000321	-2.57648	-6.03837	
323	0.000322	-2.6275	-6.14616	
324	0.000323	-3.00964	-5.70051	
325	0.000324	-2.34885	-6.03925	
326	0.000325	-2.22113	-6.11887	
327	0.000326	-2.29861	-6.03222	
328	0.000327	-2.30843	-5.81189	
329	0.000328	-2.78564	-5.49727	
330	0.000329	-2.624	-5.68597	
331	0.00033	-1.984	-6.15454	
332	0.000331	-1.7066	-6.40049	
333	0.000332	-2.62768	-5.73005	
334	0.000333	-2.60565	-5.62647	
335	0.000334	-2.49255	-6.15036	
336	0.000335	-2.51594	-5.85753	
337	0.000336	-2.59674	-5.98345	
338	0.000337	-2.39085	-5.98795	
339	0.000338	-2.36856	-6.00276	
340	0.000339	-2.26803	-6.10889	
341	0.00034	-2.74689	-5.48553	
342	0.000341	-2.3767	-5.66573	
343	0.000342	-2.96126	-5.43508	
344	0.000343	-2.96029	-5.52492	
345	0.000344	-1.98983	-6.25099	
346	0.000345	-2.46992	-5.74439	
347	0.000346	-1.86305	-6.15865	
348	0.000347	-3.32497	-5.16217	
349	0.000348	-2.39985	-5.66779	
350	0.000349	-2.59765	-5.35405	
351	0.00035	-2.14728	-5.95078	
352	0.000351	-2.09202	-6.13885	
353	0.000352	-2.14188	-6.06084	
354	0.000353	-2.20823	-6.13846	
355	0.000354	-2.23366	-5.92884	
356	0.000355	-1.8766	-6.15462	
357	0.000356	-1.67322	-6.21784	
358	0.000357	-1.91095	-5.97652	
359	0.000358	-2.59255	-5.49118	
360	0.000359	-2.22341	-5.81589	
361	0.00036	-2.4225	-5.76406	
362	0.000361	-2.40694	-5.77627	
363	0.000362	-2.39804	-5.90985	
364	0.000363	-2.50922	-5.59286	
365	0.000364	-2.15788	-6.00618	
366	0.000365	-2.38374	-5.66903	
367	0.000366	-2.26308	-5.8503	
368	0.000367	-2.28865	-5.94688	
369	0.000368	-2.29946	-5.7509	
370	0.000369	-2.72901	-5.62348	
371	0.00037	-2.28953	-6.02872	
372	0.000371	-3.04242	-5.28068	
373	0.000372	-2.3226	-5.9982	
374	0.000373	-1.99245	-6.20861	
375	0.000374	-2.09803	-6.16396	
376	0.000375	-2.11585	-6.00413	
377	0.000376	-3.24741	-5.13369	
378	0.000377	-2.31276	-5.94716	
379	0.000378	-2.57426	-5.5175	
380	0.000379	-2.09602	-5.76962	
381	0.00038	-2.2509	-5.45014	
382	0.000381	-2.70044	-5.55455	
383	0.000382	-2.53917	-6.04667	
384	0.000383	-2.65613	-6.01183	
385	0.000384	-2.78412	-6.14844	
386	0.000385	-3.14436	-5.875	
387	0.000386	-2.21089	-6.63799	
388	0.000387	-2.18419	-6.53349	
389	0.000388	-1.98679	-6.56207	
390	0.000389	-2.24502	-6.02259	
391	0.00039	-2.2877	-6.30671	
392	0.000391	-2.43364	-5.87931	
393	0.000392	-2.01777	-6.21299	
394	0.000393	-1.94845	-6.20063	
395	0.000394	-2.63734	-5.59039	
396	0.000395	-2.60687	-5.73149	
397	0.000396	-2.41049	-5.53151	
398	0.000397	-2.41445	-5.60848	
399	0.000398	-2.29693	-5.64422	
400	0.000399	-2.37232	-5.53337	
401	0.0004	-1.77369	-5.87411	
402	0.000401	-2.13381	-5.77154	
403	0.000402	-2.03245	-5.6234	
404	0.000403	-2.47916	-5.66678	
405	0.000404	-3.129	-5.0342	
406	0.000405	-2.28573	-5.77787	
407	0.000406	-2.80184	-5.45267	
408	0.000407	-2.21915	-5.85253	
409	0.000408	-2.91666	-5.51266	
410	0.000409	-2.49613	-5.72196	
411	0.00041	-2.45232	-5.85315	
412	0.000411	-1.9622	-5.84656	
413	0.000412	-3.01866	-5.13845	
414	0.000413	-2.36015	-5.81541	
415	0.000414	-2.49877	-5.69433	
416	0.000415	-3.29558	-4.94214	
417	0.000416	-2.79939	-5.6014	
418	0.000417	-2.25727	-5.76419	
419	0.000418	-3.45237	-4.85419	
420	0.000419	-2.39279	-5.65696	
421	0.00042	-2.99549	-5.55969	
422	0.000421	-2.16455	-5.95649	
423	0.000422	-2.93107	-5.3417	
424	0.000423	-2.34901	-5.76606	
425	0.000424	-2.32466	-5.6716	
426	0.000425	-2.07236	-5.83574	
427	0.000426	-1.88483	-5.96341	
428	0.000427	-2.03639	-5.49773	
429	0.000428	-2.20729	-5.60683	
430	0.000429	-2.0438	-5.63606	
431	0.00043	-2.49625	-5.24675	
432	0.000431	-2.57574	-4.9905	
433	0.000432	-2.2001	-5.36984	
434	0.000433	-1.8484	-5.68556	
435	0.000434	-2.28497	-5.2038	
436	0.000435	-2.0473	-5.59812	
437	0.000436	-2.61872	-5.1295	
438	0.000437	-2.13517	-5.43447	
439	0.000438	-1.98415	-5.48127	
440	0.000439	-2.09962	-5.34191	
441	0.00044	-2.22776	-5.21173	
442	0.000441	-2.26231	-5.25655	
443	0.000442	-2.66416	-4.66506	
444	0.000443	-2.83689	-4.77118	
445	0.000444	-2.112	-5.55696	
446	0.000445	-2.58389	-5.00327	
447	0.000446	-2.39754	-5.22396	
448	0.000447	-2.30547	-5.45658	
449	0.000448	-1.94648	-5.47019	
450	0.000449	-2.29526	-4.85546	
451	0.00045	-2.84857	-4.75535	
452	0.000451	-2.4949	-5.02145	
453	0.000452	-2.28783	-5.04089	
454	0.000453	-2.47829	-5.06835	
455	0.000454	-2.42574	-5.10062	
456	0.000455	-2.63581	-5.25006	
457	0.000456	-2.63769	-5.50245	
458	0.000457	-2.68104	-5.48722	
459	0.000458	-2.63392	-5.29684	
460	0.000459	-2.57919	-5.27768	
461	0.00046	-2.4457	-5.23609	
462	0.000461	-2.31529	-5.17998	
463	0.000462	-2.4616	-5.21905	
464	0.000463	-2.30334	-5.20828	
465	0.000464	-1.85726	-5.62634	
466	0.000465	-2.81446	-4.96168	
467	0.000466	-2.12702	-5.65867	
468	0.000467	-2.04102	-5.74762	
469	0.000468	-1.89082	-5.73274	
470	0.000469	-2.08533	-5.5624	
471	0.00047	-1.81059	-5.75398	
472	0.000471	-2.30937	-5.48501	
473	0.000472	-2.21394	-5.7024	
474	0.000473	-2.11144	-5.77377	
475	0.000474	-2.19108	-5.61175	
476	0.000475	-2.56821	-5.50199	
477	0.000476	-3.09179	-4.96069	
478	0.000477	-2.55378	-5.53366	
479	0.000478	-2.75453	-5.65663	
480	0.000479	-3.14413	-5.24288	
481	0.00048	-2.42443	-5.62635	
482	0.000481	-2.25359	-6.05681	
483	0.000482	-2.17278	-6.11269	
484	0.000483	-1.80652	-6.4021	
485	0.000484	-2.44589	-6.18981	
486	0.000485	-2.39783	-6.35459	
487	0.000486	-2.06225	-6.26918	
488	0.000487	-2.49865	-6.24764	
489	0.000488	-3.14581	-5.81577	
490	0.000489	-2.36279	-6.37109	
491	0.00049	-2.15099	-6.5428	
492	0.000491	-2.60299	-6.16435	
493	0.000492	-2.20995	-6.41534	
494	0.000493	-2.317	-6.59641	
495	0.000494	-2.95884	-6.16609	
496	0.000495	-2.52823	-6.41878	
497	0.000496	-2.43806	-6.50561	
498	0.000497	-2.19832	-6.91208	
499	0.000498	-2.38369	-6.61905	
500	0.000499	-2.53013	-6.56735	
501	0.0005	-2.83345	-6.34642	
502	0.000501	-3.21055	-5.88614	
503	0.000502	-3.2102	-5.93582	
504	0.000503	-2.4578	-6.47189	
505	0.000504	-2.65961	-6.30324	
506	0.000505	-3.077	-5.89798	
507	0.000506	-2.66152	-6.74401	
508	0.000507	-2.20734	-7.0583	
509	0.000508	-2.75695	-6.52782	
510	0.000509	-2.20265	-6.72941	
511	0.00051	-2.70892	-6.33169	
512	0.000511	-2.60475	-6.41177	
