CompteurTemps	Temps	Cx0	Cy0	
1	0	-207.241	51.0494	
2	1e-06	-86.9172	-3.7772	
3	2e-06	-21.9338	-57.5333	
4	3e-06	-17.1944	-52.273	
5	4e-06	-14.3816	-46.0101	
6	5e-06	-11.9989	-40.8667	
7	6e-06	-10.8328	-35.6944	
8	7e-06	-9.66376	-31.4926	
9	8e-06	-8.59569	-28.0093	
10	9e-06	-8.12977	-24.7768	
11	1e-05	-8.16485	-22.144	
12	1.1e-05	-6.61829	-20.2057	
13	1.2e-05	-6.41007	-17.7406	
14	1.3e-05	-5.43119	-16.4292	
15	1.4e-05	-5.34089	-14.5831	
16	1.5e-05	-4.91906	-13.3281	
17	1.6e-05	-5.05904	-11.8719	
18	1.7e-05	-4.22057	-11.2144	
19	1.8e-05	-4.08874	-10.2482	
20	1.9e-05	-3.94329	-9.25147	
21	2e-05	-3.60893	-8.5576	
22	2.1e-05	-3.50516	-7.85834	
23	2.2e-05	-3.50748	-7.28984	
24	2.3e-05	-3.0227	-7.03358	
25	2.4e-05	-3.54871	-6.38668	
26	2.5e-05	-2.77574	-6.23541	
27	2.6e-05	-2.73297	-5.74349	
28	2.7e-05	-2.50481	-5.47647	
29	2.8e-05	-2.41845	-5.12483	
30	2.9e-05	-2.39061	-4.79739	
31	3e-05	-2.49106	-4.47271	
32	3.1e-05	-2.30968	-4.34768	
33	3.2e-05	-2.09185	-4.21577	
34	3.3e-05	-2.15646	-4.07829	
35	3.4e-05	-2.02755	-3.96371	
36	3.5e-05	-2.29393	-3.55432	
37	3.6e-05	-2.14085	-3.50252	
38	3.7e-05	-1.90806	-3.47007	
39	3.8e-05	-1.87861	-3.41399	
40	3.9e-05	-1.61588	-3.45956	
41	4e-05	-1.77145	-3.31097	
42	4.1e-05	-1.68673	-3.22348	
43	4.2e-05	-1.63483	-3.16116	
44	4.3e-05	-1.75288	-2.92329	
45	4.4e-05	-1.64827	-2.97009	
46	4.5e-05	-1.40716	-3.08646	
47	4.6e-05	-1.39289	-2.94981	
48	4.7e-05	-1.43112	-2.92306	
49	4.8e-05	-1.35764	-3.02067	
50	4.9e-05	-1.24825	-3.0882	
51	5e-05	-1.48989	-2.88643	
52	5.1e-05	-1.41957	-2.87048	
53	5.2e-05	-1.5768	-2.74799	
54	5.3e-05	-1.88372	-2.51097	
55	5.4e-05	-1.70227	-2.63232	
56	5.5e-05	-1.6626	-2.65091	
57	5.6e-05	-1.49488	-2.81934	
58	5.7e-05	-1.60996	-2.71256	
59	5.8e-05	-1.75673	-2.63046	
60	5.9e-05	-1.34834	-2.88363	
61	6e-05	-1.56188	-2.74996	
62	6.1e-05	-1.47962	-2.79266	
63	6.2e-05	-1.53963	-2.77688	
64	6.3e-05	-1.54405	-2.75448	
65	6.4e-05	-1.6335	-2.64695	
66	6.5e-05	-1.5408	-2.68085	
67	6.6e-05	-1.73015	-2.5201	
68	6.7e-05	-1.48009	-2.73157	
69	6.8e-05	-1.33039	-2.7358	
70	6.9e-05	-1.46996	-2.81583	
71	7e-05	-1.6466	-2.61786	
72	7.1e-05	-1.67645	-2.54115	
73	7.2e-05	-1.81331	-2.41086	
74	7.3e-05	-1.45963	-2.74791	
75	7.4e-05	-1.43104	-2.72978	
76	7.5e-05	-1.41129	-2.68014	
77	7.6e-05	-1.74977	-2.45816	
78	7.7e-05	-1.50174	-2.80665	
79	7.8e-05	-1.48471	-2.79832	
80	7.9e-05	-1.66876	-2.61901	
81	8e-05	-1.80232	-2.68163	
82	8.1e-05	-1.76974	-2.80667	
83	8.2e-05	-1.68744	-2.78599	
84	8.3e-05	-1.66231	-2.73326	
85	8.4e-05	-1.77965	-2.70352	
86	8.5e-05	-1.35827	-2.89699	
87	8.6e-05	-1.7065	-2.65966	
88	8.7e-05	-1.50189	-2.83676	
89	8.8e-05	-1.57062	-2.72477	
90	8.9e-05	-1.69857	-2.73292	
91	9e-05	-1.49791	-2.80952	
92	9.1e-05	-1.60401	-2.81091	
93	9.2e-05	-1.59903	-2.74816	
94	9.3e-05	-1.48631	-2.93295	
95	9.4e-05	-1.37175	-2.9736	
96	9.5e-05	-1.57979	-2.77121	
97	9.6e-05	-1.35204	-2.90742	
98	9.7e-05	-1.62316	-2.71345	
99	9.8e-05	-1.29956	-2.93447	
100	9.9e-05	-1.47671	-2.75009	
101	0.0001	-1.621	-2.64519	
102	0.000101	-1.55535	-2.73545	
103	0.000102	-1.60135	-2.69293	
104	0.000103	-1.6165	-2.76151	
105	0.000104	-1.59876	-2.71999	
106	0.000105	-1.41378	-2.93542	
107	0.000106	-1.53201	-2.78257	
108	0.000107	-1.37195	-2.86354	
109	0.000108	-1.35502	-2.94068	
110	0.000109	-1.50165	-2.9916	
111	0.00011	-1.15612	-3.25914	
112	0.000111	-1.1557	-3.16487	
113	0.000112	-1.26021	-3.02567	
114	0.000113	-1.1545	-3.11425	
115	0.000114	-1.16261	-3.09454	
116	0.000115	-1.3944	-2.91337	
117	0.000116	-1.41264	-2.93634	
118	0.000117	-1.3617	-2.93393	
119	0.000118	-1.29384	-3.05254	
120	0.000119	-1.38525	-2.89499	
121	0.00012	-1.42152	-2.95196	
122	0.000121	-1.6486	-2.74512	
123	0.000122	-1.55419	-3.03115	
124	0.000123	-1.59346	-3.00262	
125	0.000124	-1.51766	-3.11026	
126	0.000125	-1.35054	-3.19108	
127	0.000126	-1.29106	-3.15035	
128	0.000127	-1.29894	-3.14275	
129	0.000128	-1.35437	-3.07715	
130	0.000129	-1.40955	-2.97257	
131	0.00013	-1.27011	-3.08682	
132	0.000131	-1.43131	-2.91619	
133	0.000132	-1.18211	-3.19063	
134	0.000133	-1.50226	-2.86969	
135	0.000134	-1.40452	-3.06246	
136	0.000135	-1.41665	-2.97309	
137	0.000136	-1.28197	-3.12608	
138	0.000137	-1.34185	-2.91064	
139	0.000138	-1.39911	-2.91363	
140	0.000139	-1.24803	-3.0098	
141	0.00014	-1.19478	-2.96344	
142	0.000141	-1.26592	-2.97225	
143	0.000142	-1.52544	-2.79453	
144	0.000143	-1.65358	-2.78584	
145	0.000144	-1.43179	-2.87473	
146	0.000145	-1.41895	-2.86567	
147	0.000146	-1.22865	-3.02556	
148	0.000147	-1.28453	-2.92238	
149	0.000148	-1.24128	-3.06002	
150	0.000149	-1.55095	-2.72471	
151	0.00015	-1.47312	-2.94678	
152	0.000151	-1.49196	-2.968	
153	0.000152	-1.30796	-3.12075	
154	0.000153	-1.42253	-3.02547	
155	0.000154	-1.69011	-2.74649	
156	0.000155	-1.59816	-3.09297	
157	0.000156	-1.595	-2.90159	
158	0.000157	-1.41976	-3.02527	
159	0.000158	-1.50685	-3.01007	
160	0.000159	-1.41064	-2.96823	
161	0.00016	-1.21488	-3.07848	
162	0.000161	-1.36741	-2.95248	
163	0.000162	-1.3313	-2.99564	
164	0.000163	-1.31829	-3.04667	
165	0.000164	-1.45867	-3.02111	
166	0.000165	-1.51973	-2.92103	
167	0.000166	-1.45202	-2.98271	
168	0.000167	-1.41518	-2.9229	
169	0.000168	-1.35901	-2.96517	
170	0.000169	-1.34948	-3.03044	
171	0.00017	-1.34845	-3.01311	
172	0.000171	-1.2937	-3.03988	
173	0.000172	-1.13795	-3.07252	
174	0.000173	-1.24529	-2.82789	
175	0.000174	-1.70175	-2.62774	
176	0.000175	-1.33267	-2.98294	
177	0.000176	-1.56736	-2.75966	
178	0.000177	-1.29187	-2.96869	
179	0.000178	-1.26055	-2.96428	
180	0.000179	-1.41722	-2.84471	
181	0.00018	-1.51103	-2.93819	
182	0.000181	-1.41779	-3.01151	
183	0.000182	-1.24966	-3.14753	
184	0.000183	-1.2956	-3.08437	
185	0.000184	-1.14331	-3.14057	
186	0.000185	-1.28203	-3.00218	
187	0.000186	-1.32974	-2.96459	
188	0.000187	-1.372	-3.09409	
189	0.000188	-1.36467	-2.94089	
190	0.000189	-1.5238	-2.76249	
191	0.00019	-1.26387	-2.94737	
192	0.000191	-1.29485	-3.04237	
193	0.000192	-1.3415	-3.0433	
194	0.000193	-1.31503	-3.07137	
195	0.000194	-1.50504	-3.14438	
196	0.000195	-1.42825	-3.07135	
197	0.000196	-1.28517	-3.08216	
198	0.000197	-1.32795	-2.98305	
199	0.000198	-1.61002	-2.85806	
200	0.000199	-1.34327	-2.99643	
201	0.0002	-1.36086	-3.02613	
202	0.000201	-1.4043	-2.84596	
203	0.000202	-1.39306	-2.88236	
204	0.000203	-1.27419	-3.2207	
205	0.000204	-1.3941	-3.13358	
206	0.000205	-1.29224	-3.17894	
207	0.000206	-1.2173	-3.13495	
208	0.000207	-1.17628	-3.10886	
209	0.000208	-1.19927	-3.12043	
210	0.000209	-1.12498	-3.06592	
211	0.00021	-1.22187	-2.9818	
212	0.000211	-1.10095	-3.03591	
213	0.000212	-1.07271	-3.0529	
214	0.000213	-1.06915	-3.02022	
215	0.000214	-1.16162	-2.94409	
216	0.000215	-1.14656	-3.02483	
217	0.000216	-1.33647	-2.86584	
218	0.000217	-1.38878	-2.87977	
219	0.000218	-1.10036	-3.09627	
220	0.000219	-1.29652	-2.91358	
221	0.00022	-1.14147	-3.05685	
222	0.000221	-1.25528	-2.98107	
223	0.000222	-1.12791	-3.0555	
224	0.000223	-1.29214	-2.87093	
225	0.000224	-1.22767	-2.8595	
226	0.000225	-1.34168	-2.84645	
227	0.000226	-1.19789	-2.9766	
228	0.000227	-1.14353	-2.94624	
229	0.000228	-1.15159	-2.9674	
230	0.000229	-1.20079	-2.93848	
231	0.00023	-1.19738	-2.94403	
232	0.000231	-1.33623	-2.83304	
233	0.000232	-1.33092	-2.85041	
234	0.000233	-1.26246	-2.93113	
235	0.000234	-1.27753	-2.87055	
236	0.000235	-1.39474	-2.81711	
237	0.000236	-1.24174	-2.91543	
238	0.000237	-1.27331	-2.9601	
239	0.000238	-1.29034	-3.10258	
240	0.000239	-1.30849	-3.01495	
241	0.00024	-1.45049	-2.86655	
242	0.000241	-1.1618	-3.18076	
243	0.000242	-1.19593	-3.11919	
244	0.000243	-1.3235	-3.05761	
245	0.000244	-1.23404	-3.03407	
246	0.000245	-1.31995	-3.00033	
247	0.000246	-1.44882	-2.92169	
248	0.000247	-1.15125	-3.05076	
249	0.000248	-1.19109	-3.10985	
250	0.000249	-1.16059	-3.08965	
251	0.00025	-1.04886	-3.18425	
252	0.000251	-1.11914	-3.09986	
253	0.000252	-1.31331	-3.00994	
254	0.000253	-1.33992	-2.97341	
255	0.000254	-1.30753	-2.86049	
256	0.000255	-1.3906	-2.94924	
257	0.000256	-1.17033	-3.10266	
258	0.000257	-1.06933	-3.14407	
259	0.000258	-0.984434	-3.20172	
260	0.000259	-1.24152	-3.06032	
261	0.00026	-1.08134	-3.19297	
262	0.000261	-1.04679	-3.15294	
263	0.000262	-1.26262	-3.08853	
264	0.000263	-1.35532	-3.00849	
265	0.000264	-1.10734	-3.15164	
266	0.000265	-1.15078	-3.03039	
267	0.000266	-1.15209	-3.1012	
268	0.000267	-1.13843	-3.05184	
269	0.000268	-1.13861	-3.04634	
270	0.000269	-1.1987	-2.80708	
271	0.00027	-1.36883	-2.84474	
272	0.000271	-1.2255	-2.98043	
273	0.000272	-1.24232	-3.05298	
274	0.000273	-1.02075	-3.23388	
275	0.000274	-1.20684	-3.02579	
276	0.000275	-1.50928	-2.80985	
277	0.000276	-1.22493	-3.03473	
278	0.000277	-1.04042	-3.11241	
279	0.000278	-1.29084	-3.17484	
280	0.000279	-1.09239	-3.24453	
281	0.00028	-1.2376	-3.17054	
282	0.000281	-1.2298	-3.15811	
283	0.000282	-1.21195	-3.09629	
284	0.000283	-1.37274	-2.97781	
285	0.000284	-1.13162	-3.12459	
286	0.000285	-1.44282	-2.98684	
287	0.000286	-1.30123	-3.10576	
288	0.000287	-1.53953	-3.08018	
289	0.000288	-1.52514	-3.05854	
290	0.000289	-1.44143	-3.1228	
291	0.00029	-1.32308	-3.11276	
292	0.000291	-1.34057	-3.05483	
293	0.000292	-1.43536	-3.07301	
294	0.000293	-1.29317	-3.13993	
295	0.000294	-1.31208	-3.22647	
296	0.000295	-1.37164	-3.11216	
297	0.000296	-1.22959	-3.1713	
298	0.000297	-1.24935	-3.16887	
299	0.000298	-1.10635	-3.23281	
300	0.000299	-1.23942	-3.10301	
301	0.0003	-0.997947	-3.27284	
302	0.000301	-0.97852	-3.23947	
303	0.000302	-1.4897	-2.91351	
304	0.000303	-1.24179	-3.08593	
305	0.000304	-1.37687	-3.02729	
306	0.000305	-1.27818	-3.06851	
307	0.000306	-1.16336	-3.25119	
308	0.000307	-0.984503	-3.29987	
309	0.000308	-1.52286	-2.97106	
310	0.000309	-1.35477	-3.15545	
311	0.00031	-1.39065	-3.08212	
312	0.000311	-1.39679	-3.08735	
313	0.000312	-1.29442	-3.16918	
314	0.000313	-1.43617	-3.09124	
315	0.000314	-1.19771	-3.2032	
316	0.000315	-1.24669	-3.25947	
317	0.000316	-1.40208	-2.9942	
318	0.000317	-1.36234	-3.31274	
319	0.000318	-1.12323	-3.30953	
320	0.000319	-1.25773	-3.18578	
321	0.00032	-1.29302	-3.17563	
322	0.000321	-1.20246	-3.22825	
323	0.000322	-1.33162	-3.05754	
324	0.000323	-1.41997	-3.15657	
325	0.000324	-1.6965	-2.88886	
326	0.000325	-1.31332	-3.23732	
327	0.000326	-1.30885	-3.19371	
328	0.000327	-1.18945	-3.19119	
329	0.000328	-1.29331	-3.29636	
330	0.000329	-1.25411	-3.33197	
331	0.00033	-0.994406	-3.40923	
332	0.000331	-0.933861	-3.40349	
333	0.000332	-0.995088	-3.31386	
334	0.000333	-1.14235	-3.17056	
335	0.000334	-1.00094	-3.2459	
336	0.000335	-1.25421	-3.086	
337	0.000336	-1.10544	-3.20234	
338	0.000337	-1.12886	-3.16311	
339	0.000338	-1.23598	-3.10586	
340	0.000339	-1.16346	-3.14692	
341	0.00034	-1.10959	-3.21472	
342	0.000341	-1.22108	-3.04759	
343	0.000342	-1.48088	-2.93627	
344	0.000343	-1.20905	-3.17878	
345	0.000344	-1.18493	-3.1773	
346	0.000345	-1.17721	-3.1957	
347	0.000346	-1.02336	-3.33879	
348	0.000347	-1.07841	-3.22918	
349	0.000348	-1.04415	-3.20387	
350	0.000349	-1.04189	-3.22889	
351	0.00035	-1.0388	-3.21245	
352	0.000351	-1.34372	-2.99955	
353	0.000352	-1.61762	-2.81948	
354	0.000353	-1.56425	-3.02491	
355	0.000354	-1.19827	-3.31368	
356	0.000355	-1.09445	-3.42328	
357	0.000356	-1.22407	-3.19266	
358	0.000357	-1.01515	-3.3239	
359	0.000358	-0.995489	-3.33376	
360	0.000359	-1.20283	-3.27309	
361	0.00036	-1.04815	-3.30249	
362	0.000361	-0.882344	-3.30767	
363	0.000362	-0.958406	-3.23857	
364	0.000363	-1.14453	-3.23211	
365	0.000364	-1.28451	-3.09859	
366	0.000365	-1.091	-3.2676	
367	0.000366	-1.30332	-3.06403	
368	0.000367	-1.15699	-3.26839	
369	0.000368	-0.969379	-3.34531	
370	0.000369	-1.18544	-3.21756	
371	0.00037	-1.13056	-3.23543	
372	0.000371	-1.1043	-3.22835	
373	0.000372	-1.11894	-3.18129	
374	0.000373	-0.918845	-3.35613	
375	0.000374	-1.20717	-3.13525	
376	0.000375	-1.03295	-3.39261	
377	0.000376	-1.08683	-3.24936	
378	0.000377	-1.01874	-3.22754	
379	0.000378	-0.978369	-3.23822	
380	0.000379	-1.16348	-3.15744	
381	0.00038	-1.40129	-3.00898	
382	0.000381	-1.15201	-3.2701	
383	0.000382	-1.21841	-3.15867	
384	0.000383	-1.12097	-3.28142	
385	0.000384	-1.17745	-3.28143	
386	0.000385	-1.51407	-3.08752	
387	0.000386	-1.24653	-3.34364	
388	0.000387	-0.857017	-3.62966	
389	0.000388	-1.17361	-3.24582	
390	0.000389	-1.28466	-3.46399	
391	0.00039	-1.52951	-3.28873	
392	0.000391	-1.22693	-3.69137	
393	0.000392	-1.25	-3.45458	
394	0.000393	-1.37758	-3.22816	
395	0.000394	-1.12718	-3.34989	
396	0.000395	-1.27999	-3.22991	
397	0.000396	-1.12515	-3.35569	
398	0.000397	-1.18673	-3.26985	
399	0.000398	-1.13933	-3.21038	
400	0.000399	-1.10161	-3.28399	
401	0.0004	-1.33994	-3.10664	
402	0.000401	-1.32328	-3.03316	
403	0.000402	-1.3349	-3.01635	
404	0.000403	-1.18258	-3.17258	
405	0.000404	-1.20751	-3.20148	
406	0.000405	-1.22475	-3.21678	
407	0.000406	-1.12479	-3.28122	
408	0.000407	-1.17453	-3.22136	
409	0.000408	-1.22113	-3.19081	
410	0.000409	-1.05767	-3.31581	
411	0.00041	-0.929356	-3.37955	
412	0.000411	-1.281	-3.1014	
413	0.000412	-1.04095	-3.33338	
414	0.000413	-1.20543	-3.21947	
415	0.000414	-1.06673	-3.31558	
416	0.000415	-1.02188	-3.31728	
417	0.000416	-1.1002	-3.16319	
418	0.000417	-1.18171	-3.18114	
419	0.000418	-1.33105	-3.02386	
420	0.000419	-1.32625	-3.33103	
421	0.00042	-1.08219	-3.59996	
422	0.000421	-1.07353	-3.39308	
423	0.000422	-1.31304	-3.41587	
424	0.000423	-1.22785	-3.44079	
425	0.000424	-1.19005	-3.33868	
426	0.000425	-1.17547	-3.35412	
427	0.000426	-1.09489	-3.36321	
428	0.000427	-1.11068	-3.24698	
429	0.000428	-1.21683	-3.19894	
430	0.000429	-1.30586	-3.12202	
431	0.00043	-1.31071	-3.13689	
432	0.000431	-1.32719	-3.12177	
433	0.000432	-1.21388	-3.13206	
434	0.000433	-1.16147	-3.26806	
435	0.000434	-1.0517	-3.37346	
436	0.000435	-1.12404	-3.34583	
437	0.000436	-1.1368	-3.3109	
438	0.000437	-1.20015	-3.32385	
439	0.000438	-1.06962	-3.36939	
440	0.000439	-1.10716	-3.27896	
441	0.00044	-1.08976	-3.30931	
442	0.000441	-1.25137	-3.21858	
443	0.000442	-1.19971	-3.28212	
444	0.000443	-1.22093	-3.30142	
445	0.000444	-1.09849	-3.3637	
446	0.000445	-1.08015	-3.30611	
447	0.000446	-1.07148	-3.31004	
448	0.000447	-0.954215	-3.36646	
449	0.000448	-1.06037	-3.34699	
450	0.000449	-1.33801	-3.41064	
451	0.00045	-1.30077	-3.42633	
452	0.000451	-1.1194	-3.56568	
453	0.000452	-1.15902	-3.53658	
454	0.000453	-1.34649	-3.26602	
455	0.000454	-1.27154	-3.40862	
456	0.000455	-1.30058	-3.32699	
457	0.000456	-1.19108	-3.51198	
458	0.000457	-1.06106	-3.57159	
459	0.000458	-1.05493	-3.49801	
460	0.000459	-1.18925	-3.38608	
461	0.00046	-1.21523	-3.38899	
462	0.000461	-1.16589	-3.31042	
463	0.000462	-1.07014	-3.40118	
464	0.000463	-1.03441	-3.38649	
465	0.000464	-1.14059	-3.3449	
466	0.000465	-1.24147	-3.29949	
467	0.000466	-1.52289	-3.14647	
468	0.000467	-1.01912	-3.52732	
469	0.000468	-1.24061	-3.2921	
470	0.000469	-1.07822	-3.33107	
471	0.00047	-1.24325	-3.27631	
472	0.000471	-1.31209	-3.18989	
473	0.000472	-1.10971	-3.36931	
474	0.000473	-1.27222	-3.13039	
475	0.000474	-1.08184	-3.27556	
476	0.000475	-1.0716	-3.38782	
477	0.000476	-1.19821	-3.29754	
478	0.000477	-1.22778	-3.28887	
479	0.000478	-1.17561	-3.37234	
480	0.000479	-1.09504	-3.33703	
481	0.00048	-1.10411	-3.38228	
482	0.000481	-1.03478	-3.48275	
483	0.000482	-1.04399	-3.49106	
484	0.000483	-0.911046	-3.44606	
485	0.000484	-1.07982	-3.33907	
486	0.000485	-1.06423	-3.25335	
487	0.000486	-1.0352	-3.26309	
488	0.000487	-0.891025	-3.43378	
489	0.000488	-0.975267	-3.42006	
490	0.000489	-1.01099	-3.35286	
491	0.00049	-0.983703	-3.43389	
492	0.000491	-1.10217	-3.24259	
493	0.000492	-1.3625	-3.04914	
494	0.000493	-1.23303	-3.21834	
495	0.000494	-1.28561	-3.14571	
496	0.000495	-1.26556	-3.17192	
497	0.000496	-1.16558	-3.26594	
498	0.000497	-1.09215	-3.34844	
499	0.000498	-1.31254	-3.20957	
500	0.000499	-1.21481	-3.10785	
501	0.0005	-1.25981	-3.12508	
502	0.000501	-1.12232	-3.30468	
503	0.000502	-1.3558	-3.2741	
504	0.000503	-1.17732	-3.48488	
505	0.000504	-1.00625	-3.56488	
506	0.000505	-1.24971	-3.38722	
507	0.000506	-1.19749	-3.44129	
508	0.000507	-1.30673	-3.32813	
509	0.000508	-1.03429	-3.52225	
510	0.000509	-1.04851	-3.40839	
511	0.00051	-0.936707	-3.51332	
512	0.000511	-1.02175	-3.43112	
513	0.000512	-1.13276	-3.38004	
514	0.000513	-1.03017	-3.44921	
515	0.000514	-0.985436	-3.46396	
516	0.000515	-1.15986	-3.3269	
517	0.000516	-1.1843	-3.36781	
518	0.000517	-1.09699	-3.5464	
519	0.000518	-1.14008	-3.55389	
520	0.000519	-0.897203	-3.73817	
521	0.00052	-1.0306	-3.60467	
522	0.000521	-0.914496	-3.62698	
523	0.000522	-0.958895	-3.5405	
524	0.000523	-1.07354	-3.4938	
525	0.000524	-0.97098	-3.55512	
526	0.000525	-1.06483	-3.42945	
527	0.000526	-1.12754	-3.50593	
528	0.000527	-0.945855	-3.5749	
529	0.000528	-1.15971	-3.39682	
530	0.000529	-0.970687	-3.58996	
531	0.00053	-0.960612	-3.59927	
532	0.000531	-1.03846	-3.46215	
533	0.000532	-0.929367	-3.58034	
534	0.000533	-0.838143	-3.6812	
535	0.000534	-0.991153	-3.56353	
536	0.000535	-1.29119	-3.31945	
537	0.000536	-1.07112	-3.49173	
538	0.000537	-1.20379	-3.31019	
539	0.000538	-1.20792	-3.30986	
540	0.000539	-1.07767	-3.34131	
541	0.00054	-1.09496	-3.31016	
542	0.000541	-1.00346	-3.46545	
543	0.000542	-1.27122	-3.29163	
544	0.000543	-1.25525	-3.34028	
545	0.000544	-1.00582	-3.51732	
546	0.000545	-1.19936	-3.31991	
547	0.000546	-0.951798	-3.49959	
548	0.000547	-1.00843	-3.53492	
549	0.000548	-1.00692	-3.56006	
550	0.000549	-1.17244	-3.47807	
551	0.00055	-1.11388	-3.44619	
552	0.000551	-0.997086	-3.49656	
553	0.000552	-1.04088	-3.51025	
554	0.000553	-1.20889	-3.55686	
555	0.000554	-1.13734	-3.69797	
556	0.000555	-1.00078	-3.81226	
557	0.000556	-0.984323	-3.6992	
558	0.000557	-1.01334	-3.66181	
559	0.000558	-1.10443	-3.5976	
560	0.000559	-1.18233	-3.72461	
561	0.00056	-0.958753	-3.71546	
562	0.000561	-1.11659	-3.66465	
563	0.000562	-1.05306	-3.72507	
564	0.000563	-1.15813	-3.60218	
565	0.000564	-1.03951	-3.73593	
566	0.000565	-0.906974	-3.78746	
567	0.000566	-1.20789	-3.49101	
568	0.000567	-1.19679	-3.57133	
569	0.000568	-1.2645	-3.52909	
570	0.000569	-1.29095	-3.58816	
571	0.00057	-1.07708	-3.71897	
572	0.000571	-1.06583	-3.69189	
573	0.000572	-1.39423	-3.53282	
574	0.000573	-1.12487	-3.67261	
575	0.000574	-1.23574	-3.54316	
576	0.000575	-1.1668	-3.70362	
577	0.000576	-1.09914	-3.72462	
578	0.000577	-1.18737	-3.6066	
579	0.000578	-1.17899	-3.6991	
580	0.000579	-1.02091	-3.5968	
581	0.00058	-1.116	-3.56493	
582	0.000581	-1.06687	-3.6342	
583	0.000582	-1.04311	-3.6192	
584	0.000583	-1.1559	-3.55746	
585	0.000584	-0.849322	-3.78485	
586	0.000585	-1.0577	-3.58355	
587	0.000586	-1.18373	-3.55376	
588	0.000587	-0.963343	-3.67379	
589	0.000588	-0.961848	-3.65565	
590	0.000589	-1.06337	-3.51875	
591	0.00059	-1.2999	-3.6307	
592	0.000591	-1.16717	-3.7531	
593	0.000592	-1.27956	-3.74289	
594	0.000593	-1.29371	-3.64037	
595	0.000594	-0.851773	-3.93056	
596	0.000595	-1.33978	-3.48171	
597	0.000596	-1.14337	-3.62468	
598	0.000597	-0.985906	-3.71696	
599	0.000598	-1.35362	-3.68079	
600	0.000599	-1.32493	-3.75896	
601	0.0006	-1.25181	-3.81535	
602	0.000601	-1.15728	-4.01239	
603	0.000602	-1.23509	-3.85441	
604	0.000603	-1.06748	-3.94696	
605	0.000604	-1.11408	-3.9263	
606	0.000605	-1.14051	-3.95507	
607	0.000606	-1.12166	-3.96741	
608	0.000607	-1.28784	-3.65715	
609	0.000608	-1.01966	-3.8523	
610	0.000609	-0.987068	-3.83886	
611	0.00061	-1.10451	-3.72807	
612	0.000611	-1.03607	-3.76959	
613	0.000612	-0.958186	-3.87252	
614	0.000613	-0.810246	-3.96123	
615	0.000614	-0.987276	-3.90724	
616	0.000615	-1.0523	-3.64909	
617	0.000616	-1.16302	-3.5753	
618	0.000617	-1.1819	-3.50071	
619	0.000618	-1.1066	-3.58586	
620	0.000619	-1.0759	-3.62148	
621	0.00062	-1.19909	-3.53938	
622	0.000621	-1.16006	-3.57405	
623	0.000622	-1.27226	-3.4157	
624	0.000623	-1.08872	-3.62103	
625	0.000624	-0.928768	-3.74773	
626	0.000625	-0.902258	-3.78846	
627	0.000626	-1.06351	-3.633	
628	0.000627	-1.12979	-3.89664	
629	0.000628	-1.0975	-3.88088	
630	0.000629	-1.2118	-3.68697	
631	0.00063	-1.06655	-3.81827	
632	0.000631	-1.01553	-3.80646	
633	0.000632	-1.17126	-3.65762	
634	0.000633	-1.20486	-3.6705	
635	0.000634	-1.01528	-3.81128	
636	0.000635	-1.06771	-3.71565	
637	0.000636	-1.28038	-3.61131	
638	0.000637	-1.15162	-3.66722	
639	0.000638	-1.10689	-3.75001	
640	0.000639	-1.03575	-3.81491	
641	0.00064	-1.24258	-3.61584	
642	0.000641	-1.18317	-3.63317	
643	0.000642	-1.17622	-3.69705	
644	0.000643	-1.19342	-3.6984	
645	0.000644	-1.38157	-3.59704	
646	0.000645	-1.06571	-3.80439	
647	0.000646	-1.1648	-3.75541	
648	0.000647	-1.12634	-3.7141	
649	0.000648	-1.07384	-3.71706	
650	0.000649	-1.08404	-3.73956	
651	0.00065	-1.10442	-3.74557	
652	0.000651	-1.15154	-3.75062	
653	0.000652	-0.945198	-3.88229	
654	0.000653	-1.10529	-3.66994	
655	0.000654	-1.00322	-3.7937	
656	0.000655	-1.13287	-3.77291	
657	0.000656	-1.09384	-3.76176	
658	0.000657	-1.27568	-3.58778	
659	0.000658	-1.21256	-3.77198	
660	0.000659	-1.25573	-3.672	
661	0.00066	-1.17463	-3.74542	
662	0.000661	-1.30815	-3.63645	
663	0.000662	-1.32483	-3.72189	
664	0.000663	-1.17302	-3.88674	
665	0.000664	-1.24826	-3.78096	
666	0.000665	-1.6494	-3.51238	
667	0.000666	-1.06437	-4.02386	
668	0.000667	-1.10014	-3.8954	
669	0.000668	-1.1829	-4.05143	
670	0.000669	-1.19358	-4.16229	
671	0.00067	-1.16067	-4.14119	
672	0.000671	-1.20879	-4.14475	
673	0.000672	-1.17012	-4.1518	
674	0.000673	-1.23855	-3.99308	
675	0.000674	-1.13915	-4.07876	
676	0.000675	-1.23147	-4.03925	
677	0.000676	-1.23195	-3.99785	
678	0.000677	-1.17038	-4.05237	
679	0.000678	-1.14606	-3.9544	
680	0.000679	-1.20438	-3.94071	
681	0.00068	-1.02387	-4.10271	
682	0.000681	-0.980765	-4.12106	
683	0.000682	-1.30321	-3.89089	
684	0.000683	-1.16782	-3.97423	
685	0.000684	-1.0764	-3.86295	
686	0.000685	-1.15782	-3.89063	
687	0.000686	-1.34021	-3.82385	
688	0.000687	-1.31349	-3.88973	
689	0.000688	-1.27267	-3.92235	
690	0.000689	-1.26419	-3.96084	
691	0.00069	-1.19803	-4.02288	
692	0.000691	-1.22289	-3.95147	
693	0.000692	-1.25798	-3.92122	
694	0.000693	-1.29405	-3.90202	
695	0.000694	-1.3349	-3.86595	
696	0.000695	-1.35373	-3.91683	
697	0.000696	-1.27808	-3.92825	
698	0.000697	-1.12143	-4.14326	
699	0.000698	-1.20276	-4.03369	
700	0.000699	-1.10403	-4.03976	
701	0.0007	-1.28	-3.91948	
702	0.000701	-1.26228	-3.88188	
703	0.000702	-1.23709	-3.92646	
704	0.000703	-1.03788	-4.04245	
705	0.000704	-1.13547	-3.95355	
706	0.000705	-1.13557	-4.15828	
707	0.000706	-1.5569	-3.89558	
708	0.000707	-1.21774	-4.12859	
709	0.000708	-1.42315	-3.99643	
710	0.000709	-1.15049	-4.1055	
711	0.00071	-1.28159	-4.00917	
712	0.000711	-1.11609	-4.12409	
713	0.000712	-1.19853	-4.06716	
714	0.000713	-1.19771	-4.12028	
715	0.000714	-1.37363	-3.94683	
716	0.000715	-1.34664	-3.91346	
717	0.000716	-1.21358	-4.03597	
718	0.000717	-1.31243	-4.06585	
719	0.000718	-1.017	-4.21034	
720	0.000719	-1.12209	-4.06875	
721	0.00072	-1.14377	-4.05334	
722	0.000721	-1.13208	-4.10206	
723	0.000722	-1.11143	-4.09819	
724	0.000723	-1.0441	-4.23838	
725	0.000724	-1.15079	-4.1018	
726	0.000725	-1.19828	-4.06876	
727	0.000726	-1.24965	-3.9927	
728	0.000727	-1.30321	-3.96069	
729	0.000728	-1.275	-4.0325	
730	0.000729	-1.41259	-3.96298	
731	0.00073	-1.37585	-4.10298	
732	0.000731	-1.35299	-4.14155	
733	0.000732	-1.15625	-4.31626	
734	0.000733	-1.27378	-4.16938	
735	0.000734	-1.40074	-4.11151	
736	0.000735	-1.42847	-4.08186	
737	0.000736	-1.33593	-4.16613	
738	0.000737	-1.39781	-4.09384	
739	0.000738	-1.25621	-4.23267	
740	0.000739	-1.2182	-4.18978	
741	0.00074	-1.184	-4.29678	
742	0.000741	-1.29384	-4.17581	
743	0.000742	-1.26941	-4.18048	
744	0.000743	-1.34174	-4.11548	
745	0.000744	-1.27079	-4.21251	
746	0.000745	-1.23026	-4.1945	
747	0.000746	-1.16207	-4.29805	
748	0.000747	-1.14859	-4.18873	
749	0.000748	-1.37172	-4.05939	
750	0.000749	-1.35477	-4.12259	
751	0.00075	-1.20923	-4.21633	
752	0.000751	-1.33198	-4.12948	
753	0.000752	-1.31294	-4.15148	
754	0.000753	-1.40913	-4.11333	
755	0.000754	-1.1853	-4.24039	
756	0.000755	-1.46607	-4.09924	
757	0.000756	-1.4597	-4.09687	
758	0.000757	-1.30552	-4.25444	
759	0.000758	-1.16845	-4.32257	
760	0.000759	-1.33684	-4.27697	
761	0.00076	-1.5447	-4.10225	
762	0.000761	-1.27847	-4.47302	
763	0.000762	-1.22016	-4.19945	
764	0.000763	-1.26839	-4.2071	
765	0.000764	-1.34206	-4.19453	
766	0.000765	-1.65114	-4.14297	
767	0.000766	-1.40943	-4.359	
768	0.000767	-1.52882	-4.23311	
769	0.000768	-1.45249	-4.31355	
770	0.000769	-1.36074	-4.45567	
771	0.00077	-1.31793	-4.33101	
772	0.000771	-1.22848	-4.39212	
773	0.000772	-1.5128	-4.21977	
774	0.000773	-1.21878	-4.46958	
775	0.000774	-1.24438	-4.40339	
776	0.000775	-1.4045	-4.3206	
777	0.000776	-1.2435	-4.42355	
778	0.000777	-1.19118	-4.46959	
779	0.000778	-1.28337	-4.3703	
780	0.000779	-1.452	-4.23775	
781	0.00078	-1.32762	-4.30319	
782	0.000781	-1.4808	-4.24105	
783	0.000782	-1.3528	-4.38115	
784	0.000783	-1.33699	-4.37962	
785	0.000784	-1.31374	-4.43575	
786	0.000785	-1.3921	-4.26732	
787	0.000786	-1.33569	-4.39441	
788	0.000787	-1.37324	-4.35528	
789	0.000788	-1.5518	-4.294	
790	0.000789	-1.34087	-4.4392	
791	0.00079	-1.36276	-4.49198	
792	0.000791	-1.22525	-4.44227	
793	0.000792	-1.47664	-4.24432	
794	0.000793	-1.27721	-4.43764	
795	0.000794	-1.21325	-4.48323	
796	0.000795	-1.39525	-4.34887	
797	0.000796	-1.09025	-4.42479	
798	0.000797	-1.48683	-4.15508	
799	0.000798	-1.47234	-4.2995	
800	0.000799	-1.49811	-4.4816	
801	0.0008	-1.4754	-4.46846	
802	0.000801	-1.6187	-4.4541	
803	0.000802	-1.3687	-4.69461	
804	0.000803	-1.43804	-4.3951	
805	0.000804	-1.4056	-4.34277	
806	0.000805	-1.18139	-4.57311	
807	0.000806	-1.1799	-4.55784	
808	0.000807	-1.20816	-4.5342	
809	0.000808	-1.14294	-4.38127	
810	0.000809	-1.43332	-4.283	
811	0.00081	-1.33177	-4.54296	
812	0.000811	-1.37656	-4.34019	
813	0.000812	-1.26519	-4.35777	
814	0.000813	-1.20462	-4.36266	
815	0.000814	-1.3745	-4.20049	
816	0.000815	-1.29036	-4.25848	
817	0.000816	-1.25837	-4.32996	
818	0.000817	-1.35522	-4.22996	
819	0.000818	-1.27742	-4.29594	
820	0.000819	-1.22685	-4.28835	
821	0.00082	-1.25544	-4.31399	
822	0.000821	-1.21978	-4.36725	
823	0.000822	-1.36061	-4.2395	
824	0.000823	-1.31469	-4.35827	
825	0.000824	-1.09708	-4.49251	
826	0.000825	-1.2763	-4.33105	
827	0.000826	-1.30193	-4.2752	
828	0.000827	-1.57158	-4.16162	
829	0.000828	-1.51657	-4.2754	
830	0.000829	-1.45683	-4.25283	
831	0.00083	-1.42738	-4.34417	
832	0.000831	-1.50724	-4.25226	
833	0.000832	-1.40974	-4.32349	
834	0.000833	-1.49314	-4.26813	
835	0.000834	-1.36004	-4.33453	
836	0.000835	-1.53405	-4.26672	
837	0.000836	-1.46208	-4.3808	
838	0.000837	-1.60866	-4.24683	
839	0.000838	-1.37826	-4.34891	
840	0.000839	-1.57386	-4.19127	
841	0.00084	-1.45542	-4.28799	
842	0.000841	-1.39729	-4.32073	
843	0.000842	-1.49345	-4.22185	
844	0.000843	-1.2979	-4.3547	
845	0.000844	-1.24891	-4.57676	
846	0.000845	-1.41126	-4.39452	
847	0.000846	-1.26436	-4.58046	
848	0.000847	-1.20726	-4.5891	
849	0.000848	-1.36	-4.45077	
850	0.000849	-1.60421	-4.35238	
851	0.00085	-1.53806	-4.3314	
852	0.000851	-1.53357	-4.37522	
853	0.000852	-1.37714	-4.33544	
854	0.000853	-1.5255	-4.17408	
855	0.000854	-1.54577	-4.31137	
856	0.000855	-1.6187	-4.02139	
857	0.000856	-1.6114	-4.08115	
858	0.000857	-1.52106	-4.2772	
859	0.000858	-1.33691	-4.30703	
860	0.000859	-1.57294	-4.12331	
861	0.00086	-1.26401	-4.28183	
862	0.000861	-1.20993	-4.33301	
863	0.000862	-1.39642	-4.25771	
864	0.000863	-1.45473	-4.13964	
865	0.000864	-1.32786	-4.22185	
866	0.000865	-1.32877	-4.22664	
867	0.000866	-1.60627	-4.01786	
868	0.000867	-1.47654	-4.17447	
869	0.000868	-1.4415	-4.10269	
870	0.000869	-1.4182	-4.16044	
871	0.00087	-1.47045	-4.01589	
872	0.000871	-1.31214	-4.21142	
873	0.000872	-1.64538	-4.2206	
874	0.000873	-1.45851	-4.40707	
875	0.000874	-1.36942	-4.46985	
876	0.000875	-1.37658	-4.39777	
877	0.000876	-1.37427	-4.44266	
878	0.000877	-1.35855	-4.4232	
879	0.000878	-1.22014	-4.4856	
880	0.000879	-1.50212	-4.28837	
881	0.00088	-1.27076	-4.48163	
882	0.000881	-1.26133	-4.43208	
883	0.000882	-1.40315	-4.22717	
884	0.000883	-1.32753	-4.25696	
885	0.000884	-1.24751	-4.30545	
886	0.000885	-1.34058	-4.21912	
887	0.000886	-1.25982	-4.24985	
888	0.000887	-1.2765	-4.13417	
889	0.000888	-1.38724	-4.09511	
890	0.000889	-1.34473	-4.15251	
891	0.00089	-1.27784	-4.16414	
892	0.000891	-1.46321	-3.97734	
893	0.000892	-1.53002	-3.95478	
894	0.000893	-1.35866	-4.11143	
895	0.000894	-1.27586	-4.0977	
896	0.000895	-1.3721	-4.04287	
897	0.000896	-1.46574	-4.05554	
898	0.000897	-1.60843	-4.02815	
899	0.000898	-1.22877	-4.19518	
900	0.000899	-1.59748	-4.1834	
901	0.0009	-1.40219	-4.31927	
902	0.000901	-1.33024	-4.22117	
903	0.000902	-1.51845	-4.05366	
904	0.000903	-1.52558	-4.09243	
905	0.000904	-1.62638	-3.99583	
906	0.000905	-1.46692	-4.1342	
907	0.000906	-1.47602	-4.12898	
908	0.000907	-1.56582	-4.06214	
909	0.000908	-1.4101	-4.04445	
910	0.000909	-1.40226	-4.19402	
911	0.00091	-1.3612	-4.22626	
912	0.000911	-1.25341	-4.30776	
913	0.000912	-1.38319	-4.23392	
914	0.000913	-1.55497	-4.13105	
915	0.000914	-1.1971	-4.28374	
916	0.000915	-1.36643	-4.12553	
917	0.000916	-1.58871	-3.89828	
918	0.000917	-1.45873	-4.13522	
919	0.000918	-1.30222	-4.22033	
920	0.000919	-1.32038	-4.2055	
921	0.00092	-1.56814	-4.08263	
922	0.000921	-1.51673	-4.02831	
923	0.000922	-1.64159	-3.7704	
924	0.000923	-1.54991	-4.2591	
925	0.000924	-1.4389	-4.41989	
926	0.000925	-1.38865	-4.43203	
927	0.000926	-1.49666	-4.2355	
928	0.000927	-1.63803	-4.37703	
929	0.000928	-1.52843	-4.48742	
930	0.000929	-1.53883	-4.41432	
931	0.00093	-1.66425	-4.32589	
932	0.000931	-1.55104	-4.47648	
933	0.000932	-1.47904	-4.52006	
934	0.000933	-1.48541	-4.42267	
935	0.000934	-1.37808	-4.56979	
936	0.000935	-1.18383	-4.59641	
937	0.000936	-1.52412	-4.37839	
938	0.000937	-1.3692	-4.52395	
939	0.000938	-1.40617	-4.39178	
940	0.000939	-1.43832	-4.33166	
941	0.00094	-1.30354	-4.24117	
942	0.000941	-1.14311	-4.36799	
943	0.000942	-1.56507	-4.01796	
944	0.000943	-1.28128	-4.2574	
945	0.000944	-1.37626	-4.1769	
946	0.000945	-1.37427	-4.19914	
947	0.000946	-1.49058	-4.09851	
948	0.000947	-1.4383	-4.17904	
949	0.000948	-1.42048	-4.10404	
950	0.000949	-1.26392	-4.25825	
951	0.00095	-1.39975	-4.13675	
952	0.000951	-1.28843	-4.08218	
953	0.000952	-1.35507	-4.08269	
954	0.000953	-1.19958	-4.23835	
955	0.000954	-1.20469	-4.2688	
956	0.000955	-1.36649	-4.15028	
957	0.000956	-1.46416	-4.10822	
958	0.000957	-1.31596	-4.21735	
959	0.000958	-1.51712	-4.03894	
960	0.000959	-1.41584	-4.20423	
961	0.00096	-1.39925	-4.22307	
962	0.000961	-1.46206	-4.16239	
963	0.000962	-1.36883	-4.23012	
964	0.000963	-1.64074	-4.10423	
965	0.000964	-1.39188	-4.30647	
966	0.000965	-1.35467	-4.24774	
967	0.000966	-1.71488	-4.14789	
968	0.000967	-1.69875	-4.3257	
969	0.000968	-1.48367	-4.56277	
970	0.000969	-1.58853	-4.38291	
971	0.00097	-1.38813	-4.53711	
972	0.000971	-1.57698	-4.48849	
973	0.000972	-1.63724	-4.79187	
974	0.000973	-1.81606	-4.59311	
975	0.000974	-1.32794	-4.92834	
976	0.000975	-1.4737	-4.75203	
977	0.000976	-1.35246	-4.82257	
978	0.000977	-1.39596	-4.74917	
979	0.000978	-1.56104	-4.70767	
980	0.000979	-1.34219	-4.85035	
981	0.00098	-1.38786	-4.64808	
982	0.000981	-1.45492	-4.64346	
983	0.000982	-1.54198	-4.49568	
984	0.000983	-1.66803	-4.40217	
985	0.000984	-1.60819	-4.55418	
986	0.000985	-1.60173	-4.49564	
987	0.000986	-1.54451	-4.46276	
988	0.000987	-1.58773	-4.34288	
989	0.000988	-1.62871	-4.32557	
990	0.000989	-1.40405	-4.58074	
991	0.00099	-1.57886	-4.35136	
992	0.000991	-1.50498	-4.39531	
993	0.000992	-1.44283	-4.53985	
994	0.000993	-1.56014	-4.50049	
995	0.000994	-1.3409	-4.57236	
996	0.000995	-1.28077	-4.83254	
997	0.000996	-1.6339	-4.53348	
998	0.000997	-1.59437	-4.52644	
999	0.000998	-1.52865	-4.56737	
1000	0.000999	-1.39823	-4.78053	
1001	0.001	-1.30853	-4.70944	
1002	0.001001	-1.47314	-4.63343	
1003	0.001002	-1.47102	-4.67981	
1004	0.001003	-1.62685	-4.52881	
1005	0.001004	-1.54489	-4.63843	
1006	0.001005	-1.50377	-4.6176	
1007	0.001006	-1.78335	-4.50889	
1008	0.001007	-1.47368	-4.88816	
1009	0.001008	-1.80496	-4.6756	
1010	0.001009	-1.64669	-4.77463	
1011	0.00101	-1.47342	-4.9128	
1012	0.001011	-1.84133	-4.66299	
1013	0.001012	-1.7491	-4.78813	
1014	0.001013	-1.61598	-4.86505	
1015	0.001014	-1.68243	-4.74162	
1016	0.001015	-1.90001	-4.53499	
1017	0.001016	-1.67615	-4.75867	
1018	0.001017	-1.57659	-4.9089	
1019	0.001018	-1.79347	-4.71473	
1020	0.001019	-1.65653	-4.86354	
1021	0.00102	-1.86627	-4.78858	
1022	0.001021	-1.71005	-4.81733	
1023	0.001022	-1.68258	-4.82684	
1024	0.001023	-1.62318	-4.86002	
1025	0.001024	-1.63238	-4.99172	
1026	0.001025	-1.64777	-5.10086	
1027	0.001026	-1.80044	-4.82151	
1028	0.001027	-1.72475	-5.01226	
1029	0.001028	-1.62324	-5.01007	
1030	0.001029	-1.74057	-4.81437	
1031	0.00103	-1.53123	-4.92786	
1032	0.001031	-1.61731	-4.89872	
1033	0.001032	-1.86658	-4.6628	
1034	0.001033	-1.54626	-4.94631	
1035	0.001034	-1.46188	-4.94497	
1036	0.001035	-1.52906	-4.90202	
1037	0.001036	-1.59404	-4.8814	
1038	0.001037	-1.73379	-4.88962	
1039	0.001038	-1.75082	-4.868	
1040	0.001039	-1.71711	-5.03616	
1041	0.00104	-1.72216	-5.13627	
1042	0.001041	-1.64839	-5.13437	
1043	0.001042	-1.62446	-5.17449	
1044	0.001043	-1.63764	-5.15455	
1045	0.001044	-1.52077	-5.19862	
1046	0.001045	-1.76484	-5.02954	
1047	0.001046	-1.55188	-5.24671	
1048	0.001047	-1.57528	-5.22051	
1049	0.001048	-1.57937	-5.14386	
1050	0.001049	-1.68065	-4.9611	
1051	0.00105	-1.69512	-4.9322	
1052	0.001051	-2.16154	-4.71136	
1053	0.001052	-1.7646	-4.98848	
1054	0.001053	-1.58501	-5.00348	
1055	0.001054	-1.62574	-4.994	
1056	0.001055	-1.49629	-5.23935	
1057	0.001056	-1.82167	-4.96648	
1058	0.001057	-1.53218	-5.22677	
1059	0.001058	-1.53398	-5.19134	
1060	0.001059	-1.39239	-5.18754	
1061	0.00106	-1.6018	-5.08624	
1062	0.001061	-1.62887	-5.12702	
1063	0.001062	-1.60237	-5.0871	
1064	0.001063	-1.65773	-5.07348	
1065	0.001064	-1.59754	-5.20176	
1066	0.001065	-1.58745	-5.0595	
1067	0.001066	-1.66214	-5.04427	
1068	0.001067	-1.54846	-5.04161	
1069	0.001068	-1.77757	-4.9051	
1070	0.001069	-1.64297	-4.94428	
1071	0.00107	-1.83786	-4.93334	
1072	0.001071	-1.52889	-5.19851	
1073	0.001072	-1.78267	-4.93574	
1074	0.001073	-1.87406	-4.92711	
1075	0.001074	-1.70767	-5.09448	
1076	0.001075	-1.83728	-4.94734	
1077	0.001076	-1.97692	-4.83424	
1078	0.001077	-1.81325	-4.95383	
1079	0.001078	-1.75047	-4.9486	
1080	0.001079	-1.853	-4.94317	
1081	0.00108	-1.88407	-5.0325	
1082	0.001081	-1.88728	-4.9348	
1083	0.001082	-1.62453	-5.20309	
1084	0.001083	-1.72903	-5.09441	
1085	0.001084	-1.95763	-4.95432	
1086	0.001085	-1.75379	-5.03425	
1087	0.001086	-1.88482	-5.15088	
1088	0.001087	-1.61705	-5.30292	
1089	0.001088	-1.74299	-5.12526	
1090	0.001089	-1.79925	-5.04534	
1091	0.00109	-1.7887	-5.02503	
1092	0.001091	-1.82494	-5.10724	
1093	0.001092	-1.71424	-5.1483	
1094	0.001093	-1.68392	-5.29222	
1095	0.001094	-1.8323	-5.09346	
1096	0.001095	-1.62977	-5.24838	
1097	0.001096	-1.91282	-5.06324	
1098	0.001097	-1.78919	-5.22428	
1099	0.001098	-1.90345	-5.10643	
1100	0.001099	-1.58535	-5.24972	
1101	0.0011	-1.9633	-5.02288	
1102	0.001101	-1.83451	-4.86149	
1103	0.001102	-1.93712	-5.03451	
1104	0.001103	-1.82128	-5.01747	
1105	0.001104	-2.03339	-4.94768	
1106	0.001105	-1.93623	-5.02828	
1107	0.001106	-2.06604	-4.98765	
1108	0.001107	-1.94057	-5.01038	
1109	0.001108	-1.89316	-5.09163	
1110	0.001109	-1.77099	-5.18799	
1111	0.00111	-1.96417	-5.02904	
1112	0.001111	-1.90595	-5.02654	
1113	0.001112	-2.01321	-5.01378	
1114	0.001113	-1.8107	-5.17133	
1115	0.001114	-1.75803	-5.29557	
1116	0.001115	-1.99724	-5.11157	
1117	0.001116	-1.84157	-5.11133	
1118	0.001117	-1.917	-5.00802	
1119	0.001118	-1.78325	-5.0647	
1120	0.001119	-1.75036	-4.96419	
1121	0.00112	-1.73313	-5.18883	
1122	0.001121	-1.66268	-5.28035	
1123	0.001122	-1.89038	-5.09792	
1124	0.001123	-2.12297	-5.02973	
1125	0.001124	-2.0229	-5.18633	
1126	0.001125	-1.71041	-5.29093	
1127	0.001126	-1.71087	-5.20849	
1128	0.001127	-1.6947	-5.09221	
1129	0.001128	-1.81083	-5.08638	
1130	0.001129	-1.78427	-5.10198	
1131	0.00113	-1.90542	-5.03359	
1132	0.001131	-1.88175	-4.98945	
1133	0.001132	-1.821	-5.04192	
1134	0.001133	-1.67635	-5.06461	
1135	0.001134	-1.62661	-5.16956	
1136	0.001135	-1.73434	-5.01125	
1137	0.001136	-1.82037	-4.95974	
1138	0.001137	-1.83704	-4.96492	
1139	0.001138	-2.0481	-4.64691	
1140	0.001139	-1.80346	-4.87116	
1141	0.00114	-2.03511	-4.71214	
1142	0.001141	-1.95233	-5.0039	
1143	0.001142	-2.14151	-4.84953	
1144	0.001143	-1.72411	-5.11123	
1145	0.001144	-2.02728	-4.79255	
1146	0.001145	-1.98943	-4.85091	
1147	0.001146	-1.9566	-4.8489	
1148	0.001147	-1.85582	-4.91396	
1149	0.001148	-1.92598	-4.81847	
1150	0.001149	-1.66299	-4.97238	
1151	0.00115	-1.89188	-4.80315	
1152	0.001151	-1.65585	-4.95615	
1153	0.001152	-1.87416	-4.84052	
1154	0.001153	-1.82365	-4.80539	
1155	0.001154	-1.92229	-4.61743	
1156	0.001155	-2.01201	-4.54112	
1157	0.001156	-1.80684	-4.73281	
1158	0.001157	-1.74171	-4.74606	
1159	0.001158	-1.67934	-4.75644	
1160	0.001159	-2.34967	-4.34875	
1161	0.00116	-1.86014	-4.77561	
1162	0.001161	-1.79584	-4.78236	
1163	0.001162	-1.88958	-4.68659	
1164	0.001163	-1.80126	-4.73511	
1165	0.001164	-1.91526	-4.60702	
1166	0.001165	-1.9322	-4.59872	
1167	0.001166	-2.04681	-4.56458	
1168	0.001167	-1.91196	-4.71176	
1169	0.001168	-1.76248	-4.69506	
1170	0.001169	-1.72316	-4.71483	
1171	0.00117	-1.69468	-4.68643	
1172	0.001171	-1.83258	-4.50064	
1173	0.001172	-2.15243	-4.28149	
1174	0.001173	-1.86525	-4.62921	
1175	0.001174	-2.01591	-4.45015	
1176	0.001175	-2.07794	-4.69737	
1177	0.001176	-1.82558	-4.73115	
1178	0.001177	-2.0009	-4.55278	
1179	0.001178	-2.01118	-4.5057	
1180	0.001179	-1.84659	-4.63011	
1181	0.00118	-1.79274	-4.6806	
1182	0.001181	-1.68631	-4.73208	
1183	0.001182	-2.07247	-4.36853	
1184	0.001183	-1.92184	-4.62367	
1185	0.001184	-1.84818	-4.46253	
1186	0.001185	-1.97803	-4.42433	
1187	0.001186	-1.8933	-4.50319	
1188	0.001187	-1.81879	-4.53818	
1189	0.001188	-1.70241	-4.62192	
1190	0.001189	-1.6034	-4.62101	
1191	0.00119	-1.89255	-4.2975	
1192	0.001191	-1.71984	-4.41443	
1193	0.001192	-1.66909	-4.42329	
1194	0.001193	-1.92905	-4.22119	
1195	0.001194	-1.88974	-4.28119	
1196	0.001195	-1.84074	-4.33123	
1197	0.001196	-2.0187	-4.17342	
1198	0.001197	-1.80921	-4.29817	
1199	0.001198	-1.93094	-4.26787	
1200	0.001199	-1.90486	-4.2461	
1201	0.0012	-1.68106	-4.39306	
1202	0.001201	-1.77122	-4.22052	
1203	0.001202	-1.83495	-4.15755	
1204	0.001203	-1.76487	-4.26152	
1205	0.001204	-2.08197	-4.00458	
1206	0.001205	-1.71488	-4.3446	
1207	0.001206	-1.85732	-4.15024	
1208	0.001207	-1.96095	-4.13829	
1209	0.001208	-2.23304	-3.9786	
1210	0.001209	-1.69362	-4.35615	
1211	0.00121	-2.00984	-4.09816	
1212	0.001211	-1.97036	-4.1838	
1213	0.001212	-1.75101	-4.34992	
1214	0.001213	-1.73966	-4.39067	
1215	0.001214	-1.68834	-4.38149	
1216	0.001215	-1.48134	-4.44534	
1217	0.001216	-1.68192	-4.19154	
1218	0.001217	-1.81864	-4.0055	
1219	0.001218	-1.81315	-4.17332	
1220	0.001219	-1.70477	-4.22516	
1221	0.00122	-1.7333	-4.2158	
1222	0.001221	-2.00306	-3.86111	
1223	0.001222	-1.74742	-4.09405	
1224	0.001223	-1.89965	-3.99267	
1225	0.001224	-1.62926	-4.12194	
1226	0.001225	-1.73951	-3.947	
1227	0.001226	-1.60855	-3.90021	
1228	0.001227	-1.81834	-3.74846	
1229	0.001228	-1.74179	-3.91569	
1230	0.001229	-2.2195	-3.40868	
1231	0.00123	-1.78463	-3.85875	
1232	0.001231	-1.68259	-3.85164	
1233	0.001232	-1.75599	-3.7047	
1234	0.001233	-1.84363	-3.62531	
1235	0.001234	-1.86957	-3.51399	
1236	0.001235	-1.74676	-3.86534	
1237	0.001236	-1.81647	-3.83789	
1238	0.001237	-1.88294	-3.75641	
1239	0.001238	-1.73986	-4.02497	
1240	0.001239	-1.77765	-3.98833	
1241	0.00124	-1.76406	-4.0037	
1242	0.001241	-1.9004	-3.83184	
1243	0.001242	-1.7616	-3.96049	
1244	0.001243	-1.86923	-3.86416	
1245	0.001244	-1.75766	-3.94119	
1246	0.001245	-1.99798	-3.69359	
1247	0.001246	-1.70899	-3.92922	
1248	0.001247	-1.82552	-3.87158	
1249	0.001248	-1.5959	-3.99642	
1250	0.001249	-1.50317	-4.03216	
1251	0.00125	-1.62335	-3.90944	
1252	0.001251	-1.46772	-3.96989	
1253	0.001252	-1.68996	-3.80556	
1254	0.001253	-1.5798	-3.93159	
1255	0.001254	-1.71309	-3.77277	
1256	0.001255	-1.82876	-3.82704	
1257	0.001256	-1.71801	-3.93685	
1258	0.001257	-1.62648	-4.14983	
1259	0.001258	-1.79678	-3.93666	
1260	0.001259	-1.93279	-3.83266	
1261	0.00126	-1.69129	-3.90378	
1262	0.001261	-1.94908	-3.59833	
1263	0.001262	-1.81858	-3.79264	
1264	0.001263	-1.74155	-3.79808	
1265	0.001264	-1.66004	-3.72197	
1266	0.001265	-1.8794	-3.59584	
1267	0.001266	-2.0291	-3.87659	
1268	0.001267	-2.08731	-3.8567	
1269	0.001268	-1.66522	-4.09706	
1270	0.001269	-1.84384	-3.90735	
1271	0.00127	-1.57748	-4.0633	
1272	0.001271	-1.65597	-4.05145	
1273	0.001272	-1.97298	-3.66278	
1274	0.001273	-1.97544	-3.7006	
1275	0.001274	-1.70419	-3.89463	
1276	0.001275	-1.69574	-3.75955	
1277	0.001276	-1.72733	-3.76021	
1278	0.001277	-1.63795	-3.85261	
1279	0.001278	-1.81604	-3.56688	
1280	0.001279	-2.09477	-3.334	
1281	0.00128	-1.83301	-3.61695	
1282	0.001281	-1.63068	-3.89275	
1283	0.001282	-1.96046	-3.6444	
1284	0.001283	-1.81888	-3.75772	
1285	0.001284	-2.09414	-3.49772	
1286	0.001285	-1.90988	-3.77477	
1287	0.001286	-1.68847	-3.88307	
1288	0.001287	-1.74677	-3.82776	
1289	0.001288	-1.77593	-3.7962	
1290	0.001289	-1.66892	-3.71905	
1291	0.00129	-1.98436	-3.49517	
1292	0.001291	-1.76996	-3.61691	
1293	0.001292	-1.64242	-3.78883	
1294	0.001293	-1.93096	-3.61503	
1295	0.001294	-1.66503	-3.81115	
1296	0.001295	-1.84551	-3.54312	
1297	0.001296	-1.69416	-3.69281	
1298	0.001297	-1.9192	-3.71005	
1299	0.001298	-1.91567	-3.80007	
1300	0.001299	-1.79804	-3.83795	
1301	0.0013	-1.9772	-3.78004	
1302	0.001301	-1.93817	-3.83518	
1303	0.001302	-1.66557	-4.01574	
1304	0.001303	-1.77445	-3.87565	
1305	0.001304	-1.8355	-3.72111	
1306	0.001305	-1.80625	-3.73934	
1307	0.001306	-1.9956	-3.60225	
1308	0.001307	-1.93952	-3.58611	
1309	0.001308	-1.94824	-3.76667	
1310	0.001309	-1.8357	-4.10613	
1311	0.00131	-1.97044	-4.19079	
1312	0.001311	-1.75872	-4.25519	
1313	0.001312	-1.96702	-3.9118	
1314	0.001313	-1.94254	-3.84472	
1315	0.001314	-1.71117	-3.97523	
1316	0.001315	-1.6856	-3.85882	
1317	0.001316	-1.98529	-3.60664	
1318	0.001317	-1.79013	-3.62839	
1319	0.001318	-1.92246	-3.66283	
1320	0.001319	-1.94605	-3.49113	
1321	0.00132	-2.09708	-3.64792	
1322	0.001321	-1.90384	-3.79138	
1323	0.001322	-1.95285	-3.59168	
1324	0.001323	-2.00296	-3.64833	
1325	0.001324	-1.9305	-3.64253	
1326	0.001325	-1.7688	-3.82868	
1327	0.001326	-1.51566	-3.92642	
1328	0.001327	-1.72414	-3.71699	
1329	0.001328	-1.60491	-3.69391	
1330	0.001329	-1.65903	-3.47251	
1331	0.00133	-1.57826	-3.54902	
1332	0.001331	-1.54013	-3.61661	
1333	0.001332	-1.658	-3.55432	
1334	0.001333	-1.57691	-3.65359	
1335	0.001334	-1.48818	-3.68695	
1336	0.001335	-1.52853	-3.61004	
1337	0.001336	-1.64202	-3.4713	
1338	0.001337	-1.87162	-3.41422	
1339	0.001338	-2.14071	-3.2045	
1340	0.001339	-2.20841	-3.37225	
1341	0.00134	-1.71503	-3.66577	
1342	0.001341	-2.32437	-3.18968	
1343	0.001342	-1.85586	-3.53027	
1344	0.001343	-2.01687	-3.28039	
1345	0.001344	-1.88286	-3.49795	
1346	0.001345	-1.83332	-3.45662	
1347	0.001346	-2.04835	-3.26022	
1348	0.001347	-1.92	-3.42203	
1349	0.001348	-1.61817	-3.59072	
1350	0.001349	-1.6993	-3.48016	
1351	0.00135	-1.64382	-3.56686	
1352	0.001351	-1.95247	-3.19115	
1353	0.001352	-2.02272	-3.31675	
1354	0.001353	-1.65333	-3.59367	
1355	0.001354	-1.86618	-3.4349	
1356	0.001355	-1.91916	-3.33343	
1357	0.001356	-2.08239	-3.28582	
1358	0.001357	-2.29703	-3.17072	
1359	0.001358	-2.10569	-3.37816	
1360	0.001359	-2.21448	-3.10719	
1361	0.00136	-2.00648	-3.39765	
1362	0.001361	-2.07337	-3.2974	
1363	0.001362	-2.18348	-3.14982	
1364	0.001363	-2.14996	-3.11455	
1365	0.001364	-1.84949	-3.32192	
1366	0.001365	-2.11794	-2.97318	
1367	0.001366	-1.93338	-3.14533	
1368	0.001367	-2.11128	-2.94499	
1369	0.001368	-1.84618	-3.19662	
1370	0.001369	-1.9049	-3.20738	
1371	0.00137	-2.11193	-3.33359	
1372	0.001371	-2.0495	-3.34917	
1373	0.001372	-2.01977	-3.25787	
1374	0.001373	-1.88488	-3.25013	
1375	0.001374	-2.15063	-2.94858	
1376	0.001375	-1.73889	-3.31117	
1377	0.001376	-1.75407	-3.15188	
1378	0.001377	-2.26357	-2.6856	
1379	0.001378	-1.8059	-3.16909	
1380	0.001379	-1.92602	-3.06007	
1381	0.00138	-1.77393	-3.05743	
1382	0.001381	-1.96175	-2.95498	
1383	0.001382	-2.13061	-3.16811	
1384	0.001383	-1.94302	-3.48841	
1385	0.001384	-2.18836	-3.33585	
1386	0.001385	-1.96939	-3.31206	
1387	0.001386	-1.87096	-3.32215	
1388	0.001387	-2.47966	-2.73997	
1389	0.001388	-2.03991	-3.00801	
1390	0.001389	-1.86957	-3.21692	
1391	0.00139	-2.01116	-3.1189	
1392	0.001391	-1.9411	-3.19777	
1393	0.001392	-1.83692	-3.38724	
1394	0.001393	-1.73851	-3.43113	
1395	0.001394	-1.87498	-3.24888	
1396	0.001395	-1.99438	-3.06169	
1397	0.001396	-1.77093	-3.2654	
1398	0.001397	-1.68757	-3.26637	
1399	0.001398	-1.75323	-3.11459	
1400	0.001399	-2.01177	-2.94513	
1401	0.0014	-2.12549	-2.94765	
1402	0.001401	-1.98353	-3.08257	
1403	0.001402	-1.7443	-3.22397	
1404	0.001403	-1.98174	-3.06222	
1405	0.001404	-1.75055	-3.24854	
1406	0.001405	-1.90249	-3.09726	
1407	0.001406	-2.21779	-2.91929	
1408	0.001407	-2.1145	-2.89479	
1409	0.001408	-2.05021	-2.9844	
1410	0.001409	-1.88557	-3.09487	
1411	0.00141	-2.19575	-2.70565	
1412	0.001411	-1.95895	-3.07874	
1413	0.001412	-2.01262	-2.95856	
1414	0.001413	-2.0665	-2.98844	
1415	0.001414	-1.63474	-3.26508	
1416	0.001415	-1.92643	-2.98315	
1417	0.001416	-1.84963	-3.10764	
1418	0.001417	-1.70154	-3.13245	
1419	0.001418	-1.5505	-3.20811	
1420	0.001419	-2.06278	-2.78686	
1421	0.00142	-2.0552	-2.87708	
1422	0.001421	-2.118	-2.83556	
1423	0.001422	-2.26607	-2.75727	
1424	0.001423	-1.98326	-2.99272	
1425	0.001424	-2.03843	-2.86423	
1426	0.001425	-1.66473	-3.11015	
1427	0.001426	-1.99826	-2.76365	
1428	0.001427	-2.29945	-2.45272	
1429	0.001428	-1.8566	-2.79198	
1430	0.001429	-2.04304	-2.73306	
1431	0.00143	-2.17967	-2.74815	
1432	0.001431	-1.87824	-2.90994	
1433	0.001432	-1.83749	-2.89579	
1434	0.001433	-2.0862	-2.74204	
1435	0.001434	-1.65294	-3.18279	
1436	0.001435	-1.58233	-3.14096	
1437	0.001436	-1.96165	-2.72939	
1438	0.001437	-1.76604	-3.01309	
1439	0.001438	-1.79788	-2.86175	
1440	0.001439	-1.65197	-2.94751	
1441	0.00144	-1.82573	-2.64669	
1442	0.001441	-1.76047	-2.68409	
1443	0.001442	-1.54011	-2.69246	
1444	0.001443	-1.68946	-2.77826	
1445	0.001444	-1.68779	-2.75076	
1446	0.001445	-1.77633	-2.57258	
1447	0.001446	-1.93561	-2.43984	
1448	0.001447	-1.64431	-2.69573	
1449	0.001448	-1.97287	-2.44674	
1450	0.001449	-1.92206	-2.41696	
1451	0.00145	-1.59803	-2.54426	
1452	0.001451	-1.67981	-2.44043	
1453	0.001452	-1.61706	-2.47936	
1454	0.001453	-1.59434	-2.49669	
1455	0.001454	-1.74015	-2.23691	
1456	0.001455	-1.71404	-2.23531	
1457	0.001456	-1.51988	-2.41772	
1458	0.001457	-1.72389	-2.30291	
1459	0.001458	-1.4905	-2.51892	
1460	0.001459	-1.96463	-1.92149	
1461	0.00146	-1.94796	-2.09122	
1462	0.001461	-1.84365	-2.26723	
1463	0.001462	-1.77448	-2.29161	
1464	0.001463	-1.74104	-2.39117	
1465	0.001464	-1.81542	-2.40083	
1466	0.001465	-1.58193	-2.60637	
1467	0.001466	-1.5719	-2.62636	
1468	0.001467	-1.88361	-2.38249	
1469	0.001468	-1.9326	-2.31856	
1470	0.001469	-1.53999	-2.67434	
1471	0.00147	-1.49803	-2.70148	
1472	0.001471	-1.64263	-2.36746	
1473	0.001472	-1.75205	-2.24465	
1474	0.001473	-1.57138	-2.34218	
1475	0.001474	-1.77028	-2.10393	
1476	0.001475	-1.81661	-2.13297	
1477	0.001476	-1.63061	-2.38923	
1478	0.001477	-1.80846	-2.29919	
1479	0.001478	-1.66943	-2.54552	
1480	0.001479	-1.66974	-2.57187	
1481	0.00148	-1.79264	-2.49369	
1482	0.001481	-1.34239	-2.8619	
1483	0.001482	-1.39325	-2.61927	
1484	0.001483	-1.42845	-2.67054	
1485	0.001484	-1.26281	-2.59921	
1486	0.001485	-1.35813	-2.45176	
1487	0.001486	-1.34285	-2.37727	
1488	0.001487	-1.33581	-2.46864	
1489	0.001488	-1.4404	-2.32953	
1490	0.001489	-1.39757	-2.42112	
1491	0.00149	-1.56957	-2.19721	
1492	0.001491	-1.91843	-2.08321	
1493	0.001492	-1.72112	-2.12633	
1494	0.001493	-1.71112	-2.12564	
1495	0.001494	-1.54166	-2.30959	
1496	0.001495	-1.68881	-2.15516	
1497	0.001496	-1.63554	-2.1792	
1498	0.001497	-1.82483	-2.03669	
1499	0.001498	-1.68015	-2.0277	
1500	0.001499	-1.85218	-2.18497	
1501	0.0015	-1.50594	-2.41619	
1502	0.001501	-1.53991	-2.29887	
1503	0.001502	-1.63311	-2.15067	
1504	0.001503	-1.4432	-2.30447	
1505	0.001504	-1.48881	-2.14152	
1506	0.001505	-1.58428	-2.15559	
1507	0.001506	-1.5214	-2.18816	
1508	0.001507	-1.65946	-1.97381	
1509	0.001508	-1.17871	-2.25937	
1510	0.001509	-1.59398	-1.96319	
1511	0.00151	-1.94609	-1.70434	
1512	0.001511	-1.73774	-1.94708	
1513	0.001512	-1.51489	-2.19266	
1514	0.001513	-1.69639	-1.94813	
1515	0.001514	-1.53051	-2.05332	
1516	0.001515	-1.57638	-2.05264	
1517	0.001516	-1.46458	-2.07516	
1518	0.001517	-1.2964	-2.28374	
1519	0.001518	-1.52987	-2.2246	
1520	0.001519	-1.7479	-1.83361	
1521	0.00152	-1.68043	-1.88287	
1522	0.001521	-1.86978	-2.02596	
1523	0.001522	-1.88343	-2.03689	
1524	0.001523	-1.86729	-2.02837	
1525	0.001524	-1.62563	-2.14521	
1526	0.001525	-1.29542	-2.35484	
1527	0.001526	-1.58067	-2.11307	
1528	0.001527	-1.52232	-2.18987	
1529	0.001528	-1.43245	-2.3592	
1530	0.001529	-1.36061	-2.18556	
1531	0.00153	-1.51056	-1.96041	
1532	0.001531	-1.69915	-1.79201	
1533	0.001532	-1.68125	-1.77438	
1534	0.001533	-1.66302	-1.80838	
1535	0.001534	-1.32367	-2.04781	
1536	0.001535	-1.55374	-1.79998	
1537	0.001536	-1.73452	-1.52261	
1538	0.001537	-1.38499	-1.83506	
1539	0.001538	-1.52898	-1.66836	
1540	0.001539	-1.54049	-1.71204	
1541	0.00154	-2.22328	-1.14874	
1542	0.001541	-1.56535	-1.71027	
1543	0.001542	-1.51823	-1.73756	
1544	0.001543	-1.55035	-1.59194	
1545	0.001544	-1.83301	-1.34807	
1546	0.001545	-1.619	-1.74905	
1547	0.001546	-1.72878	-1.72515	
1548	0.001547	-1.37021	-1.89105	
1549	0.001548	-1.67269	-1.57262	
1550	0.001549	-1.51874	-1.65952	
1551	0.00155	-1.83829	-1.4674	
1552	0.001551	-1.61183	-1.64394	
1553	0.001552	-1.60743	-1.68262	
1554	0.001553	-1.39286	-1.81511	
1555	0.001554	-1.67174	-1.52095	
1556	0.001555	-1.48801	-1.61747	
1557	0.001556	-1.97451	-1.24831	
1558	0.001557	-1.35399	-1.8114	
1559	0.001558	-1.36738	-1.73353	
1560	0.001559	-1.74324	-1.43024	
1561	0.00156	-1.87916	-1.37597	
1562	0.001561	-1.65337	-1.44163	
1563	0.001562	-1.65696	-1.49245	
1564	0.001563	-1.32875	-1.80058	
1565	0.001564	-1.29903	-1.85061	
1566	0.001565	-1.46866	-1.6994	
1567	0.001566	-1.62053	-1.44966	
1568	0.001567	-1.64149	-1.37652	
1569	0.001568	-1.4025	-1.66999	
1570	0.001569	-1.5978	-1.47548	
1571	0.00157	-1.55834	-1.4901	
1572	0.001571	-1.55405	-1.61973	
1573	0.001572	-1.6236	-1.66476	
1574	0.001573	-1.37596	-1.86916	
1575	0.001574	-1.50095	-1.635	
1576	0.001575	-1.6216	-1.58917	
1577	0.001576	-2.03756	-1.34009	
1578	0.001577	-1.40276	-1.84381	
1579	0.001578	-1.50125	-1.68814	
1580	0.001579	-1.33126	-1.79827	
1581	0.00158	-1.49576	-1.54373	
1582	0.001581	-1.34534	-1.62305	
1583	0.001582	-1.64384	-1.35741	
1584	0.001583	-1.72771	-1.29056	
1585	0.001584	-1.35971	-1.56609	
1586	0.001585	-1.70861	-1.16385	
1587	0.001586	-1.54565	-1.30255	
1588	0.001587	-1.38651	-1.43151	
1589	0.001588	-1.60105	-1.32478	
1590	0.001589	-1.33073	-1.44294	
1591	0.00159	-1.57317	-1.13435	
1592	0.001591	-1.29556	-1.35925	
1593	0.001592	-1.16599	-1.33121	
1594	0.001593	-1.37978	-1.13837	
1595	0.001594	-1.62074	-0.979795	
1596	0.001595	-1.62882	-0.921563	
1597	0.001596	-1.16002	-1.32358	
1598	0.001597	-1.58651	-0.95617	
1599	0.001598	-1.28587	-1.26731	
1600	0.001599	-1.11719	-1.37697	
1601	0.0016	-1.26152	-1.20922	
1602	0.001601	-1.41636	-1.05737	
1603	0.001602	-1.29245	-1.2397	
1604	0.001603	-0.932076	-1.41094	
1605	0.001604	-1.38106	-1.59318	
1606	0.001605	-1.2298	-1.64108	
1607	0.001606	-1.34819	-1.44851	
1608	0.001607	-1.39145	-1.4081	
1609	0.001608	-1.34509	-1.43496	
1610	0.001609	-1.52823	-1.12165	
1611	0.00161	-1.64707	-1.05041	
1612	0.001611	-1.36103	-1.22932	
1613	0.001612	-1.1708	-1.33303	
1614	0.001613	-1.50724	-1.03477	
1615	0.001614	-1.30937	-1.28375	
1616	0.001615	-1.06149	-1.40625	
1617	0.001616	-1.12336	-1.32077	
1618	0.001617	-1.53835	-0.994687	
1619	0.001618	-1.50083	-1.1513	
1620	0.001619	-1.52157	-1.17152	
1621	0.00162	-1.26321	-1.35807	
1622	0.001621	-1.21354	-1.31263	
1623	0.001622	-1.38822	-1.16663	
1624	0.001623	-1.8194	-0.889025	
1625	0.001624	-1.54195	-1.01524	
1626	0.001625	-1.7828	-0.948084	
1627	0.001626	-1.27214	-1.28253	
1628	0.001627	-1.14915	-1.35512	
1629	0.001628	-1.67693	-0.892221	
1630	0.001629	-1.59527	-1.01069	
1631	0.00163	-1.40721	-1.24193	
1632	0.001631	-1.32317	-1.28539	
1633	0.001632	-1.3269	-1.34195	
1634	0.001633	-1.27362	-1.25706	
1635	0.001634	-1.08333	-1.41283	
1636	0.001635	-1.12914	-1.42201	
1637	0.001636	-1.00497	-1.43132	
1638	0.001637	-1.01023	-1.35087	
1639	0.001638	-1.05502	-1.32293	
1640	0.001639	-1.48163	-1.12065	
1641	0.00164	-1.0269	-1.46155	
1642	0.001641	-0.935391	-1.42767	
1643	0.001642	-1.30291	-1.0755	
1644	0.001643	-1.27253	-1.13863	
1645	0.001644	-1.2194	-1.13911	
1646	0.001645	-1.44631	-0.923464	
1647	0.001646	-1.32996	-1.18921	
1648	0.001647	-1.37476	-1.08261	
1649	0.001648	-1.52382	-1.15742	
1650	0.001649	-1.1558	-1.47399	
1651	0.00165	-1.53853	-1.11763	
1652	0.001651	-1.56249	-1.07244	
1653	0.001652	-1.44256	-1.23505	
1654	0.001653	-1.49031	-1.16741	
1655	0.001654	-1.48363	-1.12652	
1656	0.001655	-1.41555	-1.2016	
1657	0.001656	-1.30938	-1.35284	
1658	0.001657	-1.44132	-1.24003	
1659	0.001658	-1.48493	-1.20789	
1660	0.001659	-1.40414	-1.28743	
1661	0.00166	-1.4839	-1.30149	
1662	0.001661	-1.26308	-1.49409	
1663	0.001662	-1.45213	-1.29174	
1664	0.001663	-1.51671	-1.16172	
1665	0.001664	-1.31528	-1.38398	
1666	0.001665	-1.3217	-1.31845	
1667	0.001666	-1.36874	-1.25085	
1668	0.001667	-1.32376	-1.27867	
1669	0.001668	-1.3041	-1.30558	
1670	0.001669	-1.72079	-0.980393	
1671	0.00167	-1.21486	-1.42393	
1672	0.001671	-1.50449	-1.17652	
1673	0.001672	-1.67269	-0.854119	
1674	0.001673	-1.25964	-1.34266	
1675	0.001674	-1.30283	-1.33579	
1676	0.001675	-1.16536	-1.4016	
1677	0.001676	-1.33201	-1.2914	
1678	0.001677	-1.34059	-1.24811	
1679	0.001678	-1.34089	-1.25611	
1680	0.001679	-1.48162	-1.09432	
1681	0.00168	-1.47499	-0.955813	
1682	0.001681	-1.25942	-1.22204	
1683	0.001682	-1.37822	-1.1548	
1684	0.001683	-1.30893	-1.33515	
1685	0.001684	-1.56585	-1.09755	
1686	0.001685	-1.35976	-1.29201	
1687	0.001686	-1.2736	-1.29801	
1688	0.001687	-1.54776	-1.06279	
1689	0.001688	-1.59532	-1.08029	
1690	0.001689	-1.48758	-1.13903	
1691	0.00169	-1.49137	-1.10479	
1692	0.001691	-1.58331	-1.08219	
1693	0.001692	-1.42627	-1.10162	
1694	0.001693	-1.47242	-1.2468	
1695	0.001694	-1.609	-1.21012	
1696	0.001695	-1.29761	-1.38927	
1697	0.001696	-1.26529	-1.40821	
1698	0.001697	-1.4106	-1.40624	
1699	0.001698	-1.58679	-1.19134	
1700	0.001699	-1.26688	-1.38565	
1701	0.0017	-1.42703	-1.14302	
1702	0.001701	-1.2169	-1.3139	
1703	0.001702	-1.27523	-1.23456	
1704	0.001703	-1.2381	-1.38479	
1705	0.001704	-1.31375	-1.31709	
1706	0.001705	-1.48717	-1.09664	
1707	0.001706	-1.39864	-1.1249	
1708	0.001707	-1.83965	-0.651418	
1709	0.001708	-1.80654	-0.745468	
1710	0.001709	-1.50218	-0.907745	
1711	0.00171	-1.69459	-0.855566	
1712	0.001711	-1.69524	-0.85223	
1713	0.001712	-1.39615	-1.11657	
1714	0.001713	-1.36559	-1.15187	
1715	0.001714	-1.48019	-0.9654	
1716	0.001715	-1.21272	-1.28412	
1717	0.001716	-1.54327	-1.04634	
1718	0.001717	-1.62958	-1.01245	
1719	0.001718	-1.20602	-1.38315	
1720	0.001719	-1.37589	-1.0926	
1721	0.00172	-1.17149	-1.24293	
1722	0.001721	-1.6678	-0.845453	
1723	0.001722	-1.57664	-0.949403	
1724	0.001723	-1.27754	-1.29622	
1725	0.001724	-1.25689	-1.21025	
1726	0.001725	-1.57066	-0.89576	
1727	0.001726	-1.73194	-0.790891	
1728	0.001727	-1.8001	-0.836576	
1729	0.001728	-1.17602	-1.23861	
1730	0.001729	-1.4817	-1.01943	
1731	0.00173	-1.59036	-0.975121	
1732	0.001731	-1.35566	-1.14024	
1733	0.001732	-1.76883	-0.716143	
1734	0.001733	-1.24105	-1.13893	
1735	0.001734	-1.83678	-0.769033	
1736	0.001735	-1.47723	-1.0221	
1737	0.001736	-1.20126	-1.2937	
1738	0.001737	-1.52114	-0.911983	
1739	0.001738	-1.32425	-1.04008	
1740	0.001739	-1.86232	-0.650501	
1741	0.00174	-1.51519	-1.14461	
1742	0.001741	-1.42166	-1.22813	
1743	0.001742	-1.39091	-1.18766	
1744	0.001743	-1.37518	-1.15672	
1745	0.001744	-1.06769	-1.3376	
1746	0.001745	-1.67571	-0.82462	
1747	0.001746	-1.27913	-1.04438	
1748	0.001747	-1.21346	-1.05629	
1749	0.001748	-1.44602	-0.826587	
1750	0.001749	-1.30002	-0.887814	
1751	0.00175	-1.10003	-0.972757	
1752	0.001751	-1.16673	-0.86402	
1753	0.001752	-1.36344	-0.693608	
1754	0.001753	-1.29686	-0.895339	
1755	0.001754	-1.35203	-0.840714	
1756	0.001755	-1.21474	-0.989064	
1757	0.001756	-1.49873	-0.77051	
1758	0.001757	-1.51024	-0.736918	
1759	0.001758	-1.36988	-0.91536	
1760	0.001759	-1.11076	-1.04915	
1761	0.00176	-1.35846	-0.850922	
1762	0.001761	-1.68354	-0.474716	
1763	0.001762	-1.30489	-0.913489	
1764	0.001763	-1.26446	-0.985391	
1765	0.001764	-1.29084	-1.03471	
1766	0.001765	-1.47617	-0.963877	
1767	0.001766	-1.58922	-0.921815	
1768	0.001767	-1.42911	-1.03086	
1769	0.001768	-1.39517	-1.0946	
1770	0.001769	-1.4977	-1.0127	
1771	0.00177	-1.37936	-1.05168	
1772	0.001771	-1.54087	-0.761612	
1773	0.001772	-1.17756	-1.09497	
1774	0.001773	-1.1658	-1.0658	
1775	0.001774	-1.09488	-0.994928	
1776	0.001775	-1.56332	-0.541987	
1777	0.001776	-1.36102	-0.784197	
1778	0.001777	-1.66784	-0.535404	
1779	0.001778	-1.42911	-0.844624	
1780	0.001779	-1.30787	-0.996002	
1781	0.00178	-1.31768	-1.02368	
1782	0.001781	-1.19819	-1.05852	
1783	0.001782	-1.35004	-0.867139	
1784	0.001783	-1.84972	-0.371415	
1785	0.001784	-1.23406	-1.00766	
1786	0.001785	-1.20153	-0.992204	
1787	0.001786	-1.78424	-0.525601	
1788	0.001787	-1.22709	-1.11686	
1789	0.001788	-1.26581	-1.07433	
1790	0.001789	-1.489	-0.98867	
1791	0.00179	-1.49812	-1.04768	
1792	0.001791	-1.60627	-0.878989	
1793	0.001792	-1.24757	-1.09263	
1794	0.001793	-1.12779	-1.08739	
1795	0.001794	-1.3345	-1.00517	
1796	0.001795	-1.25515	-1.01239	
1797	0.001796	-1.17665	-1.13969	
1798	0.001797	-1.07026	-1.12739	
1799	0.001798	-1.01724	-1.09472	
1800	0.001799	-1.31273	-0.881072	
1801	0.0018	-1.15854	-1.10231	
1802	0.001801	-1.12075	-1.17596	
1803	0.001802	-1.14516	-1.15035	
1804	0.001803	-1.59294	-0.703513	
1805	0.001804	-1.94078	-0.666467	
1806	0.001805	-1.34654	-1.12581	
1807	0.001806	-1.58342	-0.8427	
1808	0.001807	-1.56812	-0.923486	
1809	0.001808	-1.51638	-1.00805	
1810	0.001809	-1.21875	-1.24142	
1811	0.00181	-1.34595	-1.097	
1812	0.001811	-1.38426	-1.12255	
1813	0.001812	-1.15201	-1.31735	
1814	0.001813	-1.29454	-1.07222	
1815	0.001814	-1.33068	-1.0913	
1816	0.001815	-1.36605	-1.01651	
1817	0.001816	-1.7206	-0.713814	
1818	0.001817	-1.36487	-1.16792	
1819	0.001818	-1.12004	-1.32775	
1820	0.001819	-1.41965	-1.12187	
1821	0.00182	-1.2082	-1.20341	
1822	0.001821	-1.20942	-1.26285	
1823	0.001822	-1.62461	-0.92172	
1824	0.001823	-1.52127	-0.970595	
1825	0.001824	-1.32311	-1.29591	
1826	0.001825	-1.68533	-0.932469	
1827	0.001826	-1.38628	-1.20005	
1828	0.001827	-1.48017	-1.10484	
1829	0.001828	-1.6016	-1.06874	
1830	0.001829	-1.41666	-1.30967	
1831	0.00183	-1.01003	-1.59112	
1832	0.001831	-1.31426	-1.20996	
1833	0.001832	-1.47694	-1.15786	
1834	0.001833	-1.65671	-1.01383	
1835	0.001834	-1.636	-1.02268	
1836	0.001835	-1.76608	-0.896694	
1837	0.001836	-1.4072	-1.18671	
1838	0.001837	-1.06765	-1.48722	
1839	0.001838	-1.47257	-1.10331	
1840	0.001839	-1.56408	-0.949397	
1841	0.00184	-1.50299	-0.943991	
1842	0.001841	-1.36856	-1.10243	
1843	0.001842	-1.31888	-1.10569	
1844	0.001843	-1.41805	-1.09329	
1845	0.001844	-1.70347	-1.06522	
1846	0.001845	-1.72002	-1.2005	
1847	0.001846	-1.3618	-1.41755	
1848	0.001847	-1.22301	-1.55952	
1849	0.001848	-1.21829	-1.43559	
1850	0.001849	-1.20115	-1.42568	
1851	0.00185	-1.27685	-1.24757	
1852	0.001851	-1.00801	-1.4855	
1853	0.001852	-1.27391	-1.34114	
1854	0.001853	-1.27156	-1.379	
1855	0.001854	-1.24439	-1.33211	
1856	0.001855	-1.03612	-1.48126	
1857	0.001856	-1.08874	-1.38751	
1858	0.001857	-1.24133	-1.16001	
1859	0.001858	-1.20746	-1.21285	
1860	0.001859	-1.54657	-1.01594	
1861	0.00186	-1.29801	-1.24338	
1862	0.001861	-1.24222	-1.23456	
1863	0.001862	-1.18409	-1.22736	
1864	0.001863	-1.56934	-0.934017	
1865	0.001864	-1.22034	-1.21142	
1866	0.001865	-1.23692	-1.15281	
1867	0.001866	-1.30935	-1.1062	
1868	0.001867	-1.14921	-1.12786	
1869	0.001868	-1.42212	-0.90832	
1870	0.001869	-1.22065	-1.21299	
1871	0.00187	-0.93699	-1.3554	
1872	0.001871	-1.34371	-1.07145	
1873	0.001872	-1.25304	-1.18957	
1874	0.001873	-1.27115	-1.20179	
1875	0.001874	-1.65235	-0.848457	
1876	0.001875	-1.22493	-1.28906	
1877	0.001876	-1.43349	-1.19614	
1878	0.001877	-1.52707	-1.11998	
1879	0.001878	-1.54254	-1.17783	
1880	0.001879	-1.3566	-1.34057	
1881	0.00188	-1.3343	-1.28594	
1882	0.001881	-1.58995	-1.09969	
1883	0.001882	-1.33346	-1.32175	
1884	0.001883	-1.36145	-1.43295	
1885	0.001884	-1.47011	-1.25543	
1886	0.001885	-1.17991	-1.54519	
1887	0.001886	-1.36191	-1.36682	
1888	0.001887	-1.62357	-1.09436	
1889	0.001888	-1.6678	-1.23987	
1890	0.001889	-1.37568	-1.49186	
1891	0.00189	-1.30742	-1.57069	
1892	0.001891	-1.10925	-1.66634	
1893	0.001892	-1.15053	-1.52391	
1894	0.001893	-1.07764	-1.48959	
1895	0.001894	-1.12033	-1.31347	
1896	0.001895	-1.29444	-1.16469	
1897	0.001896	-1.73051	-0.782504	
1898	0.001897	-1.18653	-1.27589	
1899	0.001898	-1.13995	-1.30037	
1900	0.001899	-1.26766	-1.18867	
1901	0.0019	-1.61544	-0.961272	
1902	0.001901	-1.19257	-1.36816	
1903	0.001902	-1.36732	-1.18133	
1904	0.001903	-0.888316	-1.60718	
1905	0.001904	-1.03255	-1.5049	
1906	0.001905	-1.43806	-1.14356	
1907	0.001906	-1.54645	-1.23337	
1908	0.001907	-1.50193	-1.36572	
1909	0.001908	-1.33781	-1.62852	
1910	0.001909	-1.29029	-1.57378	
1911	0.00191	-1.63746	-1.3434	
1912	0.001911	-1.33341	-1.58905	
1913	0.001912	-1.46803	-1.55578	
1914	0.001913	-1.60633	-1.44801	
1915	0.001914	-1.61643	-1.47525	
1916	0.001915	-1.58104	-1.48022	
1917	0.001916	-1.26752	-1.67966	
1918	0.001917	-1.19605	-1.99118	
1919	0.001918	-1.3293	-1.72072	
1920	0.001919	-1.56697	-1.67745	
1921	0.00192	-1.53896	-1.44922	
1922	0.001921	-1.67304	-1.3418	
1923	0.001922	-1.27375	-1.88385	
1924	0.001923	-1.11153	-1.89127	
1925	0.001924	-1.14915	-1.74824	
1926	0.001925	-1.2913	-1.683	
1927	0.001926	-1.17395	-1.7757	
1928	0.001927	-1.10489	-1.77173	
1929	0.001928	-1.23473	-1.681	
1930	0.001929	-1.13661	-1.81169	
1931	0.00193	-1.37415	-1.62872	
1932	0.001931	-1.55937	-1.61076	
1933	0.001932	-1.35606	-1.72796	
1934	0.001933	-1.10462	-1.90029	
1935	0.001934	-1.47697	-1.5168	
1936	0.001935	-1.2221	-1.72727	
1937	0.001936	-1.51975	-1.52777	
1938	0.001937	-1.58796	-1.39545	
1939	0.001938	-1.4676	-1.56343	
1940	0.001939	-1.80206	-1.45142	
1941	0.00194	-1.35441	-1.80042	
1942	0.001941	-1.44387	-1.65096	
1943	0.001942	-1.60002	-1.72939	
1944	0.001943	-1.61949	-1.69116	
1945	0.001944	-1.3564	-1.89186	
1946	0.001945	-1.63971	-1.66274	
1947	0.001946	-1.58653	-1.9045	
1948	0.001947	-1.39691	-2.0723	
1949	0.001948	-1.57758	-1.92947	
1950	0.001949	-1.31642	-2.29417	
1951	0.00195	-1.62473	-1.92517	
1952	0.001951	-1.55572	-2.02889	
1953	0.001952	-1.49067	-2.06322	
1954	0.001953	-1.55551	-1.91235	
1955	0.001954	-1.46138	-1.98007	
1956	0.001955	-1.51869	-2.01672	
1957	0.001956	-1.5055	-2.12977	
1958	0.001957	-1.5152	-2.11854	
1959	0.001958	-2.02472	-1.6062	
1960	0.001959	-1.96512	-1.706	
1961	0.00196	-1.38582	-2.21259	
1962	0.001961	-1.46141	-2.22003	
1963	0.001962	-1.62938	-1.98287	
1964	0.001963	-1.27795	-2.40383	
1965	0.001964	-1.28699	-2.37848	
1966	0.001965	-1.78584	-1.86358	
1967	0.001966	-1.64146	-1.91297	
1968	0.001967	-1.42151	-2.09332	
1969	0.001968	-1.38301	-2.08422	
1970	0.001969	-1.75003	-1.77177	
1971	0.00197	-1.2723	-2.16798	
1972	0.001971	-1.44574	-2.17667	
1973	0.001972	-1.35542	-2.22235	
1974	0.001973	-1.29078	-2.22133	
1975	0.001974	-1.62113	-1.89235	
1976	0.001975	-1.52614	-2.16315	
1977	0.001976	-1.24863	-2.31608	
1978	0.001977	-1.48353	-2.05699	
1979	0.001978	-1.3795	-2.09359	
1980	0.001979	-1.29629	-2.20411	
1981	0.00198	-1.23304	-2.26453	
1982	0.001981	-1.14102	-2.20487	
1983	0.001982	-1.27824	-2.03041	
1984	0.001983	-1.19956	-2.02219	
1985	0.001984	-1.19758	-2.12384	
1986	0.001985	-1.21326	-2.16501	
1987	0.001986	-0.965547	-2.30364	
1988	0.001987	-1.08065	-2.12768	
1989	0.001988	-1.32902	-1.864	
1990	0.001989	-1.31537	-1.96704	
1991	0.00199	-1.61657	-1.68767	
1992	0.001991	-1.40399	-2.02457	
1993	0.001992	-1.47909	-1.84097	
1994	0.001993	-1.48507	-2.10294	
1995	0.001994	-1.34647	-2.23922	
1996	0.001995	-1.31739	-2.25783	
1997	0.001996	-1.12919	-2.23675	
1998	0.001997	-1.31682	-2.04693	
1999	0.001998	-1.03861	-2.13759	
2000	0.001999	-1.33838	-1.81147	
2001	0.002	-1.31233	-1.93079	
2002	0.002001	-1.25782	-1.98516	
2003	0.002002	-1.2179	-1.91936	
2004	0.002003	-1.20735	-1.9401	
2005	0.002004	-1.54401	-1.73262	
2006	0.002005	-1.24417	-2.03108	
2007	0.002006	-1.1068	-2.08856	
2008	0.002007	-1.1063	-1.96657	
2009	0.002008	-1.33504	-1.75391	
2010	0.002009	-1.3049	-1.8481	
2011	0.00201	-1.1842	-1.97425	
2012	0.002011	-1.12424	-1.94833	
2013	0.002012	-1.09261	-1.99953	
2014	0.002013	-1.11301	-1.91633	
2015	0.002014	-1.42835	-1.70519	
2016	0.002015	-1.33618	-1.76221	
2017	0.002016	-1.49041	-1.65036	
2018	0.002017	-1.32748	-1.84746	
2019	0.002018	-1.10064	-1.98972	
2020	0.002019	-1.34492	-1.73571	
2021	0.00202	-1.30033	-1.93819	
2022	0.002021	-0.792599	-2.29769	
2023	0.002022	-1.02213	-2.04186	
2024	0.002023	-1.32393	-1.72353	
2025	0.002024	-0.946596	-2.01118	
2026	0.002025	-1.05913	-1.88126	
2027	0.002026	-1.15886	-1.72226	
2028	0.002027	-0.990992	-1.84487	
2029	0.002028	-1.08495	-1.74962	
2030	0.002029	-1.09187	-1.78305	
2031	0.00203	-1.03161	-1.91985	
2032	0.002031	-0.968384	-1.91954	
2033	0.002032	-1.10002	-1.89704	
2034	0.002033	-1.03524	-1.96127	
2035	0.002034	-0.918149	-2.07934	
2036	0.002035	-1.00604	-1.95217	
2037	0.002036	-0.932133	-2.05848	
2038	0.002037	-1.06108	-1.88482	
2039	0.002038	-0.884423	-1.99856	
2040	0.002039	-1.1144	-1.83078	
2041	0.00204	-1.19099	-1.75079	
2042	0.002041	-0.983268	-1.90648	
2043	0.002042	-1.3308	-1.62159	
2044	0.002043	-1.28183	-1.73789	
2045	0.002044	-1.10679	-1.85417	
2046	0.002045	-0.937082	-1.94482	
2047	0.002046	-0.849289	-2.02585	
2048	0.002047	-0.920581	-1.90553	
2049	0.002048	-1.15797	-1.73855	
2050	0.002049	-1.18226	-1.74766	
2051	0.00205	-1.17851	-1.81195	
2052	0.002051	-1.19837	-1.75954	
2053	0.002052	-1.50906	-1.62395	
2054	0.002053	-1.08296	-2.02303	
2055	0.002054	-1.17396	-1.84945	
2056	0.002055	-1.15218	-1.82437	
2057	0.002056	-1.17678	-1.92464	
2058	0.002057	-1.23149	-1.78286	
2059	0.002058	-1.40399	-1.74518	
2060	0.002059	-1.15717	-1.89561	
2061	0.00206	-1.10244	-1.95592	
2062	0.002061	-1.07796	-1.98679	
2063	0.002062	-1.37216	-1.7709	
2064	0.002063	-1.63401	-1.68249	
2065	0.002064	-1.49577	-1.79352	
2066	0.002065	-1.30884	-1.89952	
2067	0.002066	-1.5024	-1.62785	
2068	0.002067	-1.00528	-2.10024	
2069	0.002068	-1.32301	-1.80431	
2070	0.002069	-1.20549	-1.86422	
2071	0.00207	-1.05101	-1.92875	
2072	0.002071	-1.18524	-1.66706	
2073	0.002072	-1.10889	-1.66999	
2074	0.002073	-0.979719	-1.91294	
2075	0.002074	-1.32882	-1.59589	
2076	0.002075	-1.04633	-1.86749	
2077	0.002076	-1.24372	-1.64948	
2078	0.002077	-1.19252	-1.68365	
2079	0.002078	-1.19498	-1.62685	
2080	0.002079	-1.43342	-1.45049	
2081	0.00208	-1.10723	-1.82251	
2082	0.002081	-1.37385	-1.684	
2083	0.002082	-1.1318	-1.92495	
2084	0.002083	-1.30836	-1.80527	
2085	0.002084	-1.35096	-1.73506	
2086	0.002085	-1.05562	-1.9324	
2087	0.002086	-1.02209	-1.89961	
2088	0.002087	-1.17178	-1.72153	
2089	0.002088	-1.34367	-1.53065	
2090	0.002089	-1.16032	-1.69325	
2091	0.00209	-0.992379	-1.72173	
2092	0.002091	-1.2096	-1.67549	
2093	0.002092	-1.0517	-1.79744	
2094	0.002093	-1.07901	-1.72065	
2095	0.002094	-1.11306	-1.69683	
2096	0.002095	-1.15175	-1.61691	
2097	0.002096	-1.63055	-1.21357	
2098	0.002097	-1.10207	-1.63514	
2099	0.002098	-1.60952	-1.30601	
2100	0.002099	-1.01292	-1.75849	
2101	0.0021	-1.57387	-1.50338	
2102	0.002101	-1.21057	-1.57258	
2103	0.002102	-1.02051	-1.63336	
2104	0.002103	-1.26428	-1.41675	
2105	0.002104	-0.970053	-1.70176	
2106	0.002105	-1.08548	-1.60273	
2107	0.002106	-0.959228	-1.65212	
2108	0.002107	-1.06536	-1.60424	
2109	0.002108	-1.00565	-1.56075	
2110	0.002109	-0.980524	-1.59673	
2111	0.00211	-1.06261	-1.52961	
2112	0.002111	-1.28831	-1.30067	
2113	0.002112	-0.920455	-1.62803	
2114	0.002113	-0.895696	-1.66253	
2115	0.002114	-1.12433	-1.38737	
2116	0.002115	-1.20976	-1.35212	
2117	0.002116	-1.30297	-1.26876	
2118	0.002117	-1.3875	-1.26082	
2119	0.002118	-0.983063	-1.64505	
2120	0.002119	-1.59519	-0.992665	
2121	0.00212	-1.17044	-1.48502	
2122	0.002121	-1.19711	-1.52793	
2123	0.002122	-1.13302	-1.48219	
2124	0.002123	-1.39086	-1.25845	
2125	0.002124	-1.16576	-1.57404	
2126	0.002125	-1.08867	-1.62313	
2127	0.002126	-1.12444	-1.53774	
2128	0.002127	-0.962518	-1.63518	
2129	0.002128	-1.11706	-1.46136	
2130	0.002129	-0.970049	-1.4892	
2131	0.00213	-1.11506	-1.36827	
2132	0.002131	-1.20842	-1.32083	
2133	0.002132	-1.12227	-1.34812	
2134	0.002133	-0.990131	-1.43666	
2135	0.002134	-1.02089	-1.42912	
2136	0.002135	-1.06649	-1.38513	
2137	0.002136	-1.15396	-1.17754	
2138	0.002137	-1.08004	-1.25722	
2139	0.002138	-1.27213	-1.13658	
2140	0.002139	-0.967292	-1.4066	
2141	0.00214	-1.00243	-1.39311	
2142	0.002141	-0.954208	-1.52367	
2143	0.002142	-0.879966	-1.50713	
2144	0.002143	-0.984842	-1.49366	
2145	0.002144	-0.990913	-1.44728	
2146	0.002145	-0.880608	-1.47452	
2147	0.002146	-1.23462	-1.15265	
2148	0.002147	-1.34487	-1.22508	
2149	0.002148	-0.910339	-1.53625	
2150	0.002149	-0.935251	-1.47922	
2151	0.00215	-0.914564	-1.45231	
2152	0.002151	-1.00827	-1.34538	
2153	0.002152	-1.18747	-1.18388	
2154	0.002153	-1.07668	-1.19094	
2155	0.002154	-0.940168	-1.3362	
2156	0.002155	-1.25763	-0.98294	
2157	0.002156	-0.837074	-1.36914	
2158	0.002157	-1.03403	-1.30108	
2159	0.002158	-1.09716	-1.20128	
2160	0.002159	-0.895957	-1.3459	
2161	0.00216	-1.0495	-1.22779	
2162	0.002161	-1.24145	-1.09425	
2163	0.002162	-1.13713	-1.208	
2164	0.002163	-1.02451	-1.21664	
2165	0.002164	-1.32715	-0.89617	
2166	0.002165	-1.28798	-1.01441	
2167	0.002166	-1.13681	-1.0808	
2168	0.002167	-1.06506	-1.1275	
2169	0.002168	-1.06472	-0.996336	
2170	0.002169	-1.14538	-0.906447	
2171	0.00217	-0.971262	-1.17363	
2172	0.002171	-0.878998	-1.18354	
2173	0.002172	-1.19724	-0.842702	
2174	0.002173	-0.722892	-1.22668	
2175	0.002174	-1.34242	-0.836606	
2176	0.002175	-1.24494	-1.07875	
2177	0.002176	-1.10801	-1.15774	
2178	0.002177	-1.10128	-1.17756	
2179	0.002178	-1.22976	-1.11458	
2180	0.002179	-0.998896	-1.2313	
2181	0.00218	-1.17435	-1.06024	
2182	0.002181	-1.19026	-0.962475	
2183	0.002182	-1.03834	-1.11853	
2184	0.002183	-1.12953	-1.08788	
2185	0.002184	-1.03142	-1.19945	
2186	0.002185	-0.823268	-1.29635	
2187	0.002186	-0.965226	-1.12613	
2188	0.002187	-0.826438	-1.17674	
2189	0.002188	-1.01536	-1.04852	
2190	0.002189	-0.894604	-1.18686	
2191	0.00219	-1.01958	-1.03282	
2192	0.002191	-0.961711	-1.07199	
2193	0.002192	-0.924658	-1.09056	
2194	0.002193	-0.800969	-1.18739	
2195	0.002194	-1.14213	-0.921067	
2196	0.002195	-1.09811	-1.0473	
2197	0.002196	-1.32021	-1.01082	
2198	0.002197	-1.14532	-1.11723	
2199	0.002198	-1.10179	-1.12068	
2200	0.002199	-1.02601	-1.30283	
2201	0.0022	-1.32703	-1.02615	
2202	0.002201	-1.01255	-1.31069	
2203	0.002202	-0.936976	-1.38514	
2204	0.002203	-1.04378	-1.25489	
2205	0.002204	-1.1711	-1.1022	
2206	0.002205	-1.04655	-1.20445	
2207	0.002206	-0.764112	-1.40848	
2208	0.002207	-0.951006	-1.21751	
2209	0.002208	-1.34775	-0.939698	
2210	0.002209	-0.951724	-1.22882	
2211	0.00221	-1.24721	-0.832443	
2212	0.002211	-0.915654	-1.15435	
2213	0.002212	-0.943314	-1.14702	
2214	0.002213	-1.10228	-1.0367	
2215	0.002214	-1.122	-1.01686	
2216	0.002215	-1.4643	-0.765087	
2217	0.002216	-0.997615	-1.14772	
2218	0.002217	-1.20718	-0.96374	
2219	0.002218	-1.24609	-0.88326	
2220	0.002219	-0.995694	-1.14379	
2221	0.00222	-0.937815	-1.16978	
2222	0.002221	-1.37093	-0.757689	
2223	0.002222	-1.06056	-1.09002	
2224	0.002223	-1.18012	-0.904966	
2225	0.002224	-1.39325	-0.779624	
2226	0.002225	-1.18561	-1.04781	
2227	0.002226	-1.17753	-1.00502	
2228	0.002227	-0.9753	-1.20287	
2229	0.002228	-1.19557	-1.01547	
2230	0.002229	-1.05039	-1.19304	
2231	0.00223	-0.941386	-1.24289	
2232	0.002231	-1.0782	-1.13572	
2233	0.002232	-0.998911	-1.20319	
2234	0.002233	-0.875977	-1.31962	
2235	0.002234	-1.09283	-1.1295	
2236	0.002235	-1.08545	-1.14348	
2237	0.002236	-1.11735	-1.12168	
2238	0.002237	-0.965366	-1.28724	
2239	0.002238	-1.06408	-1.10943	
2240	0.002239	-1.04711	-1.0553	
2241	0.00224	-1.00115	-1.17905	
2242	0.002241	-1.01401	-1.12947	
2243	0.002242	-0.907432	-1.30503	
2244	0.002243	-0.81871	-1.37409	
2245	0.002244	-1.18021	-1.06035	
2246	0.002245	-1.12195	-1.10933	
2247	0.002246	-1.14231	-1.04075	
2248	0.002247	-1.13261	-1.04062	
2249	0.002248	-1.07828	-1.37523	
2250	0.002249	-1.16048	-1.20147	
2251	0.00225	-1.11653	-1.28284	
2252	0.002251	-1.05095	-1.32552	
2253	0.002252	-1.28627	-1.07525	
2254	0.002253	-1.07419	-1.22551	
2255	0.002254	-1.03465	-1.26684	
2256	0.002255	-1.09263	-1.23256	
2257	0.002256	-1.09802	-1.14196	
2258	0.002257	-0.827528	-1.29993	
2259	0.002258	-1.01996	-1.14529	
2260	0.002259	-1.2708	-0.939323	
2261	0.00226	-1.06104	-1.1933	
2262	0.002261	-1.19578	-1.02843	
2263	0.002262	-0.863872	-1.36987	
2264	0.002263	-1.12825	-1.11387	
2265	0.002264	-1.228	-1.17592	
2266	0.002265	-1.079	-1.18372	
2267	0.002266	-0.923722	-1.1924	
2268	0.002267	-0.937453	-1.19611	
2269	0.002268	-1.09345	-0.961707	
2270	0.002269	-0.986703	-1.28212	
2271	0.00227	-0.880751	-1.4454	
2272	0.002271	-1.1796	-1.08254	
2273	0.002272	-0.981722	-1.31784	
2274	0.002273	-1.03684	-1.15839	
2275	0.002274	-1.26071	-0.985894	
2276	0.002275	-1.19431	-1.03287	
2277	0.002276	-0.828008	-1.42002	
2278	0.002277	-0.913419	-1.37113	
2279	0.002278	-1.01544	-1.17297	
2280	0.002279	-0.846127	-1.32052	
2281	0.00228	-1.18233	-0.960721	
2282	0.002281	-0.988464	-1.24848	
2283	0.002282	-1.19895	-1.03077	
2284	0.002283	-0.949568	-1.13683	
2285	0.002284	-0.815746	-1.2049	
2286	0.002285	-0.953147	-1.0764	
2287	0.002286	-1.16728	-0.925296	
2288	0.002287	-1.21773	-0.876251	
2289	0.002288	-1.17845	-1.04959	
2290	0.002289	-1.27142	-1.0366	
2291	0.00229	-1.22631	-1.25763	
2292	0.002291	-1.35818	-1.17064	
2293	0.002292	-1.34098	-1.22231	
2294	0.002293	-1.32968	-1.22534	
2295	0.002294	-1.18671	-1.44703	
2296	0.002295	-1.23845	-1.24222	
2297	0.002296	-1.30565	-1.22682	
2298	0.002297	-1.44405	-1.07033	
2299	0.002298	-1.19753	-1.2942	
2300	0.002299	-0.961417	-1.51116	
2301	0.0023	-1.06422	-1.39962	
2302	0.002301	-0.958361	-1.47636	
2303	0.002302	-1.10418	-1.3113	
2304	0.002303	-1.2556	-1.25999	
2305	0.002304	-1.16853	-1.6632	
2306	0.002305	-0.966846	-1.55282	
2307	0.002306	-1.29552	-1.24491	
2308	0.002307	-1.04225	-1.45938	
2309	0.002308	-1.28449	-1.23443	
2310	0.002309	-1.04106	-1.38292	
2311	0.00231	-1.01878	-1.41951	
2312	0.002311	-1.31443	-1.19983	
2313	0.002312	-1.12028	-1.36974	
2314	0.002313	-1.26279	-1.21301	
2315	0.002314	-0.873994	-1.49593	
2316	0.002315	-1.14563	-1.19682	
2317	0.002316	-0.93792	-1.4662	
2318	0.002317	-0.895485	-1.48344	
2319	0.002318	-1.23233	-1.35285	
2320	0.002319	-1.26878	-1.2232	
2321	0.00232	-1.09849	-1.32445	
2322	0.002321	-1.27743	-1.04543	
2323	0.002322	-1.33752	-1.09048	
2324	0.002323	-1.24192	-1.22288	
2325	0.002324	-0.927573	-1.47926	
2326	0.002325	-1.15717	-1.25909	
2327	0.002326	-1.38258	-1.18151	
2328	0.002327	-1.16167	-1.38711	
2329	0.002328	-1.08305	-1.4078	
2330	0.002329	-1.27664	-1.27105	
2331	0.00233	-1.21409	-1.45051	
2332	0.002331	-1.23781	-1.36286	
2333	0.002332	-1.2909	-1.35963	
2334	0.002333	-1.17794	-1.48268	
2335	0.002334	-1.02174	-1.60225	
2336	0.002335	-1.11589	-1.49339	
2337	0.002336	-1.30406	-1.27951	
2338	0.002337	-0.90163	-1.58467	
2339	0.002338	-1.11867	-1.30858	
2340	0.002339	-1.51638	-1.04798	
2341	0.00234	-0.885218	-1.65121	
2342	0.002341	-1.09191	-1.45871	
2343	0.002342	-1.30243	-1.27107	
2344	0.002343	-1.23944	-1.43765	
2345	0.002344	-1.38929	-1.34796	
2346	0.002345	-1.60159	-1.03114	
2347	0.002346	-1.38162	-1.20602	
2348	0.002347	-1.2723	-1.55432	
2349	0.002348	-1.39263	-1.48936	
2350	0.002349	-1.17807	-1.47854	
2351	0.00235	-1.28232	-1.48691	
2352	0.002351	-1.24414	-1.42908	
2353	0.002352	-1.37867	-1.53499	
2354	0.002353	-1.07208	-1.86727	
2355	0.002354	-1.34049	-1.60251	
2356	0.002355	-1.19159	-1.48798	
2357	0.002356	-1.1152	-1.5271	
2358	0.002357	-0.993816	-1.49399	
2359	0.002358	-1.32232	-1.32478	
2360	0.002359	-1.17935	-1.58587	
2361	0.00236	-1.16072	-1.58762	
2362	0.002361	-0.898196	-1.72424	
2363	0.002362	-1.23382	-1.47512	
2364	0.002363	-1.35862	-1.32367	
2365	0.002364	-1.18786	-1.46653	
2366	0.002365	-1.08702	-1.52991	
2367	0.002366	-1.07065	-1.69703	
2368	0.002367	-1.17766	-1.6183	
2369	0.002368	-1.10497	-1.70468	
2370	0.002369	-1.46278	-1.38145	
2371	0.00237	-1.08002	-1.76641	
2372	0.002371	-0.990804	-1.81707	
2373	0.002372	-1.15155	-1.658	
2374	0.002373	-0.870428	-1.87106	
2375	0.002374	-1.0691	-1.67512	
2376	0.002375	-1.09521	-1.66722	
2377	0.002376	-1.11651	-1.65978	
2378	0.002377	-1.01168	-1.74891	
2379	0.002378	-0.842757	-1.84553	
2380	0.002379	-0.819055	-1.8422	
