CompteurTemps	Temps	Cx0	Cy0	
1	0	-202.186	61.6555	
2	1e-06	-85.5234	-3.51877	
3	2e-06	-26.4162	-59.4129	
4	3e-06	-18.7942	-55.2639	
5	4e-06	-16.6915	-49.4664	
6	5e-06	-13.5541	-44.0168	
7	6e-06	-12.2052	-38.4122	
8	7e-06	-11.1295	-33.8609	
9	8e-06	-9.94428	-30.0334	
10	9e-06	-9.16041	-26.9915	
11	1e-05	-8.79828	-24.1433	
12	1.1e-05	-7.81538	-22.3823	
13	1.2e-05	-7.2427	-19.8383	
14	1.3e-05	-6.48774	-17.9659	
15	1.4e-05	-6.26966	-16.1443	
16	1.5e-05	-5.19944	-14.8545	
17	1.6e-05	-4.73145	-13.6779	
18	1.7e-05	-4.48154	-12.5712	
19	1.8e-05	-4.24749	-11.3741	
20	1.9e-05	-4.61784	-10.0668	
21	2e-05	-3.89585	-9.69926	
22	2.1e-05	-3.48252	-8.93025	
23	2.2e-05	-3.21515	-8.33278	
24	2.3e-05	-3.37772	-7.63289	
25	2.4e-05	-3.23254	-7.04297	
26	2.5e-05	-2.85431	-6.78626	
27	2.6e-05	-3.20701	-6.1363	
28	2.7e-05	-2.95938	-5.89056	
29	2.8e-05	-2.65579	-5.54153	
30	2.9e-05	-2.89602	-5.44044	
31	3e-05	-2.39534	-5.51703	
32	3.1e-05	-2.66212	-5.05843	
33	3.2e-05	-2.34473	-4.99534	
34	3.3e-05	-2.35914	-4.78884	
35	3.4e-05	-2.49977	-4.456	
36	3.5e-05	-2.26529	-4.39212	
37	3.6e-05	-2.0675	-4.33339	
38	3.7e-05	-2.13158	-4.08022	
39	3.8e-05	-1.71877	-4.25929	
40	3.9e-05	-1.7383	-4.06356	
41	4e-05	-1.81509	-3.88937	
42	4.1e-05	-1.74422	-3.86128	
43	4.2e-05	-1.87502	-3.62629	
44	4.3e-05	-1.87914	-3.72495	
45	4.4e-05	-1.62227	-3.81758	
46	4.5e-05	-1.48917	-3.74906	
47	4.6e-05	-1.41799	-3.65164	
48	4.7e-05	-1.59872	-3.44545	
49	4.8e-05	-1.45695	-3.42291	
50	4.9e-05	-1.88461	-3.05523	
51	5e-05	-1.76675	-3.16096	
52	5.1e-05	-1.67111	-3.20946	
53	5.2e-05	-1.48947	-3.24688	
54	5.3e-05	-1.69373	-3.0443	
55	5.4e-05	-1.78221	-3.06506	
56	5.5e-05	-1.83936	-2.93003	
57	5.6e-05	-1.53229	-3.10589	
58	5.7e-05	-1.53261	-3.09445	
59	5.8e-05	-1.34377	-3.24626	
60	5.9e-05	-1.63056	-2.99037	
61	6e-05	-1.53733	-3.04405	
62	6.1e-05	-1.9053	-2.77681	
63	6.2e-05	-1.86136	-2.84871	
64	6.3e-05	-1.87903	-2.8753	
65	6.4e-05	-1.51396	-3.16964	
66	6.5e-05	-1.59902	-3.06375	
67	6.6e-05	-1.6382	-3.01693	
68	6.7e-05	-1.6616	-2.9873	
69	6.8e-05	-1.74466	-2.92197	
70	6.9e-05	-1.58753	-3.02345	
71	7e-05	-1.81892	-2.88744	
72	7.1e-05	-1.8394	-2.89512	
73	7.2e-05	-2.02553	-2.61725	
74	7.3e-05	-1.84766	-2.73878	
75	7.4e-05	-1.75002	-2.74501	
76	7.5e-05	-1.38788	-2.92463	
77	7.6e-05	-1.33754	-3.03441	
78	7.7e-05	-1.43145	-2.88758	
79	7.8e-05	-1.51108	-2.91324	
80	7.9e-05	-1.59202	-2.78041	
81	8e-05	-1.53601	-2.76055	
82	8.1e-05	-1.3799	-2.90894	
83	8.2e-05	-1.42738	-2.86568	
84	8.3e-05	-1.7229	-2.72558	
85	8.4e-05	-1.47468	-2.94982	
86	8.5e-05	-1.39061	-3.01048	
87	8.6e-05	-1.47486	-2.94352	
88	8.7e-05	-1.4091	-2.90692	
89	8.8e-05	-1.57898	-2.81793	
90	8.9e-05	-1.77862	-2.73658	
91	9e-05	-1.58888	-2.95592	
92	9.1e-05	-1.45858	-2.95296	
93	9.2e-05	-1.52787	-2.96767	
94	9.3e-05	-1.37316	-3.01765	
95	9.4e-05	-1.7305	-2.9062	
96	9.5e-05	-1.72595	-2.95491	
97	9.6e-05	-1.4931	-3.0596	
98	9.7e-05	-1.57817	-2.94443	
99	9.8e-05	-1.33874	-3.29443	
100	9.9e-05	-1.50046	-3.14242	
101	0.0001	-1.46218	-3.02049	
102	0.000101	-1.45144	-3.07646	
103	0.000102	-1.48287	-3.08514	
104	0.000103	-1.26531	-3.18936	
105	0.000104	-1.29819	-3.23573	
106	0.000105	-1.29257	-3.18082	
107	0.000106	-1.4737	-3.11851	
108	0.000107	-1.53709	-3.06653	
109	0.000108	-1.54091	-3.27121	
110	0.000109	-1.4704	-3.1477	
111	0.00011	-1.6112	-3.01048	
112	0.000111	-1.75922	-2.96008	
113	0.000112	-1.36666	-3.29237	
114	0.000113	-1.6942	-2.94435	
115	0.000114	-1.26786	-3.21949	
116	0.000115	-1.71427	-3.14232	
117	0.000116	-1.48404	-3.29469	
118	0.000117	-1.62435	-3.1701	
119	0.000118	-1.44205	-3.2667	
120	0.000119	-1.42021	-3.26457	
121	0.00012	-1.39509	-3.21533	
122	0.000121	-1.2857	-3.22703	
123	0.000122	-1.42524	-3.22003	
124	0.000123	-1.37431	-3.29301	
125	0.000124	-1.16216	-3.39245	
126	0.000125	-1.33296	-3.24092	
127	0.000126	-1.34078	-3.27167	
128	0.000127	-1.58162	-2.92887	
129	0.000128	-1.466	-3.28789	
130	0.000129	-1.47152	-3.25081	
131	0.00013	-1.42893	-3.11654	
132	0.000131	-1.62019	-3.02093	
133	0.000132	-1.28491	-3.21547	
134	0.000133	-1.64713	-2.96369	
135	0.000134	-1.74757	-2.90716	
136	0.000135	-1.40049	-3.12461	
137	0.000136	-1.42285	-3.06001	
138	0.000137	-1.36113	-3.1746	
139	0.000138	-1.50649	-2.95356	
140	0.000139	-1.53608	-3.06098	
141	0.00014	-1.38374	-3.09469	
142	0.000141	-1.34202	-3.04534	
143	0.000142	-1.71244	-2.91608	
144	0.000143	-1.51427	-3.0319	
145	0.000144	-1.42262	-2.9548	
146	0.000145	-1.56659	-2.97455	
147	0.000146	-1.5327	-2.99047	
148	0.000147	-1.61036	-3.09391	
149	0.000148	-1.44066	-3.05383	
150	0.000149	-1.54778	-3.18083	
151	0.00015	-1.51185	-3.13913	
152	0.000151	-1.33179	-3.23199	
153	0.000152	-1.41643	-3.2416	
154	0.000153	-1.34967	-3.38483	
155	0.000154	-1.41751	-3.27558	
156	0.000155	-1.29548	-3.37274	
157	0.000156	-1.29585	-3.32465	
158	0.000157	-1.34785	-3.14896	
159	0.000158	-1.50109	-3.13694	
160	0.000159	-1.51084	-3.21862	
161	0.00016	-1.55949	-3.15364	
162	0.000161	-1.3365	-3.26647	
163	0.000162	-1.37874	-3.26382	
164	0.000163	-1.62159	-3.25034	
165	0.000164	-1.50345	-3.25583	
166	0.000165	-1.398	-3.33884	
167	0.000166	-1.25619	-3.38709	
168	0.000167	-1.32886	-3.36976	
169	0.000168	-1.36228	-3.21041	
170	0.000169	-1.43229	-3.14247	
171	0.00017	-1.28903	-3.11805	
172	0.000171	-1.31082	-3.15664	
173	0.000172	-1.2913	-3.22554	
174	0.000173	-1.14962	-3.3774	
175	0.000174	-1.28529	-3.25635	
176	0.000175	-1.31165	-3.29377	
177	0.000176	-1.30065	-3.43904	
178	0.000177	-1.08287	-3.56193	
179	0.000178	-1.34828	-3.32728	
180	0.000179	-1.36396	-3.26404	
181	0.00018	-1.36354	-3.25566	
182	0.000181	-1.28301	-3.24431	
183	0.000182	-1.15714	-3.32659	
184	0.000183	-1.51577	-3.15519	
185	0.000184	-1.37503	-3.20307	
186	0.000185	-1.54198	-3.07827	
187	0.000186	-1.42256	-3.22856	
188	0.000187	-1.43098	-3.30538	
189	0.000188	-1.38328	-3.34731	
190	0.000189	-1.26443	-3.34177	
191	0.00019	-1.18514	-3.35159	
192	0.000191	-1.43222	-3.19201	
193	0.000192	-1.52176	-3.15771	
194	0.000193	-1.33002	-3.22469	
195	0.000194	-1.34194	-3.40304	
196	0.000195	-1.49797	-3.4545	
197	0.000196	-1.34581	-3.27729	
198	0.000197	-1.43603	-3.32317	
199	0.000198	-1.66528	-3.46646	
200	0.000199	-1.51983	-3.4425	
201	0.0002	-1.32005	-3.41369	
202	0.000201	-1.31475	-3.36575	
203	0.000202	-1.24532	-3.37707	
204	0.000203	-1.34307	-3.24605	
205	0.000204	-1.47615	-3.10549	
206	0.000205	-1.77212	-3.45927	
207	0.000206	-1.28965	-3.74984	
208	0.000207	-1.48479	-3.50662	
209	0.000208	-1.24634	-3.5914	
210	0.000209	-1.24655	-3.44052	
211	0.00021	-1.29571	-3.34653	
212	0.000211	-1.15927	-3.43533	
213	0.000212	-1.25727	-3.21955	
214	0.000213	-1.30994	-3.22637	
215	0.000214	-1.12001	-3.38437	
216	0.000215	-1.30458	-3.21126	
217	0.000216	-1.17194	-3.30773	
218	0.000217	-1.48059	-3.1668	
219	0.000218	-1.28917	-3.25799	
220	0.000219	-1.15049	-3.46349	
221	0.00022	-1.40849	-3.36983	
222	0.000221	-1.30586	-3.39474	
223	0.000222	-1.47059	-3.20691	
224	0.000223	-1.47662	-3.30151	
225	0.000224	-1.27101	-3.41944	
226	0.000225	-1.28966	-3.39238	
227	0.000226	-1.31827	-3.33985	
228	0.000227	-1.3234	-3.33558	
229	0.000228	-1.13892	-3.52028	
230	0.000229	-1.30451	-3.31964	
231	0.00023	-1.22296	-3.33863	
232	0.000231	-1.41041	-3.2498	
233	0.000232	-1.28421	-3.37942	
234	0.000233	-1.38212	-3.4161	
235	0.000234	-1.29001	-3.34697	
236	0.000235	-1.33186	-3.30202	
237	0.000236	-1.13136	-3.42565	
238	0.000237	-1.07743	-3.47637	
239	0.000238	-1.35203	-3.23997	
240	0.000239	-1.46612	-3.24307	
241	0.00024	-1.20445	-3.41304	
242	0.000241	-1.2235	-3.42859	
243	0.000242	-1.12071	-3.50224	
244	0.000243	-1.13896	-3.45476	
245	0.000244	-1.16149	-3.39264	
246	0.000245	-1.31655	-3.29882	
247	0.000246	-1.40471	-3.24553	
248	0.000247	-1.28468	-3.29073	
249	0.000248	-1.50172	-3.20303	
250	0.000249	-1.23779	-3.60961	
251	0.00025	-1.51507	-3.53169	
252	0.000251	-1.53022	-3.38373	
253	0.000252	-1.28463	-3.52826	
254	0.000253	-1.39504	-3.43581	
255	0.000254	-1.26444	-3.4901	
256	0.000255	-1.26885	-3.30742	
257	0.000256	-1.38917	-3.29312	
258	0.000257	-1.28499	-3.44041	
259	0.000258	-1.47326	-3.39189	
260	0.000259	-1.36256	-3.46197	
261	0.00026	-1.22818	-3.49507	
262	0.000261	-1.22742	-3.41311	
263	0.000262	-1.21096	-3.42611	
264	0.000263	-1.23755	-3.39405	
265	0.000264	-1.33574	-3.36306	
266	0.000265	-1.33455	-3.34242	
267	0.000266	-1.27936	-3.44523	
268	0.000267	-1.40703	-3.35151	
269	0.000268	-1.45236	-3.39488	
270	0.000269	-1.40524	-3.39954	
271	0.00027	-1.60797	-3.31616	
272	0.000271	-1.26982	-3.54904	
273	0.000272	-1.15262	-3.66103	
274	0.000273	-1.03592	-3.63259	
275	0.000274	-1.30853	-3.48261	
276	0.000275	-1.26034	-3.47203	
277	0.000276	-1.55338	-3.27818	
278	0.000277	-1.36929	-3.41226	
279	0.000278	-1.03806	-3.68513	
280	0.000279	-1.18577	-3.54216	
281	0.00028	-1.26321	-3.50718	
282	0.000281	-1.26172	-3.42097	
283	0.000282	-1.63311	-3.10889	
284	0.000283	-1.16104	-3.4617	
285	0.000284	-1.54502	-3.33566	
286	0.000285	-1.34857	-3.55158	
287	0.000286	-1.14438	-3.54937	
288	0.000287	-1.32878	-3.41721	
289	0.000288	-1.18642	-3.47259	
290	0.000289	-0.986586	-3.61647	
291	0.00029	-1.01546	-3.5221	
292	0.000291	-1.19253	-3.3684	
293	0.000292	-1.32791	-3.45161	
294	0.000293	-1.14561	-3.54677	
295	0.000294	-1.12071	-3.53934	
296	0.000295	-1.1713	-3.44921	
297	0.000296	-1.09025	-3.46937	
298	0.000297	-1.29313	-3.35626	
299	0.000298	-1.3348	-3.34725	
300	0.000299	-1.16671	-3.48009	
301	0.0003	-1.13256	-3.60985	
302	0.000301	-1.15951	-3.54778	
303	0.000302	-1.33921	-3.44662	
304	0.000303	-1.63944	-3.49158	
305	0.000304	-1.44159	-3.7986	
306	0.000305	-1.63152	-3.84301	
307	0.000306	-1.44449	-4.03188	
308	0.000307	-1.23831	-3.9101	
309	0.000308	-1.33723	-3.76841	
310	0.000309	-1.22795	-3.88465	
311	0.00031	-1.3106	-3.75217	
312	0.000311	-1.54472	-3.65461	
313	0.000312	-1.33405	-3.78884	
314	0.000313	-1.35972	-3.72938	
315	0.000314	-1.24683	-3.74616	
316	0.000315	-1.16859	-3.60423	
317	0.000316	-1.27601	-3.6462	
318	0.000317	-1.21437	-3.68038	
319	0.000318	-1.29707	-3.68201	
320	0.000319	-1.3872	-3.63953	
321	0.00032	-1.16606	-3.73036	
322	0.000321	-1.27773	-3.58354	
323	0.000322	-1.35017	-3.5019	
324	0.000323	-1.12124	-3.66289	
325	0.000324	-1.12676	-3.67968	
326	0.000325	-0.995536	-3.72491	
327	0.000326	-1.17039	-3.62745	
328	0.000327	-1.14623	-3.63792	
329	0.000328	-1.02431	-3.67864	
330	0.000329	-1.18384	-3.55107	
331	0.00033	-1.10626	-3.58522	
332	0.000331	-1.17825	-3.53361	
333	0.000332	-1.18135	-3.62745	
334	0.000333	-1.08483	-3.70278	
335	0.000334	-1.09131	-3.64129	
336	0.000335	-1.2966	-3.48188	
337	0.000336	-1.13098	-3.6433	
338	0.000337	-1.28786	-3.63794	
339	0.000338	-1.16122	-3.62958	
340	0.000339	-1.23668	-3.61969	
341	0.00034	-1.08967	-3.71829	
342	0.000341	-1.20057	-3.50926	
343	0.000342	-1.30965	-3.43939	
344	0.000343	-1.25927	-3.49065	
345	0.000344	-1.10651	-3.69717	
346	0.000345	-1.32243	-3.63473	
347	0.000346	-1.12347	-3.59153	
348	0.000347	-1.08145	-3.56821	
349	0.000348	-1.08865	-3.61812	
350	0.000349	-1.12314	-3.52029	
351	0.00035	-1.08592	-3.5001	
352	0.000351	-1.16569	-3.36652	
353	0.000352	-1.12994	-3.42934	
354	0.000353	-1.13652	-3.35535	
355	0.000354	-1.36062	-3.26366	
356	0.000355	-1.06731	-3.37742	
357	0.000356	-1.07511	-3.36845	
358	0.000357	-1.10035	-3.3598	
359	0.000358	-1.03981	-3.36623	
360	0.000359	-1.24475	-3.23479	
361	0.00036	-1.09492	-3.44656	
362	0.000361	-1.13001	-3.47142	
363	0.000362	-1.30035	-3.39084	
364	0.000363	-1.24052	-3.42198	
365	0.000364	-1.16188	-3.43551	
366	0.000365	-1.26678	-3.3842	
367	0.000366	-1.31506	-3.42562	
368	0.000367	-1.11585	-3.58635	
369	0.000368	-1.20551	-3.52056	
370	0.000369	-1.26262	-3.49371	
371	0.00037	-1.02985	-3.63545	
372	0.000371	-1.16149	-3.55614	
373	0.000372	-1.18355	-3.52923	
374	0.000373	-1.14818	-3.51969	
375	0.000374	-0.966942	-3.6544	
376	0.000375	-0.961026	-3.79332	
377	0.000376	-1.14558	-3.665	
378	0.000377	-1.19214	-3.60932	
379	0.000378	-1.43937	-3.46877	
380	0.000379	-1.26694	-3.58987	
381	0.00038	-1.1417	-3.65175	
382	0.000381	-1.24807	-3.62185	
383	0.000382	-1.17912	-3.59484	
384	0.000383	-1.19827	-3.57043	
385	0.000384	-1.28087	-3.5508	
386	0.000385	-1.22165	-3.62346	
387	0.000386	-1.17504	-3.6375	
388	0.000387	-1.23261	-3.52564	
389	0.000388	-1.12809	-3.58397	
390	0.000389	-1.12136	-3.6283	
391	0.00039	-1.12187	-3.63759	
392	0.000391	-1.19744	-3.58059	
393	0.000392	-1.24218	-3.53881	
394	0.000393	-1.13441	-3.60702	
395	0.000394	-1.22603	-3.57802	
396	0.000395	-0.931101	-3.82172	
397	0.000396	-1.21065	-3.62448	
398	0.000397	-1.32283	-3.55074	
399	0.000398	-1.49874	-3.54365	
400	0.000399	-1.61074	-3.52559	
401	0.0004	-1.40756	-3.58855	
402	0.000401	-1.33975	-3.57431	
403	0.000402	-1.22696	-3.68409	
404	0.000403	-1.23402	-3.61625	
405	0.000404	-1.1866	-3.58503	
406	0.000405	-1.28672	-3.54544	
407	0.000406	-1.16574	-3.68656	
408	0.000407	-1.31759	-3.45876	
409	0.000408	-1.21193	-3.56343	
410	0.000409	-1.19133	-3.73907	
411	0.00041	-1.15561	-3.71399	
412	0.000411	-1.24735	-3.60007	
413	0.000412	-1.36778	-3.59985	
414	0.000413	-1.22545	-3.69311	
415	0.000414	-1.2044	-3.79599	
416	0.000415	-1.32858	-3.66777	
417	0.000416	-1.2299	-3.7606	
418	0.000417	-1.43235	-3.58722	
419	0.000418	-1.24298	-3.72485	
420	0.000419	-1.39001	-3.57279	
421	0.00042	-1.26898	-3.75609	
422	0.000421	-1.13815	-3.81345	
423	0.000422	-1.11535	-3.82103	
424	0.000423	-1.19859	-3.67238	
425	0.000424	-1.20246	-3.66438	
426	0.000425	-1.14399	-3.77327	
427	0.000426	-1.09141	-3.74164	
428	0.000427	-1.1643	-3.71273	
429	0.000428	-1.1295	-3.79781	
430	0.000429	-1.2472	-3.69602	
431	0.00043	-1.32588	-3.68288	
432	0.000431	-1.05144	-3.81816	
433	0.000432	-1.27022	-3.65089	
434	0.000433	-1.19388	-3.64448	
435	0.000434	-1.35402	-3.55609	
436	0.000435	-1.15653	-3.7065	
437	0.000436	-1.22319	-3.7071	
438	0.000437	-1.14561	-3.71018	
439	0.000438	-1.20702	-3.74494	
440	0.000439	-1.06256	-3.81817	
441	0.00044	-1.0228	-3.77268	
442	0.000441	-1.16756	-3.70442	
443	0.000442	-1.34209	-3.58638	
444	0.000443	-1.39128	-3.55348	
445	0.000444	-1.24241	-3.71289	
446	0.000445	-1.13688	-3.75515	
447	0.000446	-1.15977	-3.85495	
448	0.000447	-1.14682	-3.77356	
449	0.000448	-1.32332	-3.65747	
450	0.000449	-1.16561	-3.75217	
451	0.00045	-1.22527	-3.69228	
452	0.000451	-1.17187	-3.77297	
453	0.000452	-1.12071	-3.79178	
454	0.000453	-1.2302	-3.6799	
455	0.000454	-1.1852	-3.8272	
456	0.000455	-1.13325	-3.71629	
457	0.000456	-1.4834	-3.70519	
458	0.000457	-1.2664	-3.86027	
459	0.000458	-1.22654	-3.86459	
460	0.000459	-1.20246	-3.92485	
461	0.00046	-1.31057	-3.79602	
462	0.000461	-1.16762	-3.95472	
463	0.000462	-1.22342	-3.85154	
464	0.000463	-1.16042	-3.8474	
465	0.000464	-1.22957	-3.77645	
466	0.000465	-1.20665	-3.76537	
467	0.000466	-1.09597	-3.87785	
468	0.000467	-1.1008	-3.83631	
469	0.000468	-1.18915	-3.80099	
470	0.000469	-1.26999	-3.74907	
471	0.00047	-1.0618	-3.885	
472	0.000471	-1.18109	-3.72738	
473	0.000472	-1.2385	-3.72474	
474	0.000473	-1.25724	-3.72556	
475	0.000474	-1.393	-3.78114	
476	0.000475	-1.16305	-3.78731	
477	0.000476	-1.20858	-3.79171	
478	0.000477	-1.29595	-3.76473	
479	0.000478	-1.33021	-3.7697	
480	0.000479	-1.36572	-3.74058	
481	0.00048	-1.29758	-3.74745	
482	0.000481	-1.18908	-3.80456	
483	0.000482	-1.25854	-4.06218	
484	0.000483	-1.2123	-4.17941	
485	0.000484	-1.27125	-4.0371	
486	0.000485	-1.19587	-4.1374	
487	0.000486	-1.17777	-4.0841	
488	0.000487	-1.06576	-4.07681	
489	0.000488	-1.33746	-3.79646	
490	0.000489	-1.2896	-3.94064	
491	0.00049	-1.29129	-4.08248	
492	0.000491	-1.13661	-4.13815	
493	0.000492	-1.30512	-4.10102	
494	0.000493	-1.15432	-4.15298	
495	0.000494	-1.14156	-4.076	
496	0.000495	-1.11915	-4.06534	
497	0.000496	-1.16984	-4.00497	
498	0.000497	-1.34372	-3.91268	
499	0.000498	-1.21391	-3.9261	
500	0.000499	-1.32615	-3.92072	
501	0.0005	-1.33814	-3.88138	
502	0.000501	-1.16859	-3.97079	
503	0.000502	-1.28262	-3.89023	
504	0.000503	-1.08232	-4.03659	
505	0.000504	-1.14061	-3.92437	
506	0.000505	-1.08989	-3.85757	
507	0.000506	-1.05165	-3.82439	
508	0.000507	-1.27814	-3.60165	
509	0.000508	-1.08345	-3.82695	
510	0.000509	-1.37149	-3.5831	
511	0.00051	-1.12255	-3.69084	
512	0.000511	-1.23052	-3.69043	
513	0.000512	-1.17388	-3.71151	
514	0.000513	-0.999785	-3.88673	
515	0.000514	-0.950831	-3.92439	
516	0.000515	-1.01863	-3.8635	
517	0.000516	-1.12552	-3.74728	
518	0.000517	-1.1726	-3.86037	
519	0.000518	-1.2485	-4.00535	
520	0.000519	-1.07132	-4.16029	
521	0.00052	-1.07501	-4.02824	
522	0.000521	-1.46599	-3.97366	
523	0.000522	-1.34831	-4.11754	
524	0.000523	-1.16949	-4.11407	
525	0.000524	-1.20802	-4.16668	
526	0.000525	-1.14395	-4.14386	
527	0.000526	-1.25928	-4.02964	
528	0.000527	-1.12662	-4.15078	
529	0.000528	-1.15564	-4.18234	
530	0.000529	-1.18612	-3.82049	
531	0.00053	-1.396	-3.68895	
532	0.000531	-1.28243	-3.69678	
533	0.000532	-1.13424	-3.94709	
534	0.000533	-1.17319	-3.85553	
535	0.000534	-1.58816	-3.54829	
536	0.000535	-1.31638	-3.5617	
537	0.000536	-1.23256	-3.75285	
538	0.000537	-1.02637	-3.88448	
539	0.000538	-0.978117	-3.89898	
540	0.000539	-1.04833	-3.83596	
541	0.00054	-1.13709	-3.81729	
542	0.000541	-1.07968	-3.91039	
543	0.000542	-1.15275	-3.88348	
544	0.000543	-1.31783	-3.72212	
545	0.000544	-1.23638	-3.86188	
546	0.000545	-1.06599	-3.99859	
547	0.000546	-1.21431	-3.86373	
548	0.000547	-1.00581	-4.01015	
549	0.000548	-1.02256	-4.06286	
550	0.000549	-1.10505	-4.03055	
551	0.00055	-1.23066	-3.91428	
552	0.000551	-1.17692	-3.97839	
553	0.000552	-1.22085	-4.01071	
554	0.000553	-1.58491	-3.51884	
555	0.000554	-1.32503	-3.82596	
556	0.000555	-1.16535	-3.85527	
557	0.000556	-1.37597	-4.166	
558	0.000557	-1.20242	-4.25493	
559	0.000558	-1.59201	-4.01721	
560	0.000559	-1.13516	-4.37616	
561	0.00056	-1.37631	-4.19841	
562	0.000561	-1.23998	-4.26438	
563	0.000562	-1.35211	-4.19056	
564	0.000563	-1.182	-4.24587	
565	0.000564	-1.30009	-4.13455	
566	0.000565	-1.18253	-4.28058	
567	0.000566	-1.27646	-4.16657	
568	0.000567	-1.32466	-4.17663	
569	0.000568	-1.31373	-4.13101	
570	0.000569	-1.38645	-4.22538	
571	0.00057	-1.16592	-4.36175	
572	0.000571	-1.34481	-4.16198	
573	0.000572	-1.10087	-4.30602	
574	0.000573	-1.16533	-4.16148	
575	0.000574	-1.16851	-4.14527	
576	0.000575	-1.36529	-4.11922	
577	0.000576	-1.12995	-4.36085	
578	0.000577	-1.2305	-4.24519	
579	0.000578	-1.38292	-4.00751	
580	0.000579	-1.33832	-4.07984	
581	0.00058	-1.13565	-4.2435	
582	0.000581	-1.34649	-4.03795	
583	0.000582	-1.21523	-4.06751	
584	0.000583	-1.18121	-4.07571	
585	0.000584	-1.37272	-3.93086	
586	0.000585	-1.33278	-3.97639	
587	0.000586	-1.24274	-3.98723	
588	0.000587	-1.21684	-4.08722	
589	0.000588	-1.13845	-4.20911	
590	0.000589	-1.14237	-4.18962	
591	0.00059	-1.24138	-4.09039	
592	0.000591	-1.27744	-4.10599	
593	0.000592	-1.20723	-4.21366	
594	0.000593	-1.21797	-4.03759	
595	0.000594	-1.36991	-3.90778	
596	0.000595	-1.13732	-4.17274	
597	0.000596	-1.24686	-4.17106	
598	0.000597	-1.17902	-4.18528	
599	0.000598	-1.26844	-4.11074	
600	0.000599	-1.14444	-4.22244	
601	0.0006	-1.35882	-4.06002	
602	0.000601	-1.15686	-4.09078	
603	0.000602	-1.40056	-4.02089	
604	0.000603	-1.30987	-4.1045	
605	0.000604	-1.22027	-4.12508	
606	0.000605	-1.59886	-3.89349	
607	0.000606	-1.27298	-4.19562	
608	0.000607	-1.3421	-4.14925	
609	0.000608	-1.38328	-4.07243	
610	0.000609	-1.19855	-4.19989	
611	0.00061	-1.29145	-4.07489	
612	0.000611	-1.46692	-4.01817	
613	0.000612	-1.49702	-3.99903	
614	0.000613	-1.31116	-4.20225	
615	0.000614	-1.24128	-4.17866	
616	0.000615	-1.19362	-4.2449	
617	0.000616	-1.15399	-4.42298	
618	0.000617	-1.19384	-4.32138	
619	0.000618	-1.24474	-4.33916	
620	0.000619	-1.19845	-4.32425	
621	0.00062	-1.50334	-4.19323	
622	0.000621	-1.22825	-4.28371	
623	0.000622	-1.21665	-4.16389	
624	0.000623	-1.48206	-3.90284	
625	0.000624	-1.38198	-4.0056	
626	0.000625	-1.06867	-4.19006	
627	0.000626	-1.05623	-4.15205	
628	0.000627	-1.10589	-4.1021	
629	0.000628	-1.13716	-4.10882	
630	0.000629	-0.993684	-4.22108	
631	0.00063	-1.19923	-4.08349	
632	0.000631	-1.38143	-3.87803	
633	0.000632	-1.16268	-4.18335	
634	0.000633	-1.30164	-4.05717	
635	0.000634	-1.12683	-4.23762	
636	0.000635	-1.23606	-4.21873	
637	0.000636	-1.13236	-4.25631	
638	0.000637	-1.38729	-4.10916	
639	0.000638	-1.19641	-4.33975	
640	0.000639	-1.0395	-4.37506	
641	0.00064	-1.14467	-4.3471	
642	0.000641	-1.25128	-4.35417	
643	0.000642	-1.50537	-4.17737	
644	0.000643	-1.28766	-4.28575	
645	0.000644	-1.15026	-4.34756	
646	0.000645	-1.27117	-4.16176	
647	0.000646	-1.20047	-4.24106	
648	0.000647	-1.0528	-4.30324	
649	0.000648	-1.22174	-4.21854	
650	0.000649	-1.40696	-4.08823	
651	0.00065	-1.41355	-4.07356	
652	0.000651	-1.2602	-4.16846	
653	0.000652	-1.32007	-4.14168	
654	0.000653	-1.40265	-4.1467	
655	0.000654	-1.33662	-4.29916	
656	0.000655	-1.48708	-4.22837	
657	0.000656	-1.4787	-4.15814	
658	0.000657	-1.22713	-4.48928	
659	0.000658	-1.33636	-4.31346	
660	0.000659	-1.91073	-4.18555	
661	0.00066	-1.45571	-4.70392	
662	0.000661	-1.38027	-4.86049	
663	0.000662	-1.50252	-4.61607	
664	0.000663	-1.32414	-4.8115	
665	0.000664	-1.37621	-4.77822	
666	0.000665	-1.46884	-4.60767	
667	0.000666	-1.22045	-4.74675	
668	0.000667	-1.21115	-4.64943	
669	0.000668	-1.4243	-4.40643	
670	0.000669	-1.49142	-4.39371	
671	0.00067	-1.25156	-4.51925	
672	0.000671	-1.28544	-4.41613	
673	0.000672	-1.42099	-4.38163	
674	0.000673	-1.53771	-4.09114	
675	0.000674	-1.24309	-4.23092	
676	0.000675	-1.33182	-4.27638	
677	0.000676	-1.44245	-4.31869	
678	0.000677	-1.27783	-4.52576	
679	0.000678	-1.49561	-4.3324	
680	0.000679	-1.25414	-4.56387	
681	0.00068	-1.33281	-4.52101	
682	0.000681	-1.3751	-4.24987	
683	0.000682	-1.49273	-4.30792	
684	0.000683	-1.25305	-4.3141	
685	0.000684	-1.3879	-4.32149	
686	0.000685	-1.25679	-4.33348	
687	0.000686	-1.4291	-4.19317	
688	0.000687	-1.22297	-4.35925	
689	0.000688	-1.50014	-4.06175	
690	0.000689	-1.26982	-4.47959	
691	0.00069	-1.32033	-4.43873	
692	0.000691	-1.25388	-4.42764	
693	0.000692	-1.3114	-4.34248	
694	0.000693	-1.1146	-4.69772	
695	0.000694	-1.40849	-4.40772	
696	0.000695	-1.40061	-4.43963	
697	0.000696	-1.38384	-4.49162	
698	0.000697	-1.26339	-4.55994	
699	0.000698	-1.17657	-4.5581	
700	0.000699	-1.39706	-4.45665	
701	0.0007	-1.31902	-4.50864	
702	0.000701	-1.31201	-4.31972	
703	0.000702	-1.59326	-4.26547	
704	0.000703	-1.56526	-4.25293	
705	0.000704	-1.32137	-4.42228	
706	0.000705	-1.77888	-4.45826	
707	0.000706	-1.4888	-4.71522	
708	0.000707	-1.40532	-4.74607	
709	0.000708	-1.68766	-4.34053	
710	0.000709	-1.4104	-4.48952	
711	0.00071	-1.44053	-4.45839	
712	0.000711	-1.60951	-4.36385	
713	0.000712	-1.26749	-4.57376	
714	0.000713	-1.38373	-4.33243	
715	0.000714	-1.59848	-4.43476	
716	0.000715	-1.42195	-4.60664	
717	0.000716	-1.49785	-4.54041	
718	0.000717	-1.52785	-4.518	
719	0.000718	-1.37083	-4.60167	
720	0.000719	-1.46885	-4.5068	
721	0.00072	-1.4083	-4.56218	
722	0.000721	-1.58717	-4.4545	
723	0.000722	-1.2788	-4.61683	
724	0.000723	-1.39359	-4.42811	
725	0.000724	-1.31779	-4.5572	
726	0.000725	-1.27154	-4.61373	
727	0.000726	-1.50415	-4.49016	
728	0.000727	-1.36136	-4.53917	
729	0.000728	-1.23865	-4.55143	
730	0.000729	-1.31489	-4.53057	
731	0.00073	-1.29087	-4.46382	
732	0.000731	-1.35779	-4.40027	
733	0.000732	-1.21867	-4.52229	
734	0.000733	-1.32026	-4.47529	
735	0.000734	-1.31975	-4.48396	
736	0.000735	-1.38	-4.42891	
737	0.000736	-1.48511	-4.35852	
738	0.000737	-1.20896	-4.57705	
739	0.000738	-1.17449	-4.58939	
740	0.000739	-1.16444	-4.58478	
741	0.00074	-1.32904	-4.45384	
742	0.000741	-1.31792	-4.44543	
743	0.000742	-1.36679	-4.5059	
744	0.000743	-1.22641	-4.53908	
745	0.000744	-1.39232	-4.44863	
746	0.000745	-1.29935	-4.54485	
747	0.000746	-1.35986	-4.57754	
748	0.000747	-1.39833	-4.35317	
749	0.000748	-1.4033	-4.42437	
750	0.000749	-1.27251	-4.51384	
751	0.00075	-1.55244	-4.48462	
752	0.000751	-1.50852	-4.5202	
753	0.000752	-1.17833	-4.71717	
754	0.000753	-1.59396	-4.51767	
755	0.000754	-1.47128	-4.65628	
756	0.000755	-1.35633	-4.75077	
757	0.000756	-1.31862	-4.67464	
758	0.000757	-1.44323	-4.47753	
759	0.000758	-1.35457	-4.72936	
760	0.000759	-1.29739	-4.55252	
761	0.00076	-1.4259	-4.60401	
762	0.000761	-1.31622	-4.73816	
763	0.000762	-1.61432	-4.5362	
764	0.000763	-1.31152	-4.72773	
765	0.000764	-1.36073	-4.52667	
766	0.000765	-1.32172	-4.6193	
767	0.000766	-1.55986	-4.49174	
768	0.000767	-1.2051	-4.8255	
769	0.000768	-1.33716	-4.56567	
770	0.000769	-1.21578	-4.73874	
771	0.00077	-1.31063	-4.62091	
772	0.000771	-1.72991	-4.36577	
773	0.000772	-1.24323	-4.7693	
774	0.000773	-1.52867	-4.51185	
775	0.000774	-1.52739	-4.62854	
776	0.000775	-1.32093	-4.75201	
777	0.000776	-1.42884	-4.55051	
778	0.000777	-1.54848	-4.53217	
779	0.000778	-1.24515	-4.71219	
780	0.000779	-1.80975	-4.36409	
781	0.00078	-1.33469	-4.7436	
782	0.000781	-1.28236	-4.70263	
783	0.000782	-1.16572	-4.74651	
784	0.000783	-1.38307	-4.60738	
785	0.000784	-1.39196	-4.65669	
786	0.000785	-1.59643	-4.64744	
787	0.000786	-1.66121	-4.60325	
788	0.000787	-1.59557	-4.68353	
789	0.000788	-1.39058	-4.78562	
790	0.000789	-1.34637	-4.70422	
791	0.00079	-1.43877	-4.61588	
792	0.000791	-1.60049	-4.45892	
793	0.000792	-1.4891	-4.7871	
794	0.000793	-1.50111	-4.67711	
795	0.000794	-1.72338	-4.66722	
796	0.000795	-1.6097	-5.16255	
797	0.000796	-1.42	-4.88763	
798	0.000797	-1.58095	-4.64934	
799	0.000798	-1.44464	-4.70111	
800	0.000799	-1.49765	-4.63057	
801	0.0008	-1.55614	-4.5715	
802	0.000801	-1.41084	-4.64873	
803	0.000802	-1.29335	-4.73636	
804	0.000803	-1.58828	-4.56068	
805	0.000804	-1.42812	-4.63011	
806	0.000805	-1.53359	-4.55917	
807	0.000806	-1.29479	-4.63924	
808	0.000807	-1.49738	-4.51198	
809	0.000808	-1.32226	-4.64387	
810	0.000809	-1.61029	-4.65562	
811	0.00081	-1.51784	-4.73278	
812	0.000811	-1.50642	-4.68546	
813	0.000812	-1.86667	-4.36234	
814	0.000813	-1.4795	-4.76645	
815	0.000814	-1.39121	-4.85265	
816	0.000815	-1.54544	-4.67372	
817	0.000816	-1.48869	-4.80581	
818	0.000817	-1.43279	-4.74019	
819	0.000818	-1.65346	-4.67497	
820	0.000819	-1.60371	-4.68528	
821	0.00082	-1.66798	-4.62852	
822	0.000821	-1.54881	-4.84751	
823	0.000822	-1.52089	-4.75245	
824	0.000823	-1.50435	-4.71455	
825	0.000824	-1.53504	-4.74146	
826	0.000825	-1.61624	-4.72819	
827	0.000826	-1.67424	-4.63338	
828	0.000827	-1.23763	-4.89362	
829	0.000828	-1.48393	-4.56249	
830	0.000829	-1.49698	-4.73396	
831	0.00083	-1.26711	-4.81367	
832	0.000831	-1.38693	-4.73397	
833	0.000832	-1.69524	-4.46714	
834	0.000833	-1.30997	-4.82132	
835	0.000834	-1.42394	-4.72112	
836	0.000835	-1.33381	-4.86458	
837	0.000836	-1.28915	-4.91991	
838	0.000837	-1.39653	-4.77512	
839	0.000838	-1.59604	-4.73292	
840	0.000839	-1.56459	-4.71224	
841	0.00084	-1.55622	-4.58723	
842	0.000841	-1.38347	-4.60939	
843	0.000842	-1.28488	-4.65381	
844	0.000843	-1.3569	-4.54339	
845	0.000844	-1.46468	-4.51059	
846	0.000845	-1.44901	-4.50331	
847	0.000846	-1.28834	-4.6538	
848	0.000847	-1.31629	-4.60097	
849	0.000848	-1.3782	-4.49354	
850	0.000849	-1.47875	-4.45714	
851	0.00085	-1.34063	-4.64675	
852	0.000851	-1.57909	-4.43937	
853	0.000852	-1.74327	-4.42581	
854	0.000853	-1.58984	-4.44468	
855	0.000854	-1.59356	-4.70086	
856	0.000855	-1.67985	-4.90676	
857	0.000856	-1.3655	-4.95049	
858	0.000857	-1.55834	-4.82564	
859	0.000858	-1.68441	-4.63157	
860	0.000859	-1.40972	-4.7845	
861	0.00086	-1.38684	-4.85942	
862	0.000861	-1.40783	-4.8021	
863	0.000862	-1.33287	-4.82692	
864	0.000863	-1.42395	-4.68805	
865	0.000864	-1.35187	-4.63665	
866	0.000865	-1.29236	-4.75847	
867	0.000866	-1.40268	-4.61671	
868	0.000867	-1.59862	-4.45996	
869	0.000868	-1.48897	-4.55068	
870	0.000869	-1.67017	-4.39283	
871	0.00087	-1.25201	-4.69849	
872	0.000871	-1.38345	-4.56528	
873	0.000872	-1.54591	-4.48404	
874	0.000873	-1.38253	-4.57098	
875	0.000874	-1.5012	-4.44561	
876	0.000875	-1.51434	-4.50936	
877	0.000876	-1.45535	-4.53051	
878	0.000877	-1.52038	-4.49956	
879	0.000878	-1.44397	-4.5746	
880	0.000879	-1.48834	-4.49263	
881	0.00088	-1.72614	-4.35545	
882	0.000881	-1.4804	-4.66159	
883	0.000882	-1.49548	-4.58308	
884	0.000883	-1.29451	-4.7485	
885	0.000884	-1.57678	-4.40654	
886	0.000885	-1.34442	-4.64277	
887	0.000886	-1.71452	-4.34897	
888	0.000887	-1.39909	-4.53738	
889	0.000888	-1.58346	-4.43204	
890	0.000889	-1.44055	-4.52747	
891	0.00089	-1.38768	-4.54791	
892	0.000891	-1.52197	-4.38592	
893	0.000892	-1.61042	-4.31635	
894	0.000893	-1.48559	-4.45081	
895	0.000894	-1.44622	-4.39945	
896	0.000895	-1.81013	-4.14043	
897	0.000896	-1.31928	-4.53114	
898	0.000897	-1.44381	-4.30846	
899	0.000898	-1.98417	-3.95052	
900	0.000899	-1.60999	-4.39146	
901	0.0009	-1.54288	-4.51197	
902	0.000901	-1.55059	-4.38379	
903	0.000902	-1.37626	-4.38709	
904	0.000903	-1.52007	-4.32685	
905	0.000904	-1.6634	-4.21513	
906	0.000905	-1.4518	-4.4111	
907	0.000906	-1.52912	-4.34847	
908	0.000907	-1.40303	-4.46424	
909	0.000908	-1.74495	-4.14281	
910	0.000909	-1.43817	-4.52675	
911	0.00091	-1.6165	-4.35944	
912	0.000911	-1.58783	-4.27097	
913	0.000912	-1.46666	-4.42205	
914	0.000913	-1.55722	-4.35896	
915	0.000914	-1.24126	-4.56433	
916	0.000915	-1.33743	-4.45842	
917	0.000916	-1.43769	-4.27909	
918	0.000917	-1.3712	-4.30288	
919	0.000918	-1.4812	-4.32541	
920	0.000919	-1.45014	-4.27731	
921	0.00092	-1.50631	-4.26161	
922	0.000921	-1.37127	-4.47612	
923	0.000922	-1.45726	-4.24523	
924	0.000923	-1.66066	-4.03955	
925	0.000924	-1.55394	-4.28521	
926	0.000925	-1.49797	-4.17268	
927	0.000926	-1.44568	-4.26108	
928	0.000927	-1.53202	-4.15837	
929	0.000928	-1.41883	-4.18941	
930	0.000929	-1.51495	-4.0908	
931	0.00093	-1.57527	-4.12681	
932	0.000931	-1.43883	-4.22628	
933	0.000932	-1.33875	-4.27115	
934	0.000933	-1.23786	-4.31538	
935	0.000934	-1.31114	-4.13781	
936	0.000935	-1.63456	-4.15097	
937	0.000936	-1.63364	-4.3092	
938	0.000937	-1.49653	-4.29501	
939	0.000938	-1.53839	-4.25731	
940	0.000939	-1.55855	-4.27896	
941	0.00094	-1.41312	-4.38386	
942	0.000941	-1.77427	-4.14872	
943	0.000942	-1.45411	-4.29348	
944	0.000943	-1.37267	-4.21708	
945	0.000944	-1.78847	-3.87683	
946	0.000945	-1.67301	-4.07913	
947	0.000946	-1.43643	-4.24246	
948	0.000947	-1.47464	-4.05473	
949	0.000948	-1.67061	-3.85868	
950	0.000949	-1.59934	-3.95925	
951	0.00095	-1.24113	-4.22566	
952	0.000951	-1.39853	-4.08894	
953	0.000952	-1.29017	-4.16264	
954	0.000953	-1.1589	-4.23755	
955	0.000954	-1.44167	-3.99838	
956	0.000955	-1.31206	-4.143	
957	0.000956	-1.33079	-4.16466	
958	0.000957	-1.31231	-4.07943	
959	0.000958	-1.38853	-3.92809	
960	0.000959	-1.04144	-4.2869	
961	0.00096	-1.23469	-4.11868	
962	0.000961	-1.28411	-4.11524	
963	0.000962	-1.17921	-4.32223	
964	0.000963	-1.20981	-4.22192	
965	0.000964	-1.23897	-4.33578	
966	0.000965	-1.23114	-4.39396	
967	0.000966	-1.29754	-4.38589	
968	0.000967	-1.40898	-4.26725	
969	0.000968	-1.32847	-4.25569	
970	0.000969	-1.35117	-4.20997	
971	0.00097	-1.36546	-4.18511	
972	0.000971	-1.34698	-4.23224	
973	0.000972	-1.28181	-4.16608	
974	0.000973	-1.25745	-4.25371	
975	0.000974	-1.38507	-4.22017	
976	0.000975	-1.40663	-4.13503	
977	0.000976	-1.55542	-4.1023	
978	0.000977	-1.34917	-4.29324	
979	0.000978	-1.64006	-4.0225	
980	0.000979	-1.38787	-4.1822	
981	0.00098	-1.43246	-4.16221	
982	0.000981	-1.25992	-4.26415	
983	0.000982	-1.26653	-4.28607	
984	0.000983	-1.83948	-3.79509	
985	0.000984	-1.45878	-4.16601	
986	0.000985	-1.34566	-4.18472	
987	0.000986	-1.53663	-3.9219	
988	0.000987	-1.65837	-3.85873	
989	0.000988	-1.72896	-4.16077	
990	0.000989	-1.66134	-4.26342	
991	0.00099	-1.58686	-4.3776	
992	0.000991	-1.44081	-4.58084	
993	0.000992	-1.77538	-4.34032	
994	0.000993	-1.49082	-4.60438	
995	0.000994	-1.66214	-4.35381	
996	0.000995	-1.56768	-4.42137	
997	0.000996	-1.28877	-4.55852	
998	0.000997	-1.66025	-4.17992	
999	0.000998	-1.44236	-4.31602	
1000	0.000999	-1.6498	-4.24745	
1001	0.001	-1.58461	-4.32673	
1002	0.001001	-1.52153	-4.32626	
1003	0.001002	-1.38626	-4.36005	
1004	0.001003	-1.33826	-4.4213	
1005	0.001004	-1.35682	-4.33899	
1006	0.001005	-1.56118	-4.46174	
1007	0.001006	-1.32805	-4.53139	
1008	0.001007	-1.57306	-4.27451	
1009	0.001008	-1.38443	-4.55604	
1010	0.001009	-1.25205	-4.58494	
1011	0.00101	-1.36108	-4.42497	
1012	0.001011	-1.43624	-4.33299	
1013	0.001012	-1.35414	-4.3882	
1014	0.001013	-1.2635	-4.46141	
1015	0.001014	-1.25153	-4.36579	
1016	0.001015	-1.60171	-4.07331	
1017	0.001016	-1.51193	-4.24058	
1018	0.001017	-1.35734	-4.45519	
1019	0.001018	-1.46705	-4.45305	
1020	0.001019	-1.56194	-4.23514	
1021	0.00102	-1.58604	-4.4203	
1022	0.001021	-1.23021	-4.63935	
1023	0.001022	-1.58019	-4.30937	
1024	0.001023	-1.38372	-4.55969	
1025	0.001024	-1.31816	-4.68524	
1026	0.001025	-1.3316	-4.57787	
1027	0.001026	-1.39223	-4.58115	
1028	0.001027	-1.42291	-4.5542	
1029	0.001028	-1.36059	-4.52259	
1030	0.001029	-1.44158	-4.44212	
1031	0.00103	-1.57925	-4.42	
1032	0.001031	-1.45778	-4.52957	
1033	0.001032	-1.60463	-4.43444	
1034	0.001033	-1.62739	-4.34894	
1035	0.001034	-1.88349	-4.47811	
1036	0.001035	-1.38315	-4.87098	
1037	0.001036	-1.78076	-4.50773	
1038	0.001037	-1.6419	-4.68502	
1039	0.001038	-1.52825	-4.67834	
1040	0.001039	-1.58823	-4.6067	
1041	0.00104	-1.67461	-4.51755	
1042	0.001041	-1.57625	-4.59389	
1043	0.001042	-1.51784	-4.62439	
1044	0.001043	-1.76572	-4.49694	
1045	0.001044	-1.71508	-4.4668	
1046	0.001045	-1.71622	-4.57078	
1047	0.001046	-1.81162	-4.54762	
1048	0.001047	-1.89672	-4.75411	
1049	0.001048	-1.62174	-5.05503	
1050	0.001049	-1.76384	-4.84241	
1051	0.00105	-1.78576	-4.7582	
1052	0.001051	-1.64758	-4.8496	
1053	0.001052	-1.62204	-4.91295	
1054	0.001053	-1.58839	-4.88563	
1055	0.001054	-1.62517	-4.83975	
1056	0.001055	-1.65673	-4.77705	
1057	0.001056	-1.95619	-4.63981	
1058	0.001057	-1.8164	-4.79088	
1059	0.001058	-1.85484	-4.81966	
1060	0.001059	-1.69096	-4.93091	
1061	0.00106	-1.55904	-5.07554	
1062	0.001061	-1.55891	-5.05727	
1063	0.001062	-1.63122	-4.97064	
1064	0.001063	-1.78934	-4.83333	
1065	0.001064	-1.801	-4.87818	
1066	0.001065	-1.81983	-4.88502	
1067	0.001066	-1.66764	-4.96044	
1068	0.001067	-1.54697	-4.91737	
1069	0.001068	-1.90546	-4.69792	
1070	0.001069	-1.77582	-4.86885	
1071	0.00107	-1.47988	-5.09588	
1072	0.001071	-1.9014	-4.73632	
1073	0.001072	-1.97531	-5.00886	
1074	0.001073	-1.86349	-5.15734	
1075	0.001074	-1.69404	-5.26195	
1076	0.001075	-1.59327	-5.1849	
1077	0.001076	-1.91969	-5.03741	
1078	0.001077	-1.74788	-5.18729	
1079	0.001078	-1.66972	-5.21509	
1080	0.001079	-1.67229	-5.1626	
1081	0.00108	-1.76781	-5.07305	
1082	0.001081	-1.61679	-5.27009	
1083	0.001082	-1.70701	-5.27911	
1084	0.001083	-1.97488	-5.01716	
1085	0.001084	-1.71807	-5.22499	
1086	0.001085	-1.92353	-5.07074	
1087	0.001086	-1.77352	-5.13939	
1088	0.001087	-1.95221	-4.92213	
1089	0.001088	-1.70147	-5.21144	
1090	0.001089	-1.95016	-5.03215	
1091	0.00109	-1.66538	-5.31582	
1092	0.001091	-1.61773	-5.3651	
1093	0.001092	-1.85393	-4.99391	
1094	0.001093	-1.77957	-5.12099	
1095	0.001094	-1.87152	-5.14026	
1096	0.001095	-2.05008	-5.11116	
1097	0.001096	-1.63715	-5.36377	
1098	0.001097	-1.97912	-5.08894	
1099	0.001098	-1.69503	-5.28154	
1100	0.001099	-1.84408	-5.23525	
1101	0.0011	-1.79589	-5.33649	
1102	0.001101	-2.028	-5.23717	
1103	0.001102	-1.95083	-5.26892	
1104	0.001103	-2.01161	-5.1403	
1105	0.001104	-2.04106	-5.24921	
1106	0.001105	-2.29385	-5.20198	
1107	0.001106	-1.94519	-5.69169	
1108	0.001107	-1.76004	-5.52426	
1109	0.001108	-1.80633	-5.4603	
1110	0.001109	-1.98156	-5.39467	
1111	0.00111	-1.54648	-5.76212	
1112	0.001111	-1.80238	-5.35089	
1113	0.001112	-1.90998	-5.33925	
1114	0.001113	-1.81348	-5.38877	
1115	0.001114	-2.0939	-5.27094	
1116	0.001115	-1.99235	-5.32798	
1117	0.001116	-1.69608	-5.54766	
1118	0.001117	-1.98526	-5.38105	
1119	0.001118	-2.09862	-5.40395	
1120	0.001119	-2.08785	-5.29711	
1121	0.00112	-1.9298	-5.34263	
1122	0.001121	-1.89323	-5.32904	
1123	0.001122	-2.12386	-5.07422	
1124	0.001123	-1.93397	-5.25911	
1125	0.001124	-1.81619	-5.36582	
1126	0.001125	-2.01991	-5.25661	
1127	0.001126	-1.78724	-5.46705	
1128	0.001127	-2.17566	-5.19414	
1129	0.001128	-2.28599	-5.13157	
1130	0.001129	-1.90897	-5.48152	
1131	0.00113	-2.05576	-5.3167	
1132	0.001131	-1.97403	-5.43987	
1133	0.001132	-2.06285	-5.38417	
1134	0.001133	-2.12452	-5.11183	
1135	0.001134	-1.90475	-5.32453	
1136	0.001135	-1.82725	-5.48963	
1137	0.001136	-2.04402	-5.34806	
1138	0.001137	-1.75163	-5.58659	
1139	0.001138	-2.21385	-5.22483	
1140	0.001139	-1.78392	-5.59643	
1141	0.00114	-1.81284	-5.65049	
1142	0.001141	-1.85992	-5.53843	
1143	0.001142	-1.85724	-5.61957	
1144	0.001143	-1.99196	-5.48873	
1145	0.001144	-2.16596	-5.31665	
1146	0.001145	-2.24937	-5.30303	
1147	0.001146	-1.9445	-5.65816	
1148	0.001147	-1.83603	-5.65747	
1149	0.001148	-2.08506	-5.34915	
1150	0.001149	-1.84943	-5.61766	
1151	0.00115	-1.91969	-5.45417	
1152	0.001151	-1.91506	-5.54461	
1153	0.001152	-1.99017	-5.51758	
1154	0.001153	-1.98337	-5.58924	
1155	0.001154	-1.83695	-5.60293	
1156	0.001155	-1.72754	-5.54328	
1157	0.001156	-1.9445	-5.39836	
1158	0.001157	-2.01787	-5.25477	
1159	0.001158	-2.11104	-5.28999	
1160	0.001159	-1.93499	-5.33404	
1161	0.00116	-1.90023	-5.43434	
1162	0.001161	-1.8949	-5.41943	
1163	0.001162	-1.9743	-5.32204	
1164	0.001163	-1.92323	-5.35544	
1165	0.001164	-2.15495	-5.24335	
1166	0.001165	-1.9436	-5.34182	
1167	0.001166	-1.84669	-5.33463	
1168	0.001167	-1.91664	-5.21956	
1169	0.001168	-2.01922	-5.16981	
1170	0.001169	-1.99388	-5.171	
1171	0.00117	-1.76597	-5.44843	
1172	0.001171	-1.95146	-5.38356	
1173	0.001172	-1.78654	-5.62639	
1174	0.001173	-2.10648	-5.2445	
1175	0.001174	-2.01311	-5.25053	
1176	0.001175	-2.21053	-5.14706	
1177	0.001176	-1.77526	-5.535	
1178	0.001177	-1.67453	-5.41117	
1179	0.001178	-1.85393	-5.26895	
1180	0.001179	-1.88137	-5.38333	
1181	0.00118	-1.99305	-5.22832	
1182	0.001181	-1.89078	-5.23279	
1183	0.001182	-1.94967	-5.22789	
1184	0.001183	-1.87713	-5.24778	
1185	0.001184	-1.76107	-5.39653	
1186	0.001185	-2.03647	-5.17581	
1187	0.001186	-2.05903	-5.30722	
1188	0.001187	-1.7067	-5.64574	
1189	0.001188	-2.12762	-5.27962	
1190	0.001189	-1.95125	-5.43912	
1191	0.00119	-2.06602	-5.25291	
1192	0.001191	-2.18301	-5.19312	
1193	0.001192	-1.84682	-5.4015	
1194	0.001193	-2.13089	-5.11863	
1195	0.001194	-2.15257	-5.17912	
1196	0.001195	-2.06841	-5.34766	
1197	0.001196	-1.81493	-5.38065	
1198	0.001197	-1.91101	-5.28393	
1199	0.001198	-1.84598	-5.34849	
1200	0.001199	-2.1536	-5.11245	
1201	0.0012	-2.14147	-5.15053	
1202	0.001201	-1.97452	-5.29875	
1203	0.001202	-2.41996	-5.01494	
1204	0.001203	-2.04171	-5.26519	
1205	0.001204	-2.06111	-5.16026	
1206	0.001205	-2.18415	-5.18961	
1207	0.001206	-2.14795	-5.2916	
1208	0.001207	-1.84855	-5.43364	
1209	0.001208	-2.06406	-5.17878	
1210	0.001209	-1.84764	-5.23847	
1211	0.00121	-1.91543	-5.20075	
1212	0.001211	-1.92235	-5.30385	
1213	0.001212	-2.0623	-5.13147	
1214	0.001213	-1.99016	-5.25767	
1215	0.001214	-2.14869	-5.15454	
1216	0.001215	-1.77827	-5.45895	
1217	0.001216	-1.70692	-5.51964	
1218	0.001217	-1.76833	-5.45683	
1219	0.001218	-2.01552	-5.23775	
1220	0.001219	-1.9115	-5.28572	
1221	0.00122	-1.9854	-5.29358	
1222	0.001221	-1.87606	-5.3458	
1223	0.001222	-1.90647	-5.23935	
1224	0.001223	-2.02522	-5.10309	
1225	0.001224	-1.97784	-5.1788	
1226	0.001225	-2.35297	-4.82358	
1227	0.001226	-1.93326	-5.09613	
1228	0.001227	-1.74169	-5.34603	
1229	0.001228	-1.8861	-5.22681	
1230	0.001229	-2.17105	-4.93748	
1231	0.00123	-2.15547	-5.06239	
1232	0.001231	-1.84623	-5.26594	
1233	0.001232	-1.99871	-5.08785	
1234	0.001233	-2.07217	-5.09601	
1235	0.001234	-2.00878	-5.11946	
1236	0.001235	-1.95582	-5.13188	
1237	0.001236	-1.93583	-5.13598	
1238	0.001237	-2.01065	-5.22249	
1239	0.001238	-2.23892	-4.97374	
1240	0.001239	-2.02116	-5.00266	
1241	0.00124	-2.14659	-5.03403	
1242	0.001241	-2.05554	-4.93427	
1243	0.001242	-2.09375	-5.03052	
1244	0.001243	-1.93574	-5.04663	
1245	0.001244	-1.87888	-5.15239	
1246	0.001245	-1.89239	-5.17173	
1247	0.001246	-1.9536	-5.07259	
1248	0.001247	-2.1486	-4.81436	
1249	0.001248	-1.78142	-5.10012	
1250	0.001249	-1.93196	-4.98424	
1251	0.00125	-1.96801	-4.95746	
1252	0.001251	-1.52782	-5.24416	
1253	0.001252	-1.68315	-5.12945	
1254	0.001253	-1.74199	-5.04222	
1255	0.001254	-1.97586	-4.85373	
1256	0.001255	-1.92609	-4.81491	
1257	0.001256	-1.86519	-4.90244	
1258	0.001257	-1.88205	-4.92419	
1259	0.001258	-1.91062	-4.86906	
1260	0.001259	-2.0737	-4.66985	
1261	0.00126	-1.81925	-4.87464	
1262	0.001261	-2.04466	-4.62245	
1263	0.001262	-2.02675	-4.65004	
1264	0.001263	-1.87447	-4.83571	
1265	0.001264	-1.94732	-4.78262	
1266	0.001265	-2.04654	-4.57286	
1267	0.001266	-1.85984	-4.7563	
1268	0.001267	-2.01173	-4.62674	
1269	0.001268	-2.02185	-4.72584	
1270	0.001269	-1.94463	-4.78498	
1271	0.00127	-1.73339	-4.88215	
1272	0.001271	-1.85957	-4.78931	
1273	0.001272	-1.9442	-4.66693	
1274	0.001273	-1.79431	-4.79785	
1275	0.001274	-1.79972	-4.69868	
1276	0.001275	-1.88688	-4.7151	
1277	0.001276	-1.9481	-4.90094	
1278	0.001277	-2.07597	-4.62264	
1279	0.001278	-1.91761	-4.77177	
1280	0.001279	-1.66445	-4.75981	
1281	0.00128	-1.68674	-4.68822	
1282	0.001281	-1.89691	-4.46018	
1283	0.001282	-1.58757	-4.64052	
1284	0.001283	-1.90738	-4.59707	
1285	0.001284	-1.82789	-4.73806	
1286	0.001285	-1.87622	-4.6696	
1287	0.001286	-1.76902	-4.71378	
1288	0.001287	-2.18045	-4.24696	
1289	0.001288	-1.83268	-4.49666	
1290	0.001289	-1.95446	-4.3514	
1291	0.00129	-1.86823	-4.39579	
1292	0.001291	-1.91864	-4.38905	
1293	0.001292	-1.93773	-4.35146	
1294	0.001293	-1.68117	-4.50201	
1295	0.001294	-1.62724	-4.42814	
1296	0.001295	-1.76443	-4.44096	
1297	0.001296	-1.78251	-4.45612	
1298	0.001297	-1.61031	-4.55485	
1299	0.001298	-1.80135	-4.36179	
1300	0.001299	-2.23198	-4.0062	
1301	0.0013	-1.73627	-4.41417	
1302	0.001301	-1.91037	-4.35816	
1303	0.001302	-1.90088	-4.3493	
1304	0.001303	-1.77552	-4.43749	
1305	0.001304	-1.84796	-4.27009	
1306	0.001305	-2.1867	-4.08383	
1307	0.001306	-2.02645	-4.28245	
1308	0.001307	-1.99416	-4.16727	
1309	0.001308	-2.30039	-4.05439	
1310	0.001309	-1.96295	-4.3474	
1311	0.00131	-1.98598	-4.07002	
1312	0.001311	-1.83845	-4.13404	
1313	0.001312	-2.45823	-3.82928	
1314	0.001313	-1.69823	-4.51104	
1315	0.001314	-2.17802	-3.88848	
1316	0.001315	-2.05787	-4.07722	
1317	0.001316	-1.83311	-4.33236	
1318	0.001317	-1.83287	-4.43361	
1319	0.001318	-2.08198	-4.21217	
1320	0.001319	-2.16975	-4.17216	
1321	0.00132	-1.86179	-4.36751	
1322	0.001321	-1.64154	-4.52511	
1323	0.001322	-1.66815	-4.41437	
1324	0.001323	-1.8778	-4.21853	
1325	0.001324	-1.91876	-4.20893	
1326	0.001325	-1.94136	-4.31066	
1327	0.001326	-1.83018	-4.17038	
1328	0.001327	-1.68824	-4.32463	
1329	0.001328	-1.70776	-4.24432	
1330	0.001329	-1.77055	-4.1681	
1331	0.00133	-1.77517	-4.14186	
1332	0.001331	-1.80764	-4.06758	
1333	0.001332	-1.71654	-4.22292	
1334	0.001333	-2.13083	-3.97715	
1335	0.001334	-1.85142	-4.16545	
1336	0.001335	-1.98088	-4.02985	
1337	0.001336	-1.74563	-4.13902	
1338	0.001337	-2.12726	-3.77049	
1339	0.001338	-2.10252	-3.72982	
1340	0.001339	-1.69309	-4.03054	
1341	0.00134	-1.91933	-3.90242	
1342	0.001341	-1.85958	-3.95965	
1343	0.001342	-2.02704	-3.8389	
1344	0.001343	-1.86785	-3.92105	
1345	0.001344	-1.96057	-3.87358	
1346	0.001345	-1.77573	-4.13646	
1347	0.001346	-1.70337	-4.04081	
1348	0.001347	-1.80495	-4.06597	
1349	0.001348	-1.75258	-4.03456	
1350	0.001349	-1.78237	-3.84199	
1351	0.00135	-1.94936	-3.80446	
1352	0.001351	-2.19217	-3.70634	
1353	0.001352	-1.88029	-3.88318	
1354	0.001353	-1.71212	-4.00137	
1355	0.001354	-1.83281	-3.8374	
1356	0.001355	-2.02985	-3.5707	
1357	0.001356	-1.94033	-3.73248	
1358	0.001357	-1.7484	-3.92394	
1359	0.001358	-1.71012	-3.82243	
1360	0.001359	-1.8885	-3.63366	
1361	0.00136	-1.97573	-3.68115	
1362	0.001361	-2.14025	-3.67667	
1363	0.001362	-1.98313	-3.7913	
1364	0.001363	-2.09539	-3.66316	
1365	0.001364	-2.18557	-3.64134	
1366	0.001365	-2.18142	-3.67731	
1367	0.001366	-1.95477	-3.74088	
1368	0.001367	-1.86438	-3.74637	
1369	0.001368	-2.23551	-3.46514	
1370	0.001369	-2.06997	-3.58239	
1371	0.00137	-1.89763	-3.62067	
1372	0.001371	-1.93622	-3.60991	
1373	0.001372	-2.18664	-3.45912	
1374	0.001373	-1.97123	-3.62733	
1375	0.001374	-1.85076	-3.72276	
1376	0.001375	-2.10787	-3.52045	
1377	0.001376	-2.01522	-3.61254	
1378	0.001377	-1.85958	-3.64259	
1379	0.001378	-2.04836	-3.49018	
1380	0.001379	-1.8218	-3.67498	
1381	0.00138	-1.81947	-3.60266	
1382	0.001381	-1.83768	-3.54841	
1383	0.001382	-1.94451	-3.50115	
1384	0.001383	-1.75007	-3.64561	
1385	0.001384	-1.8072	-3.61379	
1386	0.001385	-1.82923	-3.51273	
1387	0.001386	-1.92794	-3.3649	
1388	0.001387	-1.75668	-3.52798	
1389	0.001388	-1.65401	-3.59666	
1390	0.001389	-2.12283	-3.37986	
1391	0.00139	-2.0255	-3.51821	
1392	0.001391	-2.02333	-3.54639	
1393	0.001392	-1.91371	-3.54166	
1394	0.001393	-2.01226	-3.43848	
1395	0.001394	-1.9443	-3.47847	
1396	0.001395	-1.9572	-3.45667	
1397	0.001396	-1.99469	-3.31905	
1398	0.001397	-1.6469	-3.67071	
1399	0.001398	-1.93664	-3.47248	
1400	0.001399	-1.72404	-3.609	
1401	0.0014	-2.04147	-3.39053	
1402	0.001401	-1.67394	-3.63871	
1403	0.001402	-1.86019	-3.50843	
1404	0.001403	-1.93933	-3.43349	
1405	0.001404	-1.91252	-3.45424	
1406	0.001405	-2.03503	-3.3598	
1407	0.001406	-1.88468	-3.48597	
1408	0.001407	-1.70993	-3.55484	
1409	0.001408	-1.75736	-3.49619	
1410	0.001409	-1.73806	-3.47282	
1411	0.00141	-1.94847	-3.44954	
1412	0.001411	-2.05696	-3.38678	
1413	0.001412	-2.01924	-3.43316	
1414	0.001413	-1.79981	-3.55418	
1415	0.001414	-2.0354	-3.42347	
1416	0.001415	-2.09533	-3.39966	
1417	0.001416	-1.87141	-3.63473	
1418	0.001417	-1.7859	-3.68104	
1419	0.001418	-1.85918	-3.61972	
1420	0.001419	-1.95757	-3.6104	
1421	0.00142	-2.16919	-3.56775	
1422	0.001421	-2.31473	-3.37285	
1423	0.001422	-1.99857	-3.51857	
1424	0.001423	-1.86226	-3.62837	
1425	0.001424	-1.78719	-3.57728	
1426	0.001425	-1.77434	-3.48328	
1427	0.001426	-1.83213	-3.46675	
1428	0.001427	-2.13446	-3.15331	
1429	0.001428	-1.78141	-3.69196	
1430	0.001429	-2.17693	-3.30032	
1431	0.00143	-1.68971	-3.53732	
1432	0.001431	-2.12951	-3.24775	
1433	0.001432	-1.78734	-3.58548	
1434	0.001433	-2.04157	-3.37345	
1435	0.001434	-1.81115	-3.58964	
1436	0.001435	-2.28757	-3.25163	
1437	0.001436	-2.26132	-3.25691	
1438	0.001437	-2.00394	-3.69096	
1439	0.001438	-1.86578	-3.69576	
1440	0.001439	-1.86343	-3.69523	
1441	0.00144	-1.78479	-3.68052	
1442	0.001441	-2.06839	-3.38761	
1443	0.001442	-1.72372	-3.74789	
1444	0.001443	-2.04507	-3.45065	
1445	0.001444	-1.97955	-3.48181	
1446	0.001445	-1.83827	-3.60148	
1447	0.001446	-1.82759	-3.56236	
1448	0.001447	-1.94357	-3.41948	
1449	0.001448	-2.01075	-3.364	
1450	0.001449	-2.17688	-3.26947	
1451	0.00145	-1.88494	-3.47618	
1452	0.001451	-2.02267	-3.34759	
1453	0.001452	-1.92695	-3.52766	
1454	0.001453	-2.05126	-3.31309	
1455	0.001454	-2.15235	-3.20926	
1456	0.001455	-1.96973	-3.40901	
1457	0.001456	-1.76997	-3.46048	
1458	0.001457	-1.99619	-3.30755	
1459	0.001458	-2.20337	-3.09128	
1460	0.001459	-1.91137	-3.40859	
1461	0.00146	-1.79993	-3.42945	
1462	0.001461	-2.05681	-3.21925	
1463	0.001462	-1.82241	-3.55008	
1464	0.001463	-1.64319	-3.48723	
1465	0.001464	-1.85539	-3.2141	
1466	0.001465	-1.95999	-3.16769	
1467	0.001466	-1.79204	-3.40652	
1468	0.001467	-1.84654	-3.23791	
1469	0.001468	-1.75542	-3.35877	
1470	0.001469	-1.77354	-3.29212	
1471	0.00147	-1.92587	-3.1475	
1472	0.001471	-2.01867	-3.10281	
1473	0.001472	-1.87638	-3.22332	
1474	0.001473	-2.07361	-3.1097	
1475	0.001474	-1.82691	-3.33689	
1476	0.001475	-1.876	-3.20376	
1477	0.001476	-1.81883	-3.19693	
1478	0.001477	-1.82968	-3.15395	
1479	0.001478	-2.01228	-3.07307	
1480	0.001479	-1.93577	-3.08936	
1481	0.00148	-1.99254	-3.05164	
1482	0.001481	-2.12385	-2.97936	
1483	0.001482	-1.93509	-3.19383	
1484	0.001483	-1.90656	-3.13187	
1485	0.001484	-2.15256	-2.9445	
1486	0.001485	-2.15674	-3.04652	
1487	0.001486	-2.01481	-3.09496	
1488	0.001487	-1.98465	-2.94489	
1489	0.001488	-1.98204	-3.0215	
1490	0.001489	-1.96738	-3.14155	
1491	0.00149	-1.74446	-3.10821	
1492	0.001491	-2.0597	-2.92022	
1493	0.001492	-1.92257	-3.07939	
1494	0.001493	-2.1859	-2.87239	
1495	0.001494	-2.00747	-3.13797	
1496	0.001495	-2.2679	-2.66189	
1497	0.001496	-2.07809	-2.83975	
1498	0.001497	-1.70883	-3.10385	
1499	0.001498	-1.61773	-3.13274	
1500	0.001499	-2.51577	-2.66117	
1501	0.0015	-1.76993	-3.41958	
1502	0.001501	-1.74189	-3.29613	
1503	0.001502	-2.18936	-2.86258	
1504	0.001503	-2.02402	-3.05729	
1505	0.001504	-1.90753	-3.1286	
1506	0.001505	-1.84885	-3.05187	
1507	0.001506	-2.02629	-2.90093	
1508	0.001507	-2.02306	-2.92882	
1509	0.001508	-2.14492	-2.81205	
1510	0.001509	-1.67954	-3.23946	
1511	0.00151	-1.65034	-3.08682	
1512	0.001511	-1.70873	-3.05279	
1513	0.001512	-1.97865	-2.83102	
1514	0.001513	-1.86809	-2.96398	
1515	0.001514	-2.11922	-2.94428	
1516	0.001515	-1.92996	-3.05959	
1517	0.001516	-1.89041	-3.19742	
1518	0.001517	-1.64609	-3.40958	
1519	0.001518	-1.79785	-3.23453	
1520	0.001519	-1.84032	-3.07892	
1521	0.00152	-2.00677	-2.87045	
1522	0.001521	-1.9681	-2.90748	
1523	0.001522	-2.03611	-2.91877	
1524	0.001523	-1.88844	-2.9798	
1525	0.001524	-1.9684	-2.82211	
1526	0.001525	-1.5702	-3.15125	
1527	0.001526	-2.02857	-2.76458	
1528	0.001527	-2.02693	-2.73564	
1529	0.001528	-2.05336	-2.7457	
1530	0.001529	-2.09045	-2.76254	
1531	0.00153	-2.28264	-2.66269	
1532	0.001531	-1.82388	-3.02381	
1533	0.001532	-1.8982	-2.96695	
1534	0.001533	-1.8367	-3.04373	
1535	0.001534	-1.92315	-2.91084	
1536	0.001535	-1.70598	-3.09516	
1537	0.001536	-2.10135	-2.70882	
1538	0.001537	-1.93449	-2.77979	
1539	0.001538	-1.63747	-3.01776	
1540	0.001539	-1.795	-2.87242	
1541	0.00154	-2.01726	-2.7494	
1542	0.001541	-1.81021	-2.86069	
1543	0.001542	-1.5153	-3.07961	
1544	0.001543	-1.64962	-2.89678	
1545	0.001544	-1.80761	-2.75338	
1546	0.001545	-1.82605	-2.65676	
1547	0.001546	-1.62542	-2.91801	
1548	0.001547	-1.71509	-2.88943	
1549	0.001548	-1.66822	-2.83897	
1550	0.001549	-1.65599	-2.62224	
1551	0.00155	-1.64525	-2.63396	
1552	0.001551	-1.7758	-2.58567	
1553	0.001552	-1.63903	-2.64602	
1554	0.001553	-1.47202	-2.94258	
1555	0.001554	-1.41398	-2.97693	
1556	0.001555	-1.39812	-2.9692	
1557	0.001556	-1.61076	-2.79828	
1558	0.001557	-1.33442	-2.88792	
1559	0.001558	-1.55037	-2.70603	
1560	0.001559	-1.69355	-2.73868	
1561	0.00156	-1.58725	-2.82574	
1562	0.001561	-1.41276	-3.0463	
1563	0.001562	-1.30592	-2.98206	
1564	0.001563	-1.41507	-2.79553	
1565	0.001564	-1.44589	-2.73237	
1566	0.001565	-1.60476	-2.53102	
1567	0.001566	-1.428	-2.6599	
1568	0.001567	-1.3848	-2.65879	
1569	0.001568	-1.51098	-2.51386	
1570	0.001569	-1.85264	-2.31675	
1571	0.00157	-1.60598	-2.58066	
1572	0.001571	-1.62546	-2.51581	
1573	0.001572	-2.07693	-2.1453	
1574	0.001573	-2.18593	-2.13439	
1575	0.001574	-1.94039	-2.38157	
1576	0.001575	-1.82234	-2.53389	
1577	0.001576	-1.84014	-2.49836	
1578	0.001577	-1.94326	-2.82773	
1579	0.001578	-1.97794	-2.69901	
1580	0.001579	-1.78698	-2.74111	
1581	0.00158	-1.88818	-2.57359	
1582	0.001581	-2.09956	-2.68275	
1583	0.001582	-1.70722	-2.87544	
1584	0.001583	-1.74881	-2.76866	
1585	0.001584	-1.7089	-2.74049	
1586	0.001585	-1.68446	-2.65715	
1587	0.001586	-1.50296	-2.78136	
1588	0.001587	-1.41435	-2.76726	
1589	0.001588	-1.65014	-2.73081	
1590	0.001589	-1.48309	-2.82318	
1591	0.00159	-1.51793	-2.76323	
1592	0.001591	-1.45235	-2.7284	
1593	0.001592	-1.32684	-2.78165	
1594	0.001593	-1.58623	-2.56947	
1595	0.001594	-1.74588	-2.39389	
1596	0.001595	-1.78751	-2.45888	
1597	0.001596	-1.65185	-2.49726	
1598	0.001597	-1.59666	-2.58834	
1599	0.001598	-1.47952	-2.66583	
1600	0.001599	-1.45886	-2.69761	
1601	0.0016	-1.56603	-2.63951	
1602	0.001601	-1.55681	-2.63183	
1603	0.001602	-1.59463	-2.57604	
1604	0.001603	-1.69034	-2.44542	
1605	0.001604	-1.7379	-2.40919	
1606	0.001605	-1.45987	-2.68193	
1607	0.001606	-1.77814	-2.30732	
1608	0.001607	-1.68248	-2.48225	
1609	0.001608	-1.62739	-2.56234	
1610	0.001609	-1.54437	-2.45231	
1611	0.00161	-1.79858	-2.30186	
1612	0.001611	-1.80751	-2.38438	
1613	0.001612	-1.40586	-2.71976	
1614	0.001613	-1.69587	-2.60397	
1615	0.001614	-1.58485	-2.66447	
1616	0.001615	-1.62654	-2.61262	
1617	0.001616	-1.64156	-2.56785	
1618	0.001617	-1.73503	-2.47236	
1619	0.001618	-1.6229	-2.56329	
1620	0.001619	-1.54861	-2.69675	
1621	0.00162	-1.50014	-2.69318	
1622	0.001621	-1.71365	-2.59138	
1623	0.001622	-1.60841	-2.57693	
1624	0.001623	-1.54742	-2.60235	
1625	0.001624	-1.68133	-2.47924	
1626	0.001625	-1.54137	-2.63071	
1627	0.001626	-1.30593	-2.67373	
1628	0.001627	-1.57095	-2.70901	
1629	0.001628	-1.46227	-2.81423	
1630	0.001629	-1.48648	-2.73496	
1631	0.00163	-1.61192	-2.53963	
1632	0.001631	-1.58689	-2.69621	
1633	0.001632	-1.676	-2.53367	
1634	0.001633	-1.67391	-2.50303	
1635	0.001634	-1.62022	-2.5195	
1636	0.001635	-1.85004	-2.30579	
1637	0.001636	-1.59276	-2.63765	
1638	0.001637	-1.6593	-2.42346	
1639	0.001638	-1.71738	-2.48849	
1640	0.001639	-1.51538	-2.62882	
1641	0.00164	-1.60183	-2.57325	
1642	0.001641	-1.70485	-2.55152	
1643	0.001642	-1.79152	-2.60748	
1644	0.001643	-1.74663	-2.46233	
1645	0.001644	-1.88933	-2.4177	
1646	0.001645	-1.79166	-2.49319	
1647	0.001646	-1.65637	-2.54804	
1648	0.001647	-1.69231	-2.49065	
1649	0.001648	-1.7411	-2.66914	
1650	0.001649	-2.15903	-2.37525	
1651	0.00165	-1.55816	-2.75046	
1652	0.001651	-1.68343	-2.5242	
1653	0.001652	-1.41522	-2.72056	
1654	0.001653	-1.50942	-2.70132	
1655	0.001654	-1.4971	-2.69162	
1656	0.001655	-1.67576	-2.58555	
1657	0.001656	-1.51363	-2.72772	
1658	0.001657	-1.44588	-2.66051	
1659	0.001658	-1.41064	-2.58339	
1660	0.001659	-1.44496	-2.53391	
1661	0.00166	-1.32078	-2.64518	
1662	0.001661	-1.46561	-2.6336	
1663	0.001662	-1.56226	-2.59714	
1664	0.001663	-1.49034	-2.67257	
1665	0.001664	-1.95841	-2.3508	
1666	0.001665	-1.86857	-2.50721	
1667	0.001666	-1.75229	-2.64247	
1668	0.001667	-1.79499	-2.3567	
1669	0.001668	-1.89158	-2.54343	
1670	0.001669	-1.51571	-2.77271	
1671	0.00167	-1.77618	-2.65047	
1672	0.001671	-1.52877	-2.6976	
1673	0.001672	-1.50825	-2.64763	
1674	0.001673	-1.4403	-2.75597	
1675	0.001674	-1.52889	-2.61964	
1676	0.001675	-1.52232	-2.63888	
1677	0.001676	-1.50611	-2.61367	
1678	0.001677	-1.29268	-2.75149	
1679	0.001678	-1.83707	-2.29879	
1680	0.001679	-1.6105	-2.55599	
1681	0.00168	-1.49309	-2.50169	
1682	0.001681	-1.58505	-2.58377	
1683	0.001682	-1.37393	-2.57801	
1684	0.001683	-1.71944	-2.39716	
1685	0.001684	-1.55593	-2.45577	
1686	0.001685	-1.31674	-2.70774	
1687	0.001686	-1.42844	-2.53747	
1688	0.001687	-1.26028	-2.64995	
1689	0.001688	-1.31996	-2.60117	
1690	0.001689	-1.50209	-2.47594	
1691	0.00169	-1.42063	-2.66279	
1692	0.001691	-1.46327	-2.64865	
1693	0.001692	-1.56324	-2.5758	
1694	0.001693	-1.62069	-2.65956	
1695	0.001694	-1.49853	-2.74557	
1696	0.001695	-1.66684	-2.52961	
1697	0.001696	-1.56576	-2.70875	
1698	0.001697	-1.54385	-2.76211	
1699	0.001698	-1.52219	-2.82702	
1700	0.001699	-1.99685	-2.53308	
1701	0.0017	-1.72703	-2.69369	
1702	0.001701	-1.44274	-2.87821	
1703	0.001702	-1.7673	-2.67374	
1704	0.001703	-1.72121	-2.70032	
1705	0.001704	-1.48839	-2.83794	
1706	0.001705	-1.43674	-2.89725	
1707	0.001706	-1.4921	-2.72246	
1708	0.001707	-1.59875	-2.80172	
1709	0.001708	-1.46122	-2.86537	
1710	0.001709	-1.41461	-2.88632	
1711	0.00171	-1.70497	-2.83054	
1712	0.001711	-1.8807	-2.65536	
1713	0.001712	-1.88809	-2.59912	
1714	0.001713	-1.7405	-2.75644	
1715	0.001714	-1.73924	-2.71696	
1716	0.001715	-1.56164	-2.83899	
1717	0.001716	-1.22013	-3.1216	
1718	0.001717	-1.60042	-2.79346	
1719	0.001718	-1.27691	-2.99565	
1720	0.001719	-1.47748	-2.88258	
1721	0.00172	-1.62968	-2.70645	
1722	0.001721	-1.52556	-2.7866	
1723	0.001722	-1.41242	-2.821	
1724	0.001723	-1.56295	-2.70844	
1725	0.001724	-1.70508	-2.68056	
1726	0.001725	-1.77574	-2.58825	
1727	0.001726	-1.57061	-2.93185	
1728	0.001727	-1.45424	-3.12492	
1729	0.001728	-1.62674	-3.07934	
1730	0.001729	-1.63955	-3.04754	
1731	0.00173	-1.48037	-3.22824	
1732	0.001731	-1.44783	-3.17827	
1733	0.001732	-1.41268	-3.16528	
1734	0.001733	-1.47289	-3.0598	
1735	0.001734	-1.6404	-2.90222	
1736	0.001735	-1.50418	-3.10762	
1737	0.001736	-1.56631	-3.01587	
1738	0.001737	-1.50881	-3.07895	
1739	0.001738	-1.44662	-3.19606	
1740	0.001739	-1.55638	-3.00345	
1741	0.00174	-1.56313	-3.01706	
1742	0.001741	-1.65854	-3.00088	
1743	0.001742	-1.34424	-3.29602	
1744	0.001743	-1.24994	-3.28735	
1745	0.001744	-1.17402	-3.27958	
1746	0.001745	-1.46848	-3.13809	
1747	0.001746	-1.21152	-3.24484	
1748	0.001747	-1.17031	-3.18942	
1749	0.001748	-1.35653	-3.134	
1750	0.001749	-1.44566	-3.02297	
1751	0.00175	-1.90343	-2.68502	
1752	0.001751	-1.62931	-3.03307	
1753	0.001752	-1.51641	-3.15745	
1754	0.001753	-1.59867	-3.16406	
1755	0.001754	-1.62309	-3.0884	
1756	0.001755	-1.41508	-3.28465	
1757	0.001756	-1.60573	-3.2046	
1758	0.001757	-2.12432	-2.66305	
1759	0.001758	-1.95026	-2.93952	
1760	0.001759	-1.82435	-3.10975	
1761	0.00176	-1.43328	-3.45603	
1762	0.001761	-1.68313	-3.34001	
1763	0.001762	-1.67956	-3.27367	
1764	0.001763	-1.77309	-3.16976	
1765	0.001764	-1.60053	-3.52252	
1766	0.001765	-1.83308	-3.14459	
1767	0.001766	-1.64736	-3.30516	
1768	0.001767	-1.86511	-3.05503	
1769	0.001768	-1.46102	-3.39271	
1770	0.001769	-1.48691	-3.42507	
1771	0.00177	-1.35864	-3.39687	
1772	0.001771	-1.56973	-3.38077	
1773	0.001772	-1.45498	-3.66579	
1774	0.001773	-1.78757	-3.3695	
1775	0.001774	-1.6651	-3.57623	
1776	0.001775	-1.44726	-3.73102	
1777	0.001776	-1.68006	-3.52759	
1778	0.001777	-1.58883	-3.64367	
1779	0.001778	-1.79529	-3.51813	
1780	0.001779	-1.74036	-3.59939	
1781	0.00178	-1.3921	-3.91627	
1782	0.001781	-1.72537	-3.70539	
1783	0.001782	-1.47248	-3.96716	
1784	0.001783	-1.53428	-3.80338	
1785	0.001784	-1.26388	-4.06135	
1786	0.001785	-1.43048	-3.85612	
1787	0.001786	-1.62009	-3.58183	
1788	0.001787	-1.60665	-3.56679	
1789	0.001788	-1.44576	-3.60411	
1790	0.001789	-1.41169	-3.59309	
1791	0.00179	-1.6522	-3.26339	
1792	0.001791	-1.75132	-3.38475	
1793	0.001792	-1.54864	-3.61996	
1794	0.001793	-1.40911	-3.72186	
1795	0.001794	-1.38449	-3.70957	
1796	0.001795	-1.40643	-3.74249	
1797	0.001796	-1.53841	-3.65876	
1798	0.001797	-1.64516	-3.60352	
1799	0.001798	-1.61607	-3.58407	
1800	0.001799	-1.82254	-3.54679	
1801	0.0018	-1.46265	-3.9181	
1802	0.001801	-1.3975	-3.95209	
1803	0.001802	-1.58917	-3.8282	
1804	0.001803	-1.68115	-3.73893	
1805	0.001804	-1.55512	-3.84962	
1806	0.001805	-1.62758	-3.70986	
1807	0.001806	-1.54504	-3.79514	
1808	0.001807	-1.7336	-3.76524	
1809	0.001808	-1.64742	-3.96179	
1810	0.001809	-1.34062	-4.10711	
1811	0.00181	-1.42792	-4.00932	
1812	0.001811	-1.44823	-3.97702	
1813	0.001812	-1.39562	-3.998	
1814	0.001813	-1.5606	-3.86322	
1815	0.001814	-1.44389	-3.98958	
1816	0.001815	-1.31726	-4.02136	
1817	0.001816	-1.51463	-3.93005	
1818	0.001817	-1.39194	-4.03522	
1819	0.001818	-1.62464	-3.86405	
1820	0.001819	-1.41593	-4.01203	
1821	0.00182	-1.42935	-3.99387	
1822	0.001821	-1.24421	-4.13841	
1823	0.001822	-1.62361	-3.78803	
1824	0.001823	-1.30189	-4.04939	
1825	0.001824	-1.56106	-3.74826	
1826	0.001825	-1.58359	-3.81508	
1827	0.001826	-1.53987	-3.90711	
1828	0.001827	-1.57387	-3.86923	
1829	0.001828	-1.90127	-3.6127	
1830	0.001829	-1.38944	-4.08021	
1831	0.00183	-1.78711	-3.72285	
1832	0.001831	-1.60474	-3.91937	
1833	0.001832	-1.47695	-3.99634	
1834	0.001833	-1.5522	-4.09164	
1835	0.001834	-1.59034	-4.04271	
1836	0.001835	-1.4194	-4.08325	
1837	0.001836	-1.6904	-3.96009	
1838	0.001837	-1.50815	-4.18339	
1839	0.001838	-1.60169	-3.99779	
1840	0.001839	-1.69944	-4.14669	
1841	0.00184	-1.54902	-4.40266	
1842	0.001841	-1.57282	-4.45845	
1843	0.001842	-1.68349	-4.33128	
1844	0.001843	-1.96945	-4.2298	
1845	0.001844	-1.93538	-4.22878	
1846	0.001845	-1.51366	-4.45799	
1847	0.001846	-1.58773	-4.3553	
1848	0.001847	-1.61823	-4.1786	
1849	0.001848	-1.61213	-4.11357	
1850	0.001849	-1.58624	-4.20874	
1851	0.00185	-1.57293	-4.25006	
1852	0.001851	-1.66917	-4.21004	
1853	0.001852	-1.41839	-4.41189	
1854	0.001853	-1.62902	-4.2505	
1855	0.001854	-1.53566	-4.24075	
1856	0.001855	-1.5478	-4.28055	
1857	0.001856	-1.66097	-4.16481	
1858	0.001857	-1.63823	-4.17053	
1859	0.001858	-1.71135	-3.98887	
1860	0.001859	-1.65573	-4.09702	
1861	0.00186	-1.70253	-4.08833	
1862	0.001861	-1.70695	-4.21248	
1863	0.001862	-1.60665	-4.35618	
1864	0.001863	-1.56726	-4.37459	
1865	0.001864	-1.5064	-4.30641	
1866	0.001865	-1.49404	-4.34854	
1867	0.001866	-1.42339	-4.29671	
1868	0.001867	-1.73336	-4.1847	
1869	0.001868	-1.65623	-4.22982	
1870	0.001869	-1.69641	-4.10287	
1871	0.00187	-1.79991	-4.1061	
1872	0.001871	-1.41676	-4.52462	
1873	0.001872	-1.72709	-4.15771	
1874	0.001873	-1.52225	-4.4426	
1875	0.001874	-1.39236	-4.3578	
1876	0.001875	-1.59673	-4.43766	
1877	0.001876	-1.60544	-4.23607	
1878	0.001877	-1.91388	-3.89619	
1879	0.001878	-1.89319	-3.99276	
1880	0.001879	-1.45391	-4.36146	
1881	0.00188	-1.58056	-4.14551	
1882	0.001881	-1.7212	-4.05493	
1883	0.001882	-1.57759	-4.23236	
1884	0.001883	-1.49515	-4.19139	
1885	0.001884	-1.60083	-4.04538	
1886	0.001885	-1.64942	-4.13181	
1887	0.001886	-1.5644	-4.15274	
1888	0.001887	-1.53805	-4.27271	
1889	0.001888	-1.62148	-4.15166	
1890	0.001889	-1.26183	-4.40489	
1891	0.00189	-1.62599	-4.07265	
1892	0.001891	-1.52931	-4.21576	
1893	0.001892	-1.3488	-4.1864	
1894	0.001893	-1.62353	-4.23908	
1895	0.001894	-1.66412	-4.29473	
1896	0.001895	-1.67323	-4.22691	
1897	0.001896	-1.75914	-4.11539	
1898	0.001897	-1.80463	-4.39426	
1899	0.001898	-1.72907	-4.23716	
1900	0.001899	-1.55354	-4.27157	
1901	0.0019	-1.39126	-4.32828	
1902	0.001901	-1.42099	-4.22003	
1903	0.001902	-1.49256	-4.18744	
1904	0.001903	-1.94713	-3.99893	
1905	0.001904	-1.33256	-4.42134	
1906	0.001905	-1.64324	-4.24269	
1907	0.001906	-1.62908	-4.26858	
1908	0.001907	-1.67527	-4.30533	
1909	0.001908	-1.47728	-4.34639	
1910	0.001909	-1.6445	-4.24244	
1911	0.00191	-1.66218	-4.33804	
1912	0.001911	-1.76615	-4.18733	
1913	0.001912	-1.50136	-4.43753	
1914	0.001913	-1.53431	-4.33087	
1915	0.001914	-1.51203	-4.31025	
1916	0.001915	-1.2338	-4.3485	
1917	0.001916	-1.74844	-3.92178	
1918	0.001917	-2.09688	-3.78741	
1919	0.001918	-1.62161	-4.25912	
1920	0.001919	-1.87222	-4.02122	
1921	0.00192	-1.51176	-4.32345	
1922	0.001921	-1.4429	-4.40007	
1923	0.001922	-1.60424	-4.17006	
1924	0.001923	-1.65584	-4.08699	
1925	0.001924	-1.52508	-4.14355	
1926	0.001925	-1.62883	-4.04308	
1927	0.001926	-1.57714	-4.04667	
1928	0.001927	-1.2905	-4.31068	
1929	0.001928	-1.7528	-3.92761	
1930	0.001929	-1.59156	-4.14939	
1931	0.00193	-1.77328	-3.96485	
1932	0.001931	-1.87769	-3.99701	
1933	0.001932	-1.66732	-4.06056	
1934	0.001933	-1.57345	-4.09423	
1935	0.001934	-1.40432	-4.11566	
1936	0.001935	-1.56456	-4.18352	
1937	0.001936	-1.8074	-4.00853	
1938	0.001937	-1.45056	-4.36682	
1939	0.001938	-1.50579	-4.27161	
1940	0.001939	-1.54796	-4.2251	
1941	0.00194	-1.25729	-4.38856	
1942	0.001941	-1.79692	-3.89557	
1943	0.001942	-1.52494	-4.08898	
1944	0.001943	-1.44134	-4.24811	
1945	0.001944	-1.48455	-4.24793	
1946	0.001945	-1.61552	-4.19583	
1947	0.001946	-1.47468	-4.17381	
1948	0.001947	-1.62859	-4.14302	
1949	0.001948	-1.59664	-4.05942	
1950	0.001949	-1.61421	-4.11467	
1951	0.00195	-1.4139	-4.31646	
1952	0.001951	-1.47411	-4.15676	
1953	0.001952	-1.63804	-4.11833	
1954	0.001953	-1.72621	-4.20224	
1955	0.001954	-1.52601	-4.15956	
1956	0.001955	-1.70426	-4.00453	
1957	0.001956	-1.70094	-4.04506	
1958	0.001957	-1.67324	-4.09457	
1959	0.001958	-1.6293	-4.08174	
1960	0.001959	-1.49791	-4.08327	
1961	0.00196	-1.58572	-3.96605	
1962	0.001961	-1.61728	-4.09042	
1963	0.001962	-1.66778	-4.01545	
1964	0.001963	-1.39882	-4.27547	
1965	0.001964	-1.43291	-4.16638	
1966	0.001965	-1.53322	-4.04053	
1967	0.001966	-1.80578	-3.82361	
1968	0.001967	-1.7823	-4.01423	
1969	0.001968	-1.69256	-3.99752	
1970	0.001969	-1.76976	-3.86142	
1971	0.00197	-1.59758	-3.87121	
1972	0.001971	-1.55143	-3.91883	
1973	0.001972	-1.47854	-3.97217	
1974	0.001973	-1.35284	-3.99945	
1975	0.001974	-1.37557	-3.99529	
1976	0.001975	-1.47208	-3.85395	
1977	0.001976	-1.32304	-3.96187	
1978	0.001977	-1.53869	-3.86227	
1979	0.001978	-1.68874	-3.73377	
1980	0.001979	-1.52062	-3.91268	
1981	0.00198	-1.29696	-4.10803	
1982	0.001981	-1.3432	-4.05689	
1983	0.001982	-1.38809	-4.03225	
1984	0.001983	-1.29825	-4.01535	
1985	0.001984	-1.41556	-3.90597	
1986	0.001985	-1.53882	-3.79215	
1987	0.001986	-1.53767	-3.76978	
1988	0.001987	-1.39958	-3.88337	
1989	0.001988	-1.30136	-3.96106	
1990	0.001989	-1.47563	-3.77244	
1991	0.00199	-1.28479	-3.93742	
1992	0.001991	-1.7462	-3.53425	
1993	0.001992	-1.30936	-3.88041	
1994	0.001993	-1.43552	-3.66738	
1995	0.001994	-1.30291	-3.81807	
1996	0.001995	-1.41066	-3.8321	
1997	0.001996	-1.56463	-3.75703	
1998	0.001997	-1.56726	-3.75677	
1999	0.001998	-1.45071	-3.77555	
2000	0.001999	-1.30067	-3.93909	
2001	0.002	-1.33503	-3.87399	
2002	0.002001	-1.39345	-3.78872	
2003	0.002002	-1.37665	-3.80866	
2004	0.002003	-1.51735	-3.66909	
2005	0.002004	-1.39794	-3.90596	
2006	0.002005	-1.384	-3.8367	
2007	0.002006	-1.49407	-3.69589	
2008	0.002007	-1.3597	-3.79932	
2009	0.002008	-1.44119	-3.73068	
2010	0.002009	-1.62174	-3.57152	
2011	0.00201	-1.52838	-3.6633	
2012	0.002011	-1.67184	-3.53562	
2013	0.002012	-1.39139	-3.63332	
2014	0.002013	-1.45842	-3.55495	
2015	0.002014	-1.47849	-3.64462	
2016	0.002015	-1.3909	-3.6226	
2017	0.002016	-1.6773	-3.34225	
2018	0.002017	-1.48849	-3.53865	
2019	0.002018	-1.37573	-3.56721	
2020	0.002019	-1.55975	-3.44404	
2021	0.00202	-1.45572	-3.48207	
2022	0.002021	-1.33953	-3.49733	
2023	0.002022	-1.32674	-3.4688	
2024	0.002023	-1.50793	-3.31684	
2025	0.002024	-1.33405	-3.46378	
2026	0.002025	-1.23085	-3.38275	
2027	0.002026	-1.57386	-3.09197	
2028	0.002027	-1.41053	-3.26772	
2029	0.002028	-1.43247	-3.19029	
2030	0.002029	-1.3568	-3.25768	
2031	0.00203	-1.50405	-3.07575	
2032	0.002031	-1.32691	-3.37547	
2033	0.002032	-1.42333	-3.15463	
2034	0.002033	-1.37176	-3.21529	
2035	0.002034	-1.33951	-3.32192	
2036	0.002035	-1.4488	-3.26565	
2037	0.002036	-1.1557	-3.46365	
2038	0.002037	-1.3154	-3.30803	
2039	0.002038	-1.4985	-3.1047	
2040	0.002039	-1.2411	-3.34296	
2041	0.00204	-1.45438	-3.14321	
2042	0.002041	-1.47752	-3.14185	
2043	0.002042	-1.13315	-3.35323	
2044	0.002043	-1.34257	-3.18443	
2045	0.002044	-1.32953	-3.27208	
2046	0.002045	-1.42898	-3.08764	
2047	0.002046	-1.40893	-3.04455	
2048	0.002047	-1.49269	-2.95831	
2049	0.002048	-1.27935	-3.18683	
2050	0.002049	-1.47602	-3.08783	
2051	0.00205	-1.13988	-3.25753	
2052	0.002051	-1.13016	-3.28558	
2053	0.002052	-1.5324	-2.98158	
2054	0.002053	-1.35795	-3.15756	
2055	0.002054	-1.1215	-3.18876	
2056	0.002055	-1.23082	-3.07405	
2057	0.002056	-1.20739	-3.10372	
2058	0.002057	-1.17785	-3.1079	
2059	0.002058	-1.2416	-2.96347	
2060	0.002059	-1.13157	-3.07341	
2061	0.00206	-1.32298	-2.91054	
2062	0.002061	-1.36071	-2.86623	
2063	0.002062	-1.2812	-2.82694	
2064	0.002063	-1.76262	-2.54192	
2065	0.002064	-1.49719	-2.80442	
2066	0.002065	-1.63041	-2.72931	
2067	0.002066	-1.18974	-3.0746	
2068	0.002067	-1.18241	-3.02902	
2069	0.002068	-1.16325	-3.00072	
2070	0.002069	-1.16391	-3.07462	
2071	0.00207	-1.19844	-2.91548	
2072	0.002071	-1.22576	-2.92162	
2073	0.002072	-1.30766	-2.8418	
2074	0.002073	-1.16615	-2.92753	
2075	0.002074	-1.38421	-2.74161	
2076	0.002075	-1.36566	-2.65121	
2077	0.002076	-1.033	-3.00577	
2078	0.002077	-1.29022	-2.88371	
2079	0.002078	-1.49606	-3.20617	
2080	0.002079	-1.70777	-2.76521	
2081	0.00208	-1.3191	-2.92149	
2082	0.002081	-1.20594	-2.89549	
2083	0.002082	-1.44177	-2.64726	
2084	0.002083	-1.50764	-2.52881	
2085	0.002084	-1.31978	-2.72389	
2086	0.002085	-1.27272	-2.64096	
2087	0.002086	-1.3021	-2.54353	
2088	0.002087	-1.2571	-2.72117	
2089	0.002088	-1.14396	-2.59712	
2090	0.002089	-1.25717	-2.49945	
2091	0.00209	-1.40341	-3.06732	
2092	0.002091	-1.48972	-3.05337	
2093	0.002092	-1.31456	-3.11237	
2094	0.002093	-1.4019	-2.97061	
2095	0.002094	-1.38734	-2.77338	
2096	0.002095	-1.14212	-2.83608	
2097	0.002096	-1.31738	-2.50627	
2098	0.002097	-1.42067	-2.41831	
2099	0.002098	-1.42659	-2.324	
2100	0.002099	-1.34672	-2.33459	
2101	0.0021	-1.14923	-2.52751	
2102	0.002101	-1.50249	-2.23292	
2103	0.002102	-1.22876	-2.34737	
2104	0.002103	-1.34889	-2.38914	
2105	0.002104	-1.12527	-2.52258	
2106	0.002105	-1.1169	-2.52137	
2107	0.002106	-1.49175	-2.45669	
2108	0.002107	-1.4587	-2.57293	
2109	0.002108	-1.35956	-2.69357	
2110	0.002109	-1.47169	-2.52854	
2111	0.00211	-1.34268	-2.66338	
2112	0.002111	-1.27712	-2.69806	
2113	0.002112	-1.44087	-2.5487	
2114	0.002113	-1.29913	-2.63825	
2115	0.002114	-1.25014	-2.59618	
2116	0.002115	-1.05263	-2.68827	
2117	0.002116	-1.30408	-2.4196	
2118	0.002117	-1.27238	-2.38547	
2119	0.002118	-1.26936	-2.66088	
2120	0.002119	-1.05602	-2.80087	
2121	0.00212	-1.2369	-2.55223	
2122	0.002121	-1.08499	-2.59188	
2123	0.002122	-1.32528	-2.48292	
2124	0.002123	-1.59769	-2.20361	
2125	0.002124	-1.35104	-2.46255	
2126	0.002125	-1.37538	-2.46476	
2127	0.002126	-1.61519	-2.22361	
2128	0.002127	-1.25463	-2.5501	
2129	0.002128	-1.34965	-2.45303	
2130	0.002129	-1.29352	-2.50761	
2131	0.00213	-1.23761	-2.45543	
2132	0.002131	-1.18628	-2.4617	
2133	0.002132	-1.35721	-2.42627	
2134	0.002133	-1.2464	-2.6396	
2135	0.002134	-1.52903	-2.3646	
2136	0.002135	-1.38993	-2.52894	
2137	0.002136	-1.18346	-2.65926	
2138	0.002137	-1.38052	-2.5163	
2139	0.002138	-1.2556	-2.51281	
2140	0.002139	-1.33903	-2.44649	
2141	0.00214	-1.40418	-2.42971	
2142	0.002141	-1.65669	-2.25557	
2143	0.002142	-1.29829	-2.54886	
2144	0.002143	-1.3335	-2.42114	
2145	0.002144	-1.33624	-2.27465	
2146	0.002145	-1.41222	-2.26062	
2147	0.002146	-1.50448	-2.24437	
2148	0.002147	-1.28096	-2.48056	
2149	0.002148	-1.26513	-2.57499	
2150	0.002149	-1.61257	-2.26506	
2151	0.00215	-1.50911	-2.37659	
2152	0.002151	-1.65303	-2.23498	
2153	0.002152	-1.51554	-2.37372	
2154	0.002153	-1.39993	-2.45518	
2155	0.002154	-1.21525	-2.62774	
2156	0.002155	-1.33845	-2.44973	
2157	0.002156	-1.67957	-2.21001	
2158	0.002157	-1.38827	-2.48602	
2159	0.002158	-1.55415	-2.39919	
2160	0.002159	-1.52337	-2.55608	
2161	0.00216	-1.53259	-2.54276	
2162	0.002161	-1.39336	-2.59816	
2163	0.002162	-1.39594	-2.60175	
2164	0.002163	-1.49362	-2.43837	
2165	0.002164	-1.37664	-2.57909	
2166	0.002165	-1.27894	-2.54091	
2167	0.002166	-1.74222	-2.1688	
2168	0.002167	-1.54352	-2.31545	
2169	0.002168	-1.44241	-2.2899	
2170	0.002169	-1.20888	-2.47936	
2171	0.00217	-1.53039	-2.46189	
2172	0.002171	-1.40864	-2.6119	
2173	0.002172	-1.25527	-2.67553	
2174	0.002173	-1.23958	-2.66542	
2175	0.002174	-1.2755	-2.62588	
2176	0.002175	-1.27165	-2.60989	
2177	0.002176	-1.09565	-2.71062	
2178	0.002177	-1.21047	-2.60092	
2179	0.002178	-1.07794	-2.70501	
2180	0.002179	-1.35979	-2.3758	
2181	0.00218	-1.179	-2.66581	
2182	0.002181	-1.38291	-2.43625	
2183	0.002182	-1.33602	-2.78989	
2184	0.002183	-1.80986	-2.35473	
2185	0.002184	-1.39533	-2.66794	
2186	0.002185	-1.5828	-2.61762	
2187	0.002186	-1.45847	-2.6919	
2188	0.002187	-1.47823	-2.71256	
2189	0.002188	-1.19724	-2.92976	
2190	0.002189	-1.69159	-2.48721	
2191	0.00219	-1.30734	-2.86967	
2192	0.002191	-1.43543	-2.7002	
2193	0.002192	-1.44857	-2.696	
2194	0.002193	-1.64136	-2.54709	
2195	0.002194	-1.53279	-2.70899	
2196	0.002195	-1.28539	-2.96952	
2197	0.002196	-1.2361	-3.02275	
2198	0.002197	-1.36746	-2.81936	
2199	0.002198	-1.29847	-2.83548	
2200	0.002199	-1.36724	-2.76112	
2201	0.0022	-1.29924	-2.91459	
2202	0.002201	-1.32582	-2.86895	
2203	0.002202	-1.27395	-2.92182	
2204	0.002203	-1.22139	-2.92074	
2205	0.002204	-1.33335	-2.77437	
2206	0.002205	-1.42782	-2.77342	
2207	0.002206	-1.49568	-2.77283	
2208	0.002207	-1.69449	-2.62927	
2209	0.002208	-1.40074	-2.89883	
2210	0.002209	-1.43152	-2.87308	
2211	0.00221	-1.57061	-2.75413	
2212	0.002211	-1.2435	-2.99106	
2213	0.002212	-1.29385	-2.90843	
2214	0.002213	-1.34196	-2.92348	
2215	0.002214	-1.44987	-2.88447	
2216	0.002215	-1.3575	-2.95302	
2217	0.002216	-1.65402	-2.69398	
2218	0.002217	-1.49857	-2.91673	
2219	0.002218	-1.71885	-2.62035	
2220	0.002219	-1.36355	-2.9402	
2221	0.00222	-1.54798	-2.88312	
2222	0.002221	-1.65294	-2.78543	
2223	0.002222	-1.4074	-2.98876	
2224	0.002223	-1.34399	-3.0157	
2225	0.002224	-1.41446	-2.87593	
2226	0.002225	-1.46133	-2.78152	
2227	0.002226	-1.54744	-2.66862	
2228	0.002227	-1.57317	-2.62891	
2229	0.002228	-1.38834	-2.79527	
2230	0.002229	-1.22969	-2.90244	
2231	0.00223	-1.4949	-2.83338	
2232	0.002231	-1.31818	-3.00111	
2233	0.002232	-1.35491	-2.91198	
2234	0.002233	-1.07399	-3.10698	
2235	0.002234	-1.47079	-2.7571	
2236	0.002235	-1.28092	-2.83959	
2237	0.002236	-1.31213	-2.8468	
2238	0.002237	-1.17759	-2.96344	
2239	0.002238	-1.1769	-2.92612	
2240	0.002239	-1.26072	-2.86404	
2241	0.00224	-1.45311	-2.78179	
2242	0.002241	-1.51901	-2.77355	
2243	0.002242	-1.28202	-2.96696	
2244	0.002243	-1.31222	-2.92411	
2245	0.002244	-1.32065	-2.87694	
2246	0.002245	-1.58765	-2.69597	
2247	0.002246	-1.39855	-2.87115	
2248	0.002247	-1.50216	-2.77419	
2249	0.002248	-1.52846	-2.77302	
2250	0.002249	-1.26583	-2.93869	
2251	0.00225	-1.4748	-2.8666	
2252	0.002251	-1.44578	-2.91611	
2253	0.002252	-1.61922	-2.8242	
2254	0.002253	-1.44422	-2.96828	
2255	0.002254	-1.70927	-2.75428	
2256	0.002255	-1.43671	-3.03589	
2257	0.002256	-1.49813	-2.98087	
2258	0.002257	-1.35991	-3.00147	
2259	0.002258	-1.41257	-2.85268	
2260	0.002259	-1.36315	-2.97812	
2261	0.00226	-1.32374	-2.98743	
2262	0.002261	-1.84061	-2.58718	
2263	0.002262	-1.62301	-2.81258	
2264	0.002263	-1.73055	-2.76931	
2265	0.002264	-1.4942	-2.98408	
2266	0.002265	-1.52222	-2.9358	
2267	0.002266	-1.45343	-3.0214	
2268	0.002267	-1.6278	-2.73565	
2269	0.002268	-1.50712	-2.9236	
2270	0.002269	-1.39383	-2.96488	
2271	0.00227	-1.56807	-2.71641	
2272	0.002271	-1.32774	-3.00108	
2273	0.002272	-1.38017	-2.97103	
2274	0.002273	-1.55775	-2.90257	
2275	0.002274	-1.34482	-3.27687	
2276	0.002275	-1.3355	-3.24826	
2277	0.002276	-1.243	-3.35235	
2278	0.002277	-1.30598	-3.28156	
2279	0.002278	-1.32631	-3.28469	
2280	0.002279	-1.51607	-3.19536	
2281	0.00228	-1.48622	-3.2844	
2282	0.002281	-1.53522	-3.12931	
2283	0.002282	-1.42898	-3.19536	
2284	0.002283	-1.40872	-3.1832	
2285	0.002284	-1.71973	-2.91478	
2286	0.002285	-1.45934	-3.06314	
2287	0.002286	-1.45549	-3.04699	
2288	0.002287	-1.42333	-3.12426	
2289	0.002288	-1.27855	-3.20315	
2290	0.002289	-1.57116	-2.95665	
2291	0.00229	-1.37563	-3.44118	
2292	0.002291	-1.81609	-3.60131	
2293	0.002292	-1.80054	-3.48681	
2294	0.002293	-1.68367	-3.5549	
2295	0.002294	-1.44962	-3.64766	
2296	0.002295	-1.37142	-3.57097	
2297	0.002296	-1.53745	-3.35877	
2298	0.002297	-1.52909	-3.38721	
2299	0.002298	-1.64421	-3.29396	
2300	0.002299	-1.34055	-3.59098	
2301	0.0023	-1.79556	-3.1714	
2302	0.002301	-1.38676	-3.5345	
2303	0.002302	-1.71501	-3.23954	
2304	0.002303	-1.71037	-3.24822	
2305	0.002304	-1.50425	-3.41592	
2306	0.002305	-1.54772	-3.36852	
2307	0.002306	-1.77296	-3.17433	
2308	0.002307	-1.45836	-3.58411	
2309	0.002308	-1.34413	-3.69585	
2310	0.002309	-1.37156	-3.56143	
2311	0.00231	-1.35981	-3.58853	
2312	0.002311	-1.36068	-3.6565	
2313	0.002312	-1.53039	-3.50121	
2314	0.002313	-1.50903	-3.5192	
2315	0.002314	-1.36607	-3.69435	
2316	0.002315	-1.18565	-3.75789	
2317	0.002316	-1.21202	-3.6902	
2318	0.002317	-1.45004	-3.52581	
2319	0.002318	-1.49813	-3.59067	
2320	0.002319	-1.32739	-3.68844	
2321	0.00232	-1.35326	-3.71813	
