CompteurTemps	Temps	Cx0	Cy0	
1	0	-229.823	61.0619	
2	1e-06	-79.7358	-22.7285	
3	2e-06	-25.474	-65.8911	
4	3e-06	-19.6899	-58.653	
5	4e-06	-17.0375	-51.436	
6	5e-06	-15.3002	-45.6294	
7	6e-06	-12.9415	-40.6012	
8	7e-06	-11.3055	-35.7906	
9	8e-06	-10.4691	-31.2609	
10	9e-06	-9.86456	-28.221	
11	1e-05	-8.95177	-25.0949	
12	1.1e-05	-7.44386	-22.7388	
13	1.2e-05	-7.50613	-20.1899	
14	1.3e-05	-6.72189	-18.6981	
15	1.4e-05	-6.21699	-16.7026	
16	1.5e-05	-5.68262	-15.1812	
17	1.6e-05	-5.24027	-13.8222	
18	1.7e-05	-4.98575	-12.6643	
19	1.8e-05	-4.4737	-11.803	
20	1.9e-05	-4.33738	-10.6359	
21	2e-05	-3.9928	-9.75774	
22	2.1e-05	-3.67312	-9.10383	
23	2.2e-05	-3.35732	-8.56962	
24	2.3e-05	-3.25609	-7.91479	
25	2.4e-05	-3.08873	-7.33229	
26	2.5e-05	-3.24579	-7.01019	
27	2.6e-05	-2.98783	-6.64813	
28	2.7e-05	-2.76322	-6.13845	
29	2.8e-05	-2.52076	-5.90595	
30	2.9e-05	-2.63255	-5.54385	
31	3e-05	-2.54953	-5.26031	
32	3.1e-05	-2.36372	-5.02485	
33	3.2e-05	-2.21367	-4.86644	
34	3.3e-05	-2.15812	-4.68479	
35	3.4e-05	-2.42587	-4.29036	
36	3.5e-05	-2.19419	-4.30993	
37	3.6e-05	-2.17698	-4.15631	
38	3.7e-05	-1.99968	-4.04277	
39	3.8e-05	-2.00594	-3.88306	
40	3.9e-05	-2.40454	-3.59226	
41	4e-05	-2.1357	-3.63574	
42	4.1e-05	-2.20542	-3.47409	
43	4.2e-05	-1.82173	-3.69322	
44	4.3e-05	-1.77305	-3.4715	
45	4.4e-05	-2.0897	-3.2779	
46	4.5e-05	-2.0991	-3.24732	
47	4.6e-05	-1.80932	-3.67986	
48	4.7e-05	-1.74112	-3.65089	
49	4.8e-05	-1.82532	-3.43399	
50	4.9e-05	-1.80722	-3.39276	
51	5e-05	-1.95507	-3.16648	
52	5.1e-05	-1.6892	-3.25929	
53	5.2e-05	-1.58374	-3.2943	
54	5.3e-05	-1.69938	-3.19917	
55	5.4e-05	-1.77568	-3.09737	
56	5.5e-05	-2.02794	-2.88311	
57	5.6e-05	-1.57219	-3.24136	
58	5.7e-05	-1.73693	-3.05464	
59	5.8e-05	-1.79062	-2.96468	
60	5.9e-05	-2.07855	-2.92065	
61	6e-05	-1.73565	-3.24008	
62	6.1e-05	-1.48105	-3.27511	
63	6.2e-05	-1.89785	-2.94667	
64	6.3e-05	-1.62142	-3.19606	
65	6.4e-05	-1.66938	-3.19376	
66	6.5e-05	-1.79174	-3.07238	
67	6.6e-05	-1.76089	-3.07513	
68	6.7e-05	-1.59158	-3.22739	
69	6.8e-05	-1.70659	-3.09132	
70	6.9e-05	-1.68302	-3.24317	
71	7e-05	-1.8666	-3.07106	
72	7.1e-05	-1.52335	-3.17872	
73	7.2e-05	-1.63829	-2.98478	
74	7.3e-05	-1.50241	-2.98884	
75	7.4e-05	-1.58192	-3.09466	
76	7.5e-05	-1.34973	-3.29503	
77	7.6e-05	-1.44933	-3.20434	
78	7.7e-05	-1.43841	-3.17081	
79	7.8e-05	-1.59768	-3.15227	
80	7.9e-05	-1.39961	-3.21237	
81	8e-05	-1.47773	-3.12165	
82	8.1e-05	-1.32967	-3.31933	
83	8.2e-05	-1.55118	-3.1055	
84	8.3e-05	-1.71179	-3.04963	
85	8.4e-05	-1.58842	-3.18762	
86	8.5e-05	-1.35185	-3.3254	
87	8.6e-05	-1.68585	-2.99896	
88	8.7e-05	-1.43645	-3.25707	
89	8.8e-05	-1.45422	-3.18079	
90	8.9e-05	-1.5442	-3.00084	
91	9e-05	-1.4398	-3.13737	
92	9.1e-05	-1.37963	-3.12281	
93	9.2e-05	-1.51243	-3.03283	
94	9.3e-05	-1.49825	-3.11594	
95	9.4e-05	-1.63592	-3.24997	
96	9.5e-05	-1.76555	-3.13491	
97	9.6e-05	-1.51156	-3.34886	
98	9.7e-05	-1.28439	-3.46315	
99	9.8e-05	-1.47947	-3.27855	
100	9.9e-05	-1.63048	-3.03092	
101	0.0001	-1.44579	-3.2585	
102	0.000101	-1.42883	-3.16233	
103	0.000102	-1.39125	-3.12158	
104	0.000103	-1.371	-3.16231	
105	0.000104	-1.75569	-2.90295	
106	0.000105	-1.38463	-3.15939	
107	0.000106	-1.54955	-3.04919	
108	0.000107	-1.7102	-3.00663	
109	0.000108	-1.65186	-3.0155	
110	0.000109	-1.42452	-3.25489	
111	0.00011	-1.66321	-2.89466	
112	0.000111	-1.57731	-2.98954	
113	0.000112	-1.58147	-3.03929	
114	0.000113	-1.60711	-3.0599	
115	0.000114	-1.52301	-3.11681	
116	0.000115	-1.46953	-3.24727	
117	0.000116	-1.24099	-3.12044	
118	0.000117	-1.30706	-3.20923	
119	0.000118	-1.346	-3.20394	
120	0.000119	-1.50807	-3.13723	
121	0.00012	-1.50525	-3.13217	
122	0.000121	-1.31242	-3.31724	
123	0.000122	-1.33228	-3.27149	
124	0.000123	-1.44611	-3.28021	
125	0.000124	-1.24233	-3.36175	
126	0.000125	-1.34242	-3.21239	
127	0.000126	-1.54167	-3.20795	
128	0.000127	-1.49843	-3.20292	
129	0.000128	-1.41396	-3.27178	
130	0.000129	-1.54875	-3.12015	
131	0.00013	-1.29295	-3.33102	
132	0.000131	-1.65468	-2.99615	
133	0.000132	-1.26868	-3.29491	
134	0.000133	-1.59261	-3.04696	
135	0.000134	-1.47005	-3.15408	
136	0.000135	-1.58447	-3.01065	
137	0.000136	-1.20931	-3.26046	
138	0.000137	-1.31678	-3.21257	
139	0.000138	-1.5322	-3.28308	
140	0.000139	-1.3884	-3.39566	
141	0.00014	-1.48693	-3.49278	
142	0.000141	-1.50229	-3.41154	
143	0.000142	-1.53127	-3.41653	
144	0.000143	-1.43787	-3.44022	
145	0.000144	-1.44294	-3.362	
146	0.000145	-1.46322	-3.31782	
147	0.000146	-1.6408	-3.23963	
148	0.000147	-1.51549	-3.23178	
149	0.000148	-1.43924	-3.3271	
150	0.000149	-1.4648	-3.30462	
151	0.00015	-1.52094	-3.15949	
152	0.000151	-1.5215	-3.43781	
153	0.000152	-1.64965	-3.26383	
154	0.000153	-1.57936	-3.27545	
155	0.000154	-1.47037	-3.49289	
156	0.000155	-1.31365	-3.47701	
157	0.000156	-1.63665	-3.23547	
158	0.000157	-1.32611	-3.45289	
159	0.000158	-1.3588	-3.28484	
160	0.000159	-1.20798	-3.42545	
161	0.00016	-1.5261	-3.12615	
162	0.000161	-1.31133	-3.30606	
163	0.000162	-1.3907	-3.19291	
164	0.000163	-1.48894	-3.15645	
165	0.000164	-1.17931	-3.39041	
166	0.000165	-1.32227	-3.26747	
167	0.000166	-1.21286	-3.43714	
168	0.000167	-1.54634	-3.24131	
169	0.000168	-1.41174	-3.34918	
170	0.000169	-1.35104	-3.44556	
171	0.00017	-1.60292	-3.22656	
172	0.000171	-1.53159	-3.37958	
173	0.000172	-1.46578	-3.3974	
174	0.000173	-1.29162	-3.55502	
175	0.000174	-1.46272	-3.33277	
176	0.000175	-1.55711	-3.28811	
177	0.000176	-1.61364	-3.30838	
178	0.000177	-1.60361	-3.37015	
179	0.000178	-1.64518	-3.35829	
180	0.000179	-1.4315	-3.53485	
181	0.00018	-1.33537	-3.45874	
182	0.000181	-1.49907	-3.39457	
183	0.000182	-1.55599	-3.34416	
184	0.000183	-1.47506	-3.37261	
185	0.000184	-1.36325	-3.53611	
186	0.000185	-1.36745	-3.45109	
187	0.000186	-1.38466	-3.44927	
188	0.000187	-1.37448	-3.453	
189	0.000188	-1.45943	-3.39953	
190	0.000189	-1.50498	-3.4176	
191	0.00019	-1.47544	-3.41973	
192	0.000191	-1.44837	-3.425	
193	0.000192	-1.17149	-3.65999	
194	0.000193	-1.37667	-3.46043	
195	0.000194	-1.57816	-3.21534	
196	0.000195	-1.51905	-3.47816	
197	0.000196	-1.63752	-3.46174	
198	0.000197	-1.37294	-3.59327	
199	0.000198	-1.58863	-3.46361	
200	0.000199	-1.50935	-3.49749	
201	0.0002	-1.31016	-3.62442	
202	0.000201	-1.51715	-3.62807	
203	0.000202	-1.51075	-3.56628	
204	0.000203	-1.4813	-3.59226	
205	0.000204	-1.41625	-3.74436	
206	0.000205	-1.59227	-3.56966	
207	0.000206	-1.60833	-3.55665	
208	0.000207	-1.54135	-3.55857	
209	0.000208	-1.35847	-3.68955	
210	0.000209	-1.41841	-3.69916	
211	0.00021	-1.35874	-3.7655	
212	0.000211	-1.26754	-3.80076	
213	0.000212	-1.19453	-3.79512	
214	0.000213	-1.28965	-3.68004	
215	0.000214	-1.55804	-3.44327	
216	0.000215	-1.21517	-3.69059	
217	0.000216	-1.3178	-3.69833	
218	0.000217	-1.1306	-3.73951	
219	0.000218	-1.26286	-3.57674	
220	0.000219	-1.26504	-3.59932	
221	0.00022	-1.16863	-3.64073	
222	0.000221	-1.31177	-3.58845	
223	0.000222	-1.34447	-3.6006	
224	0.000223	-1.38838	-3.6428	
225	0.000224	-1.50563	-3.5806	
226	0.000225	-1.44071	-3.74567	
227	0.000226	-1.40415	-3.82307	
228	0.000227	-1.21866	-3.83262	
229	0.000228	-1.51654	-3.56177	
230	0.000229	-1.58907	-3.49287	
231	0.00023	-1.4912	-3.57661	
232	0.000231	-1.4361	-3.66544	
233	0.000232	-1.29732	-3.78611	
234	0.000233	-1.25403	-3.77102	
235	0.000234	-1.26388	-3.76419	
236	0.000235	-1.36186	-3.62919	
237	0.000236	-1.50529	-3.55425	
238	0.000237	-1.38434	-3.72458	
239	0.000238	-1.23547	-3.64329	
240	0.000239	-1.27693	-3.58001	
241	0.00024	-1.2683	-3.51806	
242	0.000241	-1.46003	-3.41484	
243	0.000242	-1.40303	-3.57159	
244	0.000243	-1.23056	-3.63184	
245	0.000244	-1.1425	-3.65276	
246	0.000245	-1.3463	-3.50526	
247	0.000246	-1.41982	-3.57043	
248	0.000247	-1.23772	-3.69237	
249	0.000248	-1.44786	-3.58777	
250	0.000249	-1.63127	-3.41461	
251	0.00025	-1.34134	-3.68135	
252	0.000251	-1.30186	-3.6961	
253	0.000252	-1.21903	-3.70754	
254	0.000253	-1.12505	-3.81542	
255	0.000254	-1.20683	-3.61809	
256	0.000255	-1.21911	-3.68485	
257	0.000256	-1.5336	-3.52501	
258	0.000257	-1.62101	-3.42808	
259	0.000258	-1.41706	-3.64829	
260	0.000259	-1.41628	-3.59592	
261	0.00026	-1.41388	-3.74842	
262	0.000261	-1.52931	-3.57842	
263	0.000262	-1.36795	-3.69522	
264	0.000263	-1.31252	-3.7502	
265	0.000264	-1.40671	-3.66071	
266	0.000265	-1.39206	-3.72588	
267	0.000266	-1.19049	-3.83528	
268	0.000267	-1.32374	-3.77979	
269	0.000268	-1.29176	-3.78307	
270	0.000269	-1.2877	-3.78716	
271	0.00027	-1.64066	-3.73528	
272	0.000271	-1.3903	-4.05264	
273	0.000272	-1.40261	-3.98117	
274	0.000273	-1.32982	-4.00335	
275	0.000274	-1.26315	-4.02374	
276	0.000275	-1.26837	-4.05356	
277	0.000276	-1.2447	-3.96666	
278	0.000277	-1.29514	-3.87544	
279	0.000278	-1.31048	-4.06822	
280	0.000279	-1.18097	-4.24288	
281	0.00028	-1.32873	-4.08719	
282	0.000281	-1.39612	-3.95622	
283	0.000282	-1.35722	-3.99788	
284	0.000283	-1.24935	-3.92966	
285	0.000284	-1.60261	-3.61866	
286	0.000285	-1.3132	-3.77445	
287	0.000286	-1.29425	-3.83819	
288	0.000287	-1.31781	-3.7814	
289	0.000288	-1.30185	-3.81601	
290	0.000289	-1.16187	-3.92214	
291	0.00029	-1.41177	-3.74609	
292	0.000291	-1.40906	-3.68883	
293	0.000292	-1.35448	-3.83776	
294	0.000293	-1.13596	-3.94677	
295	0.000294	-1.35615	-3.77847	
296	0.000295	-1.4007	-3.75706	
297	0.000296	-1.42302	-3.73298	
298	0.000297	-1.3452	-3.7944	
299	0.000298	-1.48807	-3.78344	
300	0.000299	-1.45525	-3.81102	
301	0.0003	-1.45947	-3.78803	
302	0.000301	-1.28513	-4.06794	
303	0.000302	-1.30449	-3.93376	
304	0.000303	-1.16444	-4.02932	
305	0.000304	-1.29604	-3.96387	
306	0.000305	-1.30727	-3.97959	
307	0.000306	-1.34413	-3.94034	
308	0.000307	-1.2703	-3.85276	
309	0.000308	-1.26511	-3.85278	
310	0.000309	-1.3307	-3.8076	
311	0.00031	-1.16895	-3.92781	
312	0.000311	-1.15851	-3.95043	
313	0.000312	-1.24652	-3.71539	
314	0.000313	-1.30704	-3.73672	
315	0.000314	-1.45146	-3.70772	
316	0.000315	-1.57501	-3.69453	
317	0.000316	-1.48485	-3.72768	
318	0.000317	-1.50305	-3.77895	
319	0.000318	-1.31071	-3.93423	
320	0.000319	-1.52816	-3.86442	
321	0.00032	-1.4408	-3.77191	
322	0.000321	-1.4517	-3.78627	
323	0.000322	-1.37068	-4.03354	
324	0.000323	-1.36449	-3.84623	
325	0.000324	-1.23961	-3.85404	
326	0.000325	-1.10865	-3.95743	
327	0.000326	-1.3886	-3.81401	
328	0.000327	-1.45486	-3.92323	
329	0.000328	-1.29935	-3.98216	
330	0.000329	-1.3213	-3.97112	
331	0.00033	-1.4889	-3.89971	
332	0.000331	-1.46442	-3.86747	
333	0.000332	-1.30934	-3.91985	
334	0.000333	-1.30092	-3.85892	
335	0.000334	-1.28948	-3.91275	
336	0.000335	-1.38772	-3.90405	
337	0.000336	-1.24143	-4.02317	
338	0.000337	-1.30784	-4.07816	
339	0.000338	-1.35035	-3.87751	
340	0.000339	-1.36911	-3.88199	
341	0.00034	-1.11426	-3.94168	
342	0.000341	-1.23105	-3.97134	
343	0.000342	-1.30028	-3.84759	
344	0.000343	-1.13185	-3.98097	
345	0.000344	-1.25456	-3.95051	
346	0.000345	-1.20066	-4.01476	
347	0.000346	-1.19333	-3.9574	
348	0.000347	-1.18496	-4.01933	
349	0.000348	-1.15391	-3.96401	
350	0.000349	-1.36262	-3.78245	
351	0.00035	-1.52149	-3.70089	
352	0.000351	-1.26425	-3.91987	
353	0.000352	-1.35023	-3.86637	
354	0.000353	-1.32561	-3.96573	
355	0.000354	-1.27321	-3.84898	
356	0.000355	-1.30997	-3.91703	
357	0.000356	-1.37473	-4.15287	
358	0.000357	-1.56235	-3.98925	
359	0.000358	-1.39506	-4.00953	
360	0.000359	-1.13187	-4.10551	
361	0.00036	-1.37752	-3.9	
362	0.000361	-1.50757	-3.85828	
363	0.000362	-1.19442	-4.09861	
364	0.000363	-1.27769	-4.00296	
365	0.000364	-1.24823	-4.04908	
366	0.000365	-1.26482	-3.98582	
367	0.000366	-1.24782	-4.01826	
368	0.000367	-1.2873	-4.03764	
369	0.000368	-1.23074	-4.00749	
370	0.000369	-1.32648	-3.97546	
371	0.00037	-1.3142	-4.03783	
372	0.000371	-1.56835	-3.83228	
373	0.000372	-1.41925	-3.94934	
374	0.000373	-1.32591	-4.07278	
375	0.000374	-1.34234	-3.89836	
376	0.000375	-1.53208	-3.85686	
377	0.000376	-1.40801	-4.07212	
378	0.000377	-1.35278	-4.06111	
379	0.000378	-1.2388	-4.08065	
380	0.000379	-1.30394	-3.94743	
381	0.00038	-1.32789	-3.98003	
382	0.000381	-1.3354	-3.96115	
383	0.000382	-1.362	-4.08044	
384	0.000383	-1.25115	-4.09595	
385	0.000384	-1.369	-3.91274	
386	0.000385	-1.27808	-4.02367	
387	0.000386	-1.22454	-4.03888	
388	0.000387	-1.28371	-3.92924	
389	0.000388	-1.35039	-3.87499	
390	0.000389	-1.21629	-3.97607	
391	0.00039	-1.19991	-4.03087	
392	0.000391	-1.32663	-3.92976	
393	0.000392	-1.26109	-4.08377	
394	0.000393	-1.37368	-4.00212	
395	0.000394	-1.16923	-4.15314	
396	0.000395	-1.28062	-4.04349	
397	0.000396	-1.20707	-4.12545	
398	0.000397	-1.3784	-3.94495	
399	0.000398	-1.31055	-4.03102	
400	0.000399	-1.16929	-4.23329	
401	0.0004	-1.098	-4.142	
402	0.000401	-1.33085	-4.00224	
403	0.000402	-1.30794	-4.09937	
404	0.000403	-1.42672	-3.9676	
405	0.000404	-1.60628	-3.98138	
406	0.000405	-1.23908	-4.31641	
407	0.000406	-1.32827	-4.20224	
408	0.000407	-1.22038	-4.22228	
409	0.000408	-1.18728	-4.16468	
410	0.000409	-1.1587	-4.38697	
411	0.00041	-1.16401	-4.37188	
412	0.000411	-1.27555	-4.17853	
413	0.000412	-1.28545	-4.16154	
414	0.000413	-1.21357	-4.14617	
415	0.000414	-1.14204	-4.18679	
416	0.000415	-1.16457	-4.15974	
417	0.000416	-1.23156	-4.06398	
418	0.000417	-1.26481	-4.05245	
419	0.000418	-1.1249	-4.18638	
420	0.000419	-1.33281	-3.9379	
421	0.00042	-1.11324	-3.90378	
422	0.000421	-1.25131	-3.85321	
423	0.000422	-1.31002	-3.9055	
424	0.000423	-1.09084	-4.21005	
425	0.000424	-1.20146	-4.11711	
426	0.000425	-1.35702	-3.93959	
427	0.000426	-1.22196	-3.96581	
428	0.000427	-1.23346	-3.93118	
429	0.000428	-1.27937	-3.90189	
430	0.000429	-1.2788	-3.8869	
431	0.00043	-1.20472	-3.98634	
432	0.000431	-1.1733	-4.011	
433	0.000432	-1.26347	-3.8751	
434	0.000433	-1.38003	-3.95705	
435	0.000434	-1.56817	-3.88634	
436	0.000435	-1.17341	-4.17958	
437	0.000436	-1.26835	-4.12565	
438	0.000437	-1.42342	-3.93926	
439	0.000438	-1.31019	-4.10683	
440	0.000439	-1.17007	-4.17505	
441	0.00044	-1.11855	-4.21851	
442	0.000441	-1.315	-4.03052	
443	0.000442	-1.09997	-4.23631	
444	0.000443	-1.21753	-4.10599	
445	0.000444	-1.11484	-4.26553	
446	0.000445	-1.37184	-4.04433	
447	0.000446	-1.18026	-4.18009	
448	0.000447	-1.25288	-4.03727	
449	0.000448	-1.35981	-3.93815	
450	0.000449	-1.06247	-4.1908	
451	0.00045	-1.2408	-4.06075	
452	0.000451	-1.1661	-4.12541	
453	0.000452	-1.19498	-4.16545	
454	0.000453	-1.17952	-4.20133	
455	0.000454	-1.3093	-4.13088	
456	0.000455	-1.25483	-4.13989	
457	0.000456	-1.22909	-4.12586	
458	0.000457	-1.21761	-4.20814	
459	0.000458	-1.26808	-4.05541	
460	0.000459	-1.34087	-4.03532	
461	0.00046	-1.16652	-4.10961	
462	0.000461	-1.10121	-4.20294	
463	0.000462	-1.19103	-4.11047	
464	0.000463	-1.18772	-4.17226	
465	0.000464	-1.33008	-4.02398	
466	0.000465	-1.14228	-4.18271	
467	0.000466	-1.28095	-4.00836	
468	0.000467	-1.04271	-4.17673	
469	0.000468	-1.18226	-4.05558	
470	0.000469	-1.28635	-4.03935	
471	0.00047	-1.31749	-4.02297	
472	0.000471	-1.08748	-4.2693	
473	0.000472	-1.21651	-4.21222	
474	0.000473	-1.44284	-3.95387	
475	0.000474	-1.21936	-4.14086	
476	0.000475	-1.23497	-4.09173	
477	0.000476	-1.4956	-3.89355	
478	0.000477	-1.28126	-4.11473	
479	0.000478	-1.29692	-4.16742	
480	0.000479	-1.16503	-4.15385	
481	0.00048	-1.16204	-4.13124	
482	0.000481	-1.15732	-4.21484	
483	0.000482	-1.26374	-4.16263	
484	0.000483	-1.06019	-4.25705	
485	0.000484	-1.11554	-4.24904	
486	0.000485	-1.23902	-4.13611	
487	0.000486	-1.16558	-4.15867	
488	0.000487	-1.09042	-4.35057	
489	0.000488	-1.18957	-4.15242	
490	0.000489	-1.16389	-4.18925	
491	0.00049	-0.958088	-4.30431	
492	0.000491	-1.33477	-4.03084	
493	0.000492	-1.17159	-4.0994	
494	0.000493	-1.13805	-4.13235	
495	0.000494	-1.34143	-4.00082	
496	0.000495	-1.31746	-4.04558	
497	0.000496	-1.1576	-4.14495	
498	0.000497	-1.07644	-4.26839	
499	0.000498	-1.19566	-4.07731	
500	0.000499	-1.20121	-4.05614	
501	0.0005	-1.34124	-3.97921	
502	0.000501	-1.16226	-4.19339	
503	0.000502	-1.11019	-4.24385	
504	0.000503	-1.07175	-4.23286	
505	0.000504	-1.15135	-4.18402	
506	0.000505	-1.27898	-4.04158	
507	0.000506	-1.17251	-4.19358	
508	0.000507	-1.26407	-4.14427	
509	0.000508	-1.07216	-4.36324	
510	0.000509	-1.25608	-4.16771	
511	0.00051	-1.09265	-4.33979	
512	0.000511	-1.272	-4.22015	
513	0.000512	-1.17881	-4.22694	
514	0.000513	-1.21245	-4.15946	
515	0.000514	-1.37852	-4.12283	
516	0.000515	-1.08507	-4.36976	
517	0.000516	-1.28576	-4.33477	
518	0.000517	-1.27689	-4.39504	
519	0.000518	-1.28031	-4.39412	
520	0.000519	-1.17748	-4.40647	
521	0.00052	-1.36347	-4.23683	
522	0.000521	-1.11764	-4.41259	
523	0.000522	-1.15223	-4.29665	
524	0.000523	-1.20302	-4.32315	
525	0.000524	-1.25742	-4.22855	
526	0.000525	-1.20518	-4.3314	
527	0.000526	-1.1777	-4.34614	
528	0.000527	-1.23099	-4.31782	
529	0.000528	-1.28197	-4.20707	
530	0.000529	-1.19718	-4.22781	
531	0.00053	-1.2285	-4.21415	
532	0.000531	-1.31598	-4.2731	
533	0.000532	-1.31255	-4.20755	
534	0.000533	-1.29473	-4.24321	
535	0.000534	-1.26946	-4.28751	
536	0.000535	-1.18989	-4.2954	
537	0.000536	-1.22813	-4.34071	
538	0.000537	-1.23895	-4.18386	
539	0.000538	-1.12817	-4.27067	
540	0.000539	-1.23936	-4.22959	
541	0.00054	-1.16491	-4.38114	
542	0.000541	-1.25416	-4.26315	
543	0.000542	-1.41621	-4.0672	
544	0.000543	-1.34937	-4.14297	
545	0.000544	-1.19071	-4.33704	
546	0.000545	-1.24158	-4.32157	
547	0.000546	-1.21493	-4.36998	
548	0.000547	-1.3055	-4.33576	
549	0.000548	-1.25618	-4.3515	
550	0.000549	-1.35232	-4.38717	
551	0.00055	-1.12775	-4.64848	
552	0.000551	-1.30703	-4.47029	
553	0.000552	-1.5556	-4.27459	
554	0.000553	-1.46464	-4.57495	
555	0.000554	-1.4719	-4.50968	
556	0.000555	-1.35413	-4.54095	
557	0.000556	-1.33508	-4.5318	
558	0.000557	-1.19661	-4.62525	
559	0.000558	-1.20351	-4.3447	
560	0.000559	-1.18583	-4.49956	
561	0.00056	-1.38713	-4.3445	
562	0.000561	-1.13243	-4.54239	
563	0.000562	-1.12534	-4.46486	
564	0.000563	-1.39802	-4.25362	
565	0.000564	-1.06347	-4.54728	
566	0.000565	-1.25611	-4.45006	
567	0.000566	-1.14767	-4.48176	
568	0.000567	-1.16262	-4.51625	
569	0.000568	-1.29261	-4.4012	
570	0.000569	-1.36495	-4.3112	
571	0.00057	-1.2898	-4.31971	
572	0.000571	-1.24559	-4.4151	
573	0.000572	-1.31264	-4.29888	
574	0.000573	-1.38789	-4.2916	
575	0.000574	-1.27901	-4.35255	
576	0.000575	-1.24045	-4.36397	
577	0.000576	-1.27944	-4.32828	
578	0.000577	-1.25302	-4.37352	
579	0.000578	-1.30928	-4.31831	
580	0.000579	-1.31932	-4.35427	
581	0.00058	-1.25588	-4.4019	
582	0.000581	-1.39051	-4.30982	
583	0.000582	-1.13199	-4.43638	
584	0.000583	-1.35573	-4.39919	
585	0.000584	-1.33478	-4.41811	
586	0.000585	-1.31026	-4.42962	
587	0.000586	-1.18505	-4.45571	
588	0.000587	-1.19158	-4.51009	
589	0.000588	-1.14986	-4.46631	
590	0.000589	-1.3665	-4.32248	
591	0.00059	-1.39565	-4.36918	
592	0.000591	-1.34128	-4.38534	
593	0.000592	-1.24564	-4.40587	
594	0.000593	-1.07561	-4.52603	
595	0.000594	-1.31021	-4.35232	
596	0.000595	-1.36139	-4.29206	
597	0.000596	-1.32918	-4.34537	
598	0.000597	-1.40522	-4.30917	
599	0.000598	-1.23879	-4.67254	
600	0.000599	-1.26717	-4.64261	
601	0.0006	-1.37039	-4.51077	
602	0.000601	-1.16464	-4.69391	
603	0.000602	-1.18417	-4.35226	
604	0.000603	-1.14591	-4.44064	
605	0.000604	-1.26745	-4.23422	
606	0.000605	-1.15674	-4.31371	
607	0.000606	-1.04046	-4.49345	
608	0.000607	-1.15018	-4.35001	
609	0.000608	-1.0246	-4.49059	
610	0.000609	-1.02518	-4.43873	
611	0.00061	-1.067	-4.31511	
612	0.000611	-1.37315	-4.5212	
613	0.000612	-1.07158	-4.5827	
614	0.000613	-1.16213	-4.51697	
615	0.000614	-1.35636	-4.3411	
616	0.000615	-1.46816	-4.25632	
617	0.000616	-1.08352	-4.50684	
618	0.000617	-1.26548	-4.32408	
619	0.000618	-1.3042	-4.30662	
620	0.000619	-1.40459	-4.24309	
621	0.00062	-1.28854	-4.35318	
622	0.000621	-1.08798	-4.55307	
623	0.000622	-1.23832	-4.34258	
624	0.000623	-1.3813	-4.17606	
625	0.000624	-1.28852	-4.55851	
626	0.000625	-1.2713	-4.52736	
627	0.000626	-1.39256	-4.70134	
628	0.000627	-1.17342	-4.83665	
629	0.000628	-1.28543	-4.75957	
630	0.000629	-1.28148	-4.72465	
631	0.00063	-1.46862	-4.61345	
632	0.000631	-1.33567	-4.62074	
633	0.000632	-1.52364	-4.43431	
634	0.000633	-1.29481	-4.65296	
635	0.000634	-1.20292	-4.67199	
636	0.000635	-1.17489	-4.62751	
637	0.000636	-1.36291	-4.42221	
638	0.000637	-1.24005	-4.54024	
639	0.000638	-1.48295	-4.4229	
640	0.000639	-1.59477	-4.36639	
641	0.00064	-1.39719	-4.52945	
642	0.000641	-1.43205	-4.54753	
643	0.000642	-1.11522	-4.64306	
644	0.000643	-1.09712	-4.67129	
645	0.000644	-1.34773	-4.47456	
646	0.000645	-1.35808	-4.47067	
647	0.000646	-1.57537	-4.29059	
648	0.000647	-1.13858	-4.64792	
649	0.000648	-1.4655	-4.33309	
650	0.000649	-1.15514	-4.60973	
651	0.00065	-1.1927	-4.41131	
652	0.000651	-1.27911	-4.28861	
653	0.000652	-1.41635	-4.24912	
654	0.000653	-1.2784	-4.48491	
655	0.000654	-1.33047	-4.4319	
656	0.000655	-1.15199	-4.64397	
657	0.000656	-1.22074	-4.49703	
658	0.000657	-1.27504	-4.45239	
659	0.000658	-1.371	-4.43857	
660	0.000659	-1.33702	-4.51529	
661	0.00066	-1.23628	-4.6117	
662	0.000661	-1.27828	-4.52525	
663	0.000662	-1.20911	-4.64268	
664	0.000663	-1.41358	-4.34326	
665	0.000664	-1.52249	-4.40952	
666	0.000665	-1.14012	-4.58061	
667	0.000666	-1.44691	-4.46689	
668	0.000667	-1.45514	-4.77196	
669	0.000668	-1.367	-4.82274	
670	0.000669	-1.4467	-5.0306	
671	0.00067	-1.48238	-4.84986	
672	0.000671	-1.35616	-5.00774	
673	0.000672	-1.39775	-4.9898	
674	0.000673	-1.55268	-4.70386	
675	0.000674	-1.45679	-4.76383	
676	0.000675	-1.16567	-5.07476	
677	0.000676	-1.41783	-4.5214	
678	0.000677	-1.42405	-4.78873	
679	0.000678	-1.35903	-4.86465	
680	0.000679	-1.56277	-4.71889	
681	0.00068	-1.61387	-4.68017	
682	0.000681	-1.74551	-4.60912	
683	0.000682	-1.24775	-4.93659	
684	0.000683	-1.53823	-4.78523	
685	0.000684	-1.33276	-4.74909	
686	0.000685	-1.44306	-4.64517	
687	0.000686	-1.46685	-4.58095	
688	0.000687	-1.53895	-4.60143	
689	0.000688	-1.21028	-4.96572	
690	0.000689	-1.26518	-4.8622	
691	0.00069	-1.1057	-4.93131	
692	0.000691	-1.21262	-4.76565	
693	0.000692	-1.19978	-4.78942	
694	0.000693	-1.19293	-4.86202	
695	0.000694	-1.25269	-4.77785	
696	0.000695	-1.34477	-4.82041	
697	0.000696	-1.60729	-4.68597	
698	0.000697	-1.4971	-4.83097	
699	0.000698	-1.41069	-4.90148	
700	0.000699	-1.46313	-4.78588	
701	0.0007	-1.707	-4.59486	
702	0.000701	-1.45134	-4.78093	
703	0.000702	-1.54954	-4.63021	
704	0.000703	-1.29571	-4.8594	
705	0.000704	-1.10356	-4.94254	
706	0.000705	-1.2919	-4.76901	
707	0.000706	-1.47916	-4.76779	
708	0.000707	-1.234	-5.03576	
709	0.000708	-1.42997	-4.77414	
710	0.000709	-1.29783	-4.87284	
711	0.00071	-1.22576	-4.85957	
712	0.000711	-1.45733	-4.71608	
713	0.000712	-1.5967	-4.52598	
714	0.000713	-1.42079	-4.68409	
715	0.000714	-1.51958	-4.59747	
716	0.000715	-1.58174	-4.61893	
717	0.000716	-1.32543	-4.79514	
718	0.000717	-1.53884	-4.70817	
719	0.000718	-1.58989	-4.68614	
720	0.000719	-1.49217	-4.83415	
721	0.00072	-1.4624	-4.85116	
722	0.000721	-1.52807	-4.89297	
723	0.000722	-1.42736	-4.86725	
724	0.000723	-1.4348	-4.74961	
725	0.000724	-1.5511	-4.76707	
726	0.000725	-1.35881	-4.86438	
727	0.000726	-1.51238	-4.94534	
728	0.000727	-1.59891	-4.80815	
729	0.000728	-1.48444	-5.07763	
730	0.000729	-1.42934	-4.99954	
731	0.00073	-1.43756	-4.97986	
732	0.000731	-1.21183	-5.14485	
733	0.000732	-1.32164	-5.07445	
734	0.000733	-1.43808	-4.8121	
735	0.000734	-1.26484	-5.04232	
736	0.000735	-1.25893	-5.0232	
737	0.000736	-1.42902	-4.96236	
738	0.000737	-1.49447	-4.87449	
739	0.000738	-1.46247	-4.91944	
740	0.000739	-1.25669	-5.01213	
741	0.00074	-1.45697	-5.38789	
742	0.000741	-1.51698	-5.28985	
743	0.000742	-1.45477	-5.2857	
744	0.000743	-1.39879	-5.24645	
745	0.000744	-1.37903	-5.25052	
746	0.000745	-1.29107	-5.42753	
747	0.000746	-1.53305	-5.20222	
748	0.000747	-1.64063	-5.16775	
749	0.000748	-1.38913	-5.3359	
750	0.000749	-1.52875	-5.1926	
751	0.00075	-1.39053	-5.22938	
752	0.000751	-1.21507	-5.42604	
753	0.000752	-1.31853	-5.31679	
754	0.000753	-1.46754	-5.16452	
755	0.000754	-1.53479	-5.16189	
756	0.000755	-1.59629	-4.9598	
757	0.000756	-1.60516	-5.0011	
758	0.000757	-1.60398	-5.09011	
759	0.000758	-1.39515	-5.23083	
760	0.000759	-1.46715	-5.13281	
761	0.00076	-1.25547	-5.34966	
762	0.000761	-1.46395	-5.21323	
763	0.000762	-1.74305	-5.40224	
764	0.000763	-1.54742	-5.74356	
765	0.000764	-1.47954	-5.4983	
766	0.000765	-1.62261	-5.31763	
767	0.000766	-1.61788	-5.2765	
768	0.000767	-1.50293	-5.15594	
769	0.000768	-1.78382	-4.86159	
770	0.000769	-1.36607	-5.07363	
771	0.00077	-1.60044	-5.0716	
772	0.000771	-1.50827	-5.24803	
773	0.000772	-1.42723	-5.10369	
774	0.000773	-1.35069	-5.31019	
775	0.000774	-1.37103	-5.42074	
776	0.000775	-1.2598	-5.49655	
777	0.000776	-1.43666	-5.34927	
778	0.000777	-1.60109	-5.15731	
779	0.000778	-1.38726	-5.36791	
780	0.000779	-1.46853	-5.23227	
781	0.00078	-1.49818	-5.24506	
782	0.000781	-1.3486	-5.42176	
783	0.000782	-1.49129	-5.24207	
784	0.000783	-1.69717	-5.13157	
785	0.000784	-1.59318	-5.23647	
786	0.000785	-1.54803	-5.2036	
787	0.000786	-1.61803	-5.24664	
788	0.000787	-1.66579	-5.20781	
789	0.000788	-1.52325	-5.34815	
790	0.000789	-1.70912	-5.19702	
791	0.00079	-1.43779	-5.50609	
792	0.000791	-1.58638	-5.33534	
793	0.000792	-1.53744	-5.47737	
794	0.000793	-1.59932	-5.34114	
795	0.000794	-1.49295	-5.45011	
796	0.000795	-1.73307	-5.22251	
797	0.000796	-1.54667	-5.33285	
798	0.000797	-1.60553	-5.35829	
799	0.000798	-1.86962	-5.15938	
800	0.000799	-1.28748	-5.60596	
801	0.0008	-1.71463	-5.31015	
802	0.000801	-1.69362	-5.33869	
803	0.000802	-2.12095	-5.05689	
804	0.000803	-1.69126	-5.38288	
805	0.000804	-1.80469	-5.11522	
806	0.000805	-1.66354	-5.60432	
807	0.000806	-1.7601	-5.46727	
808	0.000807	-1.5607	-5.69463	
809	0.000808	-1.49859	-5.75578	
810	0.000809	-1.64014	-5.48774	
811	0.00081	-1.67269	-5.34264	
812	0.000811	-1.57878	-5.59572	
813	0.000812	-1.58672	-5.43176	
814	0.000813	-1.64348	-5.35421	
815	0.000814	-1.7896	-5.20494	
816	0.000815	-1.65165	-5.30485	
817	0.000816	-1.68591	-5.28627	
818	0.000817	-1.6537	-5.36053	
819	0.000818	-1.77689	-5.21456	
820	0.000819	-1.7269	-5.27442	
821	0.00082	-1.7446	-5.64543	
822	0.000821	-1.55734	-5.81216	
823	0.000822	-1.74935	-5.61184	
824	0.000823	-1.79719	-5.59167	
825	0.000824	-1.45098	-5.7667	
826	0.000825	-1.52883	-6.0638	
827	0.000826	-1.82446	-5.65797	
828	0.000827	-1.73193	-5.5461	
829	0.000828	-1.69338	-5.61664	
830	0.000829	-1.57218	-5.61931	
831	0.00083	-1.55875	-5.5133	
832	0.000831	-1.49565	-5.48787	
833	0.000832	-1.62365	-5.40428	
834	0.000833	-1.46435	-5.47365	
835	0.000834	-1.51478	-5.47763	
836	0.000835	-1.55336	-5.40098	
837	0.000836	-1.50511	-5.50313	
838	0.000837	-1.62722	-5.48514	
839	0.000838	-1.81329	-5.3827	
840	0.000839	-1.45841	-5.61181	
841	0.00084	-1.64122	-5.41819	
842	0.000841	-1.43041	-5.66569	
843	0.000842	-1.43425	-5.66466	
844	0.000843	-1.54096	-5.74335	
845	0.000844	-1.51182	-5.60667	
846	0.000845	-1.51994	-5.48968	
847	0.000846	-1.54631	-5.46069	
848	0.000847	-1.53842	-5.53652	
849	0.000848	-1.70672	-5.49183	
850	0.000849	-1.38816	-5.82604	
851	0.00085	-1.60076	-5.5479	
852	0.000851	-1.78208	-5.52031	
853	0.000852	-1.80817	-5.65107	
854	0.000853	-1.78836	-5.65428	
855	0.000854	-1.88419	-5.60264	
856	0.000855	-2.06579	-5.53589	
857	0.000856	-1.53225	-6.0051	
858	0.000857	-1.66491	-5.85674	
859	0.000858	-1.83707	-5.66904	
860	0.000859	-1.68881	-5.86781	
861	0.00086	-1.91898	-5.62568	
862	0.000861	-1.71378	-5.87277	
863	0.000862	-1.74011	-5.73643	
864	0.000863	-1.64137	-5.80912	
865	0.000864	-1.75251	-5.82758	
866	0.000865	-1.84197	-5.63155	
867	0.000866	-1.95811	-5.5604	
868	0.000867	-1.96355	-5.67845	
869	0.000868	-1.72983	-5.81819	
870	0.000869	-1.7871	-5.84052	
871	0.00087	-1.75896	-5.78119	
872	0.000871	-1.75692	-5.65029	
873	0.000872	-1.83632	-5.88235	
874	0.000873	-1.63208	-6.10454	
875	0.000874	-2.02543	-5.81524	
876	0.000875	-1.89745	-5.77475	
877	0.000876	-1.77705	-5.75064	
878	0.000877	-1.76235	-5.8817	
879	0.000878	-1.93988	-5.83005	
880	0.000879	-1.59027	-6.09588	
881	0.00088	-1.76697	-5.81921	
882	0.000881	-1.92693	-5.64841	
883	0.000882	-1.98392	-5.52709	
884	0.000883	-1.93882	-5.5783	
885	0.000884	-1.96594	-5.72382	
886	0.000885	-1.87746	-5.62292	
887	0.000886	-1.8305	-5.9002	
888	0.000887	-1.77377	-5.87671	
889	0.000888	-1.64504	-5.93662	
890	0.000889	-1.61609	-5.92503	
891	0.00089	-1.8739	-5.55937	
892	0.000891	-1.81814	-5.65655	
893	0.000892	-1.56921	-5.90466	
894	0.000893	-1.74991	-5.72534	
895	0.000894	-1.5232	-6.04259	
896	0.000895	-1.74622	-5.82214	
897	0.000896	-1.69374	-5.75866	
898	0.000897	-1.63216	-5.83158	
899	0.000898	-1.60307	-5.84601	
900	0.000899	-1.64787	-5.60437	
901	0.0009	-1.95709	-5.49612	
902	0.000901	-1.61498	-5.72269	
903	0.000902	-1.58244	-5.77725	
904	0.000903	-1.75361	-5.49734	
905	0.000904	-1.71879	-5.57911	
906	0.000905	-1.89322	-5.49242	
907	0.000906	-1.79515	-5.65205	
908	0.000907	-1.73732	-5.6162	
909	0.000908	-1.91507	-5.48123	
910	0.000909	-1.85968	-5.55261	
911	0.00091	-1.87743	-5.46055	
912	0.000911	-1.55177	-5.91953	
913	0.000912	-1.757	-5.51838	
914	0.000913	-1.61591	-5.75304	
915	0.000914	-1.84211	-5.63128	
916	0.000915	-1.42221	-6.01985	
917	0.000916	-1.72781	-5.79176	
918	0.000917	-1.71745	-5.9533	
919	0.000918	-1.86863	-5.84886	
920	0.000919	-1.91345	-5.70771	
921	0.00092	-1.63837	-5.89292	
922	0.000921	-1.73841	-5.80411	
923	0.000922	-1.80545	-5.56849	
924	0.000923	-1.82987	-5.6626	
925	0.000924	-1.98105	-5.52323	
926	0.000925	-1.76427	-5.73571	
927	0.000926	-1.65565	-5.71602	
928	0.000927	-1.93507	-5.6612	
929	0.000928	-1.61791	-5.86503	
930	0.000929	-1.466	-5.84095	
931	0.00093	-1.78678	-5.57576	
932	0.000931	-1.83332	-5.59961	
933	0.000932	-2.06749	-5.59155	
934	0.000933	-2.08854	-5.6673	
935	0.000934	-2.06522	-5.88042	
936	0.000935	-1.9549	-5.74328	
937	0.000936	-2.0142	-5.67802	
938	0.000937	-1.60911	-6.18361	
939	0.000938	-1.88909	-5.83991	
940	0.000939	-1.66132	-6.04161	
941	0.00094	-1.60608	-5.88506	
942	0.000941	-1.8202	-5.56845	
943	0.000942	-1.63574	-5.72772	
944	0.000943	-1.64915	-5.56375	
945	0.000944	-1.42796	-5.73219	
946	0.000945	-1.53723	-5.70712	
947	0.000946	-1.50669	-5.93539	
948	0.000947	-1.76721	-5.71977	
949	0.000948	-1.80704	-5.68856	
950	0.000949	-1.64151	-5.64554	
951	0.00095	-1.94404	-5.58697	
952	0.000951	-1.75084	-5.79157	
953	0.000952	-1.84689	-5.62741	
954	0.000953	-2.00129	-5.59604	
955	0.000954	-1.66384	-5.89976	
956	0.000955	-1.66982	-5.78685	
957	0.000956	-1.64045	-5.8032	
958	0.000957	-1.71345	-5.72651	
959	0.000958	-1.69041	-5.69862	
960	0.000959	-1.77872	-5.57264	
961	0.00096	-1.88019	-5.3486	
962	0.000961	-1.73174	-5.56385	
963	0.000962	-1.71806	-5.54728	
964	0.000963	-1.66621	-5.5009	
965	0.000964	-1.45982	-5.68978	
966	0.000965	-1.9519	-5.20984	
967	0.000966	-1.72413	-5.41982	
968	0.000967	-1.71846	-5.4755	
969	0.000968	-2.05932	-5.48069	
970	0.000969	-1.93982	-5.53123	
971	0.00097	-1.81478	-5.39247	
972	0.000971	-1.94007	-5.27093	
973	0.000972	-1.96402	-5.30906	
974	0.000973	-1.82213	-5.47453	
975	0.000974	-1.95204	-5.71097	
976	0.000975	-2.09057	-6.0237	
977	0.000976	-1.94133	-6.16813	
978	0.000977	-1.79429	-6.2569	
979	0.000978	-1.59952	-5.96361	
980	0.000979	-1.7583	-5.59394	
981	0.00098	-1.4595	-5.82326	
982	0.000981	-1.59794	-5.59457	
983	0.000982	-1.66763	-5.83959	
984	0.000983	-1.81268	-5.77935	
985	0.000984	-1.9336	-5.56838	
986	0.000985	-1.68881	-5.80897	
987	0.000986	-1.69646	-5.67554	
988	0.000987	-1.5385	-5.88482	
989	0.000988	-2.09169	-5.1557	
990	0.000989	-1.75633	-5.55398	
991	0.00099	-1.81045	-5.41835	
992	0.000991	-1.74772	-5.41844	
993	0.000992	-1.67848	-5.50325	
994	0.000993	-1.87255	-5.30534	
995	0.000994	-1.53889	-5.59403	
996	0.000995	-1.63683	-5.42276	
997	0.000996	-1.64899	-5.38345	
998	0.000997	-1.52069	-5.33111	
999	0.000998	-1.57166	-5.32152	
1000	0.000999	-1.75554	-5.21353	
1001	0.001	-1.63756	-5.32083	
1002	0.001001	-1.40139	-5.64555	
1003	0.001002	-1.5394	-5.47642	
1004	0.001003	-1.92413	-5.29673	
1005	0.001004	-1.79775	-5.55957	
1006	0.001005	-1.91325	-5.6975	
1007	0.001006	-1.83862	-5.57553	
1008	0.001007	-1.98426	-5.4855	
1009	0.001008	-1.58151	-5.78918	
1010	0.001009	-1.93918	-5.41482	
1011	0.00101	-1.65645	-5.69363	
1012	0.001011	-1.79524	-5.53724	
1013	0.001012	-1.77973	-5.48216	
1014	0.001013	-1.60427	-5.54032	
1015	0.001014	-1.77851	-5.36936	
1016	0.001015	-1.66565	-5.5369	
1017	0.001016	-1.83797	-5.43354	
1018	0.001017	-1.44096	-5.80732	
1019	0.001018	-1.673	-5.47381	
1020	0.001019	-1.78459	-5.28347	
1021	0.00102	-1.63991	-5.43589	
1022	0.001021	-1.39136	-5.70964	
1023	0.001022	-1.649	-5.47894	
1024	0.001023	-1.99869	-5.22069	
1025	0.001024	-1.62824	-5.56784	
1026	0.001025	-1.82914	-5.41362	
1027	0.001026	-1.4867	-5.69421	
1028	0.001027	-1.499	-5.60085	
1029	0.001028	-1.5321	-5.48813	
1030	0.001029	-1.70323	-5.32069	
1031	0.00103	-1.76201	-5.2359	
1032	0.001031	-1.52805	-5.3517	
1033	0.001032	-1.71872	-5.1042	
1034	0.001033	-1.87857	-5.17649	
1035	0.001034	-1.59755	-5.50869	
1036	0.001035	-1.63882	-5.27442	
1037	0.001036	-1.84699	-5.06407	
1038	0.001037	-1.66698	-5.27033	
1039	0.001038	-2.29422	-4.76513	
1040	0.001039	-1.64455	-5.35394	
1041	0.00104	-1.70521	-5.17879	
1042	0.001041	-1.67346	-5.1749	
1043	0.001042	-1.7218	-5.46664	
1044	0.001043	-1.76916	-5.60748	
1045	0.001044	-1.74949	-5.68234	
1046	0.001045	-1.76683	-5.50489	
1047	0.001046	-1.78182	-5.4395	
1048	0.001047	-2.04227	-5.28821	
1049	0.001048	-1.73233	-5.61776	
1050	0.001049	-1.79337	-5.49209	
1051	0.00105	-1.79003	-5.46721	
1052	0.001051	-1.69681	-5.59566	
1053	0.001052	-1.64441	-5.51559	
1054	0.001053	-1.6775	-5.49766	
1055	0.001054	-1.75771	-5.5621	
1056	0.001055	-1.55357	-5.64668	
1057	0.001056	-1.46777	-5.58076	
1058	0.001057	-1.81839	-5.27944	
1059	0.001058	-1.49563	-5.48392	
1060	0.001059	-1.60834	-5.35149	
1061	0.00106	-1.84784	-5.17546	
1062	0.001061	-1.67166	-5.45794	
1063	0.001062	-1.59204	-5.43789	
1064	0.001063	-1.70618	-5.26812	
1065	0.001064	-1.45696	-5.44539	
1066	0.001065	-1.80388	-5.38062	
1067	0.001066	-1.73261	-5.39367	
1068	0.001067	-1.73078	-5.37052	
1069	0.001068	-1.66924	-5.36898	
1070	0.001069	-1.76537	-5.23216	
1071	0.00107	-1.80644	-5.31485	
1072	0.001071	-1.96193	-5.24499	
1073	0.001072	-1.8883	-5.29607	
1074	0.001073	-2.20189	-5.14393	
1075	0.001074	-1.94545	-5.33229	
1076	0.001075	-1.77018	-5.3878	
1077	0.001076	-1.77102	-5.39785	
1078	0.001077	-1.70139	-5.45579	
1079	0.001078	-1.48696	-5.56416	
1080	0.001079	-1.74309	-5.34865	
1081	0.00108	-2.02898	-5.1953	
1082	0.001081	-1.60625	-5.56935	
1083	0.001082	-1.74079	-5.43396	
1084	0.001083	-1.83912	-5.45708	
1085	0.001084	-1.93411	-5.42451	
1086	0.001085	-1.64852	-5.57373	
1087	0.001086	-1.72005	-5.50859	
1088	0.001087	-1.88638	-5.43444	
1089	0.001088	-1.70339	-5.44536	
1090	0.001089	-1.7251	-5.46738	
1091	0.00109	-1.57386	-5.51265	
1092	0.001091	-1.74207	-5.43278	
1093	0.001092	-1.82087	-5.32613	
1094	0.001093	-1.64902	-5.52089	
1095	0.001094	-1.65129	-5.53981	
1096	0.001095	-1.64669	-5.52177	
1097	0.001096	-1.79056	-5.34402	
1098	0.001097	-1.60112	-5.46887	
1099	0.001098	-1.72817	-5.31719	
1100	0.001099	-1.81333	-5.25051	
1101	0.0011	-1.59116	-5.45935	
1102	0.001101	-1.99421	-5.3756	
1103	0.001102	-2.03043	-5.43996	
1104	0.001103	-1.90266	-5.70375	
1105	0.001104	-1.88673	-5.79317	
1106	0.001105	-1.69801	-5.71847	
1107	0.001106	-1.93075	-5.35957	
1108	0.001107	-1.76509	-5.61304	
1109	0.001108	-1.92186	-5.42879	
1110	0.001109	-1.85854	-5.34278	
1111	0.00111	-2.03313	-5.3204	
1112	0.001111	-2.00291	-5.47843	
1113	0.001112	-1.76725	-5.6703	
1114	0.001113	-1.91043	-5.48347	
1115	0.001114	-2.0624	-5.3562	
1116	0.001115	-1.80756	-5.57291	
1117	0.001116	-2.12533	-5.25814	
1118	0.001117	-2.02496	-5.35273	
1119	0.001118	-2.05505	-5.34245	
1120	0.001119	-2.02223	-5.41461	
1121	0.00112	-2.10258	-5.38174	
1122	0.001121	-2.26648	-5.24286	
1123	0.001122	-1.91862	-5.54105	
1124	0.001123	-1.8695	-5.51436	
1125	0.001124	-1.86135	-5.56751	
1126	0.001125	-1.98575	-5.53262	
1127	0.001126	-1.75557	-5.54684	
1128	0.001127	-1.73974	-5.63155	
1129	0.001128	-2.17773	-5.37338	
1130	0.001129	-1.85382	-5.5924	
1131	0.00113	-1.93418	-5.62743	
1132	0.001131	-1.953	-5.52208	
1133	0.001132	-1.80512	-5.71574	
1134	0.001133	-2.07295	-5.43742	
1135	0.001134	-1.73254	-5.64331	
1136	0.001135	-1.88306	-5.53198	
1137	0.001136	-1.6914	-5.75098	
1138	0.001137	-1.83758	-5.55371	
1139	0.001138	-1.7465	-5.62294	
1140	0.001139	-1.95378	-5.36381	
1141	0.00114	-2.1701	-5.31329	
1142	0.001141	-2.05145	-5.42446	
1143	0.001142	-1.75577	-5.69716	
1144	0.001143	-1.98594	-5.47102	
1145	0.001144	-2.07345	-5.45917	
1146	0.001145	-1.86034	-5.51086	
1147	0.001146	-1.75418	-5.64632	
1148	0.001147	-2.09078	-5.39475	
1149	0.001148	-1.91329	-5.57122	
1150	0.001149	-2.10337	-5.3155	
1151	0.00115	-1.83668	-5.54417	
1152	0.001151	-1.97339	-5.45068	
1153	0.001152	-2.24874	-5.32756	
1154	0.001153	-2.02526	-5.58902	
1155	0.001154	-1.82898	-5.78547	
1156	0.001155	-2.16186	-5.58031	
1157	0.001156	-2.05172	-5.6618	
1158	0.001157	-1.93639	-5.6714	
1159	0.001158	-2.18698	-5.5633	
1160	0.001159	-2.02502	-5.75266	
1161	0.00116	-2.10019	-5.60529	
1162	0.001161	-2.00353	-5.69914	
1163	0.001162	-1.99857	-5.66636	
1164	0.001163	-2.06167	-5.62508	
1165	0.001164	-2.09704	-5.62738	
1166	0.001165	-2.0108	-5.71946	
1167	0.001166	-2.20916	-5.67336	
1168	0.001167	-2.18052	-5.57092	
1169	0.001168	-1.86875	-5.65631	
1170	0.001169	-2.15658	-5.486	
1171	0.00117	-2.08388	-5.62878	
1172	0.001171	-2.11973	-5.42275	
1173	0.001172	-2.20389	-5.32304	
1174	0.001173	-2.14197	-5.4722	
1175	0.001174	-2.14934	-5.43746	
1176	0.001175	-2.24619	-5.34497	
1177	0.001176	-2.52235	-5.31091	
1178	0.001177	-2.25283	-5.57312	
1179	0.001178	-2.01885	-5.62021	
1180	0.001179	-2.39579	-5.38797	
1181	0.00118	-2.20322	-5.68349	
1182	0.001181	-2.33692	-5.42353	
1183	0.001182	-2.18396	-5.49073	
1184	0.001183	-2.16388	-5.59413	
1185	0.001184	-2.40856	-5.61147	
1186	0.001185	-1.95495	-5.88546	
1187	0.001186	-2.41124	-5.44557	
1188	0.001187	-1.98103	-5.771	
1189	0.001188	-2.01652	-5.67882	
1190	0.001189	-2.20356	-5.60844	
1191	0.00119	-2.06146	-5.757	
1192	0.001191	-2.154	-5.58349	
1193	0.001192	-2.19484	-5.33149	
1194	0.001193	-2.22175	-5.46796	
1195	0.001194	-2.14335	-5.69866	
1196	0.001195	-2.20322	-5.67734	
1197	0.001196	-2.01887	-5.72752	
1198	0.001197	-2.21197	-5.68685	
1199	0.001198	-2.30739	-5.54127	
1200	0.001199	-2.42054	-5.50866	
1201	0.0012	-2.30241	-5.70778	
1202	0.001201	-2.19821	-5.66108	
1203	0.001202	-2.12304	-5.65857	
1204	0.001203	-2.1785	-5.52977	
1205	0.001204	-2.31176	-5.6002	
1206	0.001205	-2.27922	-5.61994	
1207	0.001206	-2.25905	-5.42705	
1208	0.001207	-2.19469	-5.39826	
1209	0.001208	-2.1868	-5.4669	
1210	0.001209	-1.91796	-5.57564	
1211	0.00121	-2.2363	-5.23175	
1212	0.001211	-2.53967	-5.18723	
1213	0.001212	-2.25963	-5.43673	
1214	0.001213	-2.22954	-5.56134	
1215	0.001214	-2.09017	-5.73544	
1216	0.001215	-2.38607	-5.50121	
1217	0.001216	-2.09105	-5.66872	
1218	0.001217	-2.20145	-5.44818	
1219	0.001218	-2.32121	-5.3233	
1220	0.001219	-2.17827	-5.42946	
1221	0.00122	-2.16839	-5.42079	
1222	0.001221	-2.07124	-5.45672	
1223	0.001222	-2.2759	-5.2269	
1224	0.001223	-2.38838	-5.26747	
1225	0.001224	-1.96504	-5.58332	
1226	0.001225	-2.1122	-5.3487	
1227	0.001226	-2.16768	-5.23303	
1228	0.001227	-2.51247	-5.06303	
1229	0.001228	-2.40314	-5.17201	
1230	0.001229	-2.19734	-5.3615	
1231	0.00123	-2.1048	-5.51662	
1232	0.001231	-2.31521	-5.30146	
1233	0.001232	-2.34766	-5.29359	
1234	0.001233	-2.28157	-5.33182	
1235	0.001234	-2.15606	-5.32539	
1236	0.001235	-2.26707	-5.23537	
1237	0.001236	-1.88925	-5.49128	
1238	0.001237	-2.36512	-5.34428	
1239	0.001238	-2.05968	-5.52811	
1240	0.001239	-2.35083	-5.04132	
1241	0.00124	-2.43458	-5.05672	
1242	0.001241	-2.02765	-5.33372	
1243	0.001242	-1.99748	-5.34203	
1244	0.001243	-1.95709	-5.32035	
1245	0.001244	-1.95805	-5.14424	
1246	0.001245	-2.03939	-5.15461	
1247	0.001246	-2.18181	-4.99455	
1248	0.001247	-2.12681	-5.0744	
1249	0.001248	-2.09195	-5.0957	
1250	0.001249	-2.30653	-4.92193	
1251	0.00125	-2.10068	-5.11172	
1252	0.001251	-2.13846	-5.03574	
1253	0.001252	-2.28803	-5.22042	
1254	0.001253	-1.99544	-5.50657	
1255	0.001254	-2.49185	-5.12157	
1256	0.001255	-2.34213	-5.09057	
1257	0.001256	-2.24447	-5.23419	
1258	0.001257	-2.23745	-5.22362	
1259	0.001258	-2.08509	-5.18248	
1260	0.001259	-2.30395	-5.16952	
1261	0.00126	-2.27489	-5.28346	
1262	0.001261	-2.32673	-5.05963	
1263	0.001262	-2.26147	-5.17539	
1264	0.001263	-2.35222	-5.02979	
1265	0.001264	-2.25584	-5.20569	
1266	0.001265	-1.95957	-5.30406	
1267	0.001266	-2.14265	-5.0378	
1268	0.001267	-2.26952	-4.90792	
1269	0.001268	-1.90596	-5.13173	
1270	0.001269	-2.20025	-4.96292	
1271	0.00127	-2.07978	-4.88892	
1272	0.001271	-1.83507	-5.07388	
1273	0.001272	-2.01981	-4.88958	
1274	0.001273	-2.06236	-4.90899	
1275	0.001274	-2.26637	-4.75545	
1276	0.001275	-2.07943	-4.9667	
1277	0.001276	-2.26519	-4.83393	
1278	0.001277	-2.20073	-4.82423	
1279	0.001278	-2.17331	-4.8932	
1280	0.001279	-2.11012	-4.88068	
1281	0.00128	-2.22376	-4.7252	
1282	0.001281	-2.33747	-4.59978	
1283	0.001282	-2.13659	-5.06362	
1284	0.001283	-2.13068	-4.87929	
1285	0.001284	-2.28722	-4.75215	
1286	0.001285	-2.22199	-4.76941	
1287	0.001286	-2.05837	-4.86942	
1288	0.001287	-1.96771	-4.86516	
1289	0.001288	-2.08173	-4.89959	
1290	0.001289	-2.41644	-4.8491	
1291	0.00129	-2.22976	-4.99111	
1292	0.001291	-2.02814	-5.05728	
1293	0.001292	-2.02348	-5.01202	
1294	0.001293	-1.96753	-4.97425	
1295	0.001294	-2.16105	-4.85115	
1296	0.001295	-1.92107	-4.95739	
1297	0.001296	-1.99642	-4.86822	
1298	0.001297	-2.23801	-4.69847	
1299	0.001298	-2.2012	-4.65923	
1300	0.001299	-2.05088	-4.76465	
1301	0.0013	-2.41316	-4.43552	
1302	0.001301	-1.96121	-4.77253	
1303	0.001302	-2.13859	-4.6501	
1304	0.001303	-2.03937	-4.6669	
1305	0.001304	-2.18564	-4.49451	
1306	0.001305	-2.09416	-4.58171	
1307	0.001306	-2.01952	-4.65832	
1308	0.001307	-2.0292	-4.58266	
1309	0.001308	-1.95001	-4.67608	
1310	0.001309	-1.92658	-4.65751	
1311	0.00131	-2.26187	-4.43621	
1312	0.001311	-2.13905	-4.6544	
1313	0.001312	-2.15832	-4.59089	
1314	0.001313	-2.02845	-4.68604	
1315	0.001314	-1.96475	-4.58599	
1316	0.001315	-2.27644	-4.38632	
1317	0.001316	-2.36205	-4.35835	
1318	0.001317	-2.22335	-4.4586	
1319	0.001318	-2.05392	-4.66021	
1320	0.001319	-2.0793	-4.52917	
1321	0.00132	-2.05158	-4.58043	
1322	0.001321	-2.02532	-4.53835	
1323	0.001322	-2.24855	-4.47499	
1324	0.001323	-2.03477	-4.66076	
1325	0.001324	-2.09928	-4.62777	
1326	0.001325	-2.15815	-4.50705	
1327	0.001326	-2.53148	-4.26309	
1328	0.001327	-2.39676	-4.51394	
1329	0.001328	-2.74117	-4.43542	
1330	0.001329	-2.56838	-4.61834	
1331	0.00133	-2.26886	-4.76066	
1332	0.001331	-2.43184	-4.87797	
1333	0.001332	-2.42885	-4.90314	
1334	0.001333	-2.28854	-4.98654	
1335	0.001334	-2.50801	-4.90273	
1336	0.001335	-2.26002	-5.02284	
1337	0.001336	-2.43885	-4.81974	
1338	0.001337	-2.27511	-4.95647	
1339	0.001338	-2.35971	-4.82908	
1340	0.001339	-2.20806	-4.86897	
1341	0.00134	-2.56694	-4.52515	
1342	0.001341	-2.10726	-4.92905	
1343	0.001342	-2.16403	-4.72558	
1344	0.001343	-2.31612	-4.66009	
1345	0.001344	-2.37869	-4.71712	
1346	0.001345	-2.31055	-4.75412	
1347	0.001346	-2.41393	-4.67844	
1348	0.001347	-2.46288	-4.56244	
1349	0.001348	-2.16617	-4.88848	
1350	0.001349	-2.30302	-4.78417	
1351	0.00135	-2.14813	-4.73116	
1352	0.001351	-2.39665	-4.62027	
1353	0.001352	-2.3756	-4.66139	
1354	0.001353	-2.13804	-4.75447	
1355	0.001354	-2.48459	-4.54488	
1356	0.001355	-2.26798	-4.62752	
1357	0.001356	-2.43232	-4.37197	
1358	0.001357	-2.73259	-4.07401	
1359	0.001358	-2.49752	-4.36396	
1360	0.001359	-2.54067	-4.46279	
1361	0.00136	-2.57841	-4.38078	
1362	0.001361	-2.55511	-4.41272	
1363	0.001362	-2.34767	-4.53218	
1364	0.001363	-2.4223	-4.45551	
1365	0.001364	-2.35976	-4.50922	
1366	0.001365	-2.62764	-4.29282	
1367	0.001366	-2.52171	-4.39081	
1368	0.001367	-2.47215	-4.4703	
1369	0.001368	-2.25714	-4.62786	
1370	0.001369	-2.47301	-4.49082	
1371	0.00137	-2.39308	-4.39185	
1372	0.001371	-2.68927	-4.22841	
1373	0.001372	-2.31261	-4.5774	
1374	0.001373	-2.3087	-4.47924	
1375	0.001374	-2.3712	-4.34394	
1376	0.001375	-2.57056	-4.27161	
1377	0.001376	-2.37119	-4.46062	
1378	0.001377	-2.37054	-4.41321	
1379	0.001378	-2.46448	-4.42044	
1380	0.001379	-2.55169	-4.36982	
1381	0.00138	-2.32256	-4.5359	
1382	0.001381	-2.41488	-4.48322	
1383	0.001382	-2.60931	-4.32131	
1384	0.001383	-2.53964	-4.47455	
1385	0.001384	-2.29543	-4.71231	
1386	0.001385	-2.56739	-4.54689	
1387	0.001386	-2.39635	-4.60923	
1388	0.001387	-2.48442	-4.5404	
1389	0.001388	-2.31888	-4.64003	
1390	0.001389	-2.1768	-4.71666	
1391	0.00139	-2.535	-4.44451	
1392	0.001391	-2.38255	-4.49989	
1393	0.001392	-2.59048	-4.42327	
1394	0.001393	-2.52698	-4.53534	
1395	0.001394	-2.38712	-4.5827	
1396	0.001395	-2.2921	-4.7101	
1397	0.001396	-2.23828	-4.66801	
1398	0.001397	-2.54048	-4.34949	
1399	0.001398	-2.28527	-4.63458	
1400	0.001399	-2.38217	-4.53777	
1401	0.0014	-2.30138	-4.54336	
1402	0.001401	-2.41844	-4.42162	
1403	0.001402	-2.36225	-4.51082	
1404	0.001403	-2.47671	-4.42377	
1405	0.001404	-2.28327	-4.56524	
1406	0.001405	-2.41279	-4.37811	
1407	0.001406	-2.33271	-4.47394	
1408	0.001407	-2.52742	-4.26057	
1409	0.001408	-2.48535	-4.22709	
1410	0.001409	-2.62452	-4.25768	
1411	0.00141	-2.61387	-4.1689	
1412	0.001411	-2.82314	-4.12831	
1413	0.001412	-2.43077	-4.43453	
1414	0.001413	-2.94666	-4.19487	
1415	0.001414	-2.93322	-4.24386	
1416	0.001415	-2.31958	-4.58153	
1417	0.001416	-2.55669	-4.41237	
1418	0.001417	-2.50559	-4.41977	
1419	0.001418	-2.64778	-4.36895	
1420	0.001419	-2.6022	-4.47996	
1421	0.00142	-2.49658	-4.46549	
1422	0.001421	-2.52341	-4.49924	
1423	0.001422	-2.212	-4.69918	
1424	0.001423	-2.52254	-4.46053	
1425	0.001424	-2.38249	-4.62313	
1426	0.001425	-2.51172	-4.50052	
1427	0.001426	-2.38734	-4.44717	
1428	0.001427	-2.36839	-4.43777	
1429	0.001428	-2.2578	-4.48431	
1430	0.001429	-2.36579	-4.33878	
1431	0.00143	-2.41886	-4.20712	
1432	0.001431	-2.45551	-4.21824	
1433	0.001432	-2.51437	-4.10875	
1434	0.001433	-2.26226	-4.2392	
1435	0.001434	-2.87004	-3.84861	
1436	0.001435	-2.82604	-4.23683	
1437	0.001436	-2.49797	-4.6096	
1438	0.001437	-2.60047	-4.45489	
1439	0.001438	-2.46716	-4.49402	
1440	0.001439	-2.67553	-4.33179	
1441	0.00144	-2.6602	-4.26348	
1442	0.001441	-2.15657	-4.46366	
1443	0.001442	-2.593	-4.06459	
1444	0.001443	-2.26236	-4.2606	
1445	0.001444	-2.29215	-4.05579	
1446	0.001445	-2.68506	-3.94251	
1447	0.001446	-2.92218	-3.7993	
1448	0.001447	-2.87631	-3.88182	
1449	0.001448	-2.47046	-4.11097	
1450	0.001449	-2.19773	-4.33677	
1451	0.00145	-2.29859	-4.14488	
1452	0.001451	-2.54955	-4.08593	
1453	0.001452	-2.40081	-4.17743	
1454	0.001453	-2.71785	-3.99551	
1455	0.001454	-2.70241	-3.77194	
1456	0.001455	-2.79297	-3.954	
1457	0.001456	-2.37313	-4.12985	
1458	0.001457	-2.68964	-3.69881	
1459	0.001458	-2.34757	-3.89572	
1460	0.001459	-2.59555	-3.82381	
1461	0.00146	-2.36025	-4.04488	
1462	0.001461	-2.28235	-3.96122	
1463	0.001462	-2.32831	-3.87013	
1464	0.001463	-2.50987	-3.71439	
1465	0.001464	-2.7022	-3.86535	
1466	0.001465	-2.56404	-3.73068	
1467	0.001466	-2.40128	-3.98355	
1468	0.001467	-2.85676	-3.80417	
1469	0.001468	-2.60916	-4.70183	
1470	0.001469	-2.62685	-4.61945	
1471	0.00147	-2.47965	-4.42776	
1472	0.001471	-2.68577	-4.26238	
1473	0.001472	-2.72132	-4.1799	
1474	0.001473	-2.74958	-4.21216	
1475	0.001474	-2.42821	-4.17091	
1476	0.001475	-2.717	-3.90774	
1477	0.001476	-2.81748	-3.75287	
1478	0.001477	-2.71105	-3.94613	
1479	0.001478	-2.54397	-4.20481	
1480	0.001479	-2.22121	-4.44417	
1481	0.00148	-2.719	-4.06363	
1482	0.001481	-2.65059	-4.1318	
1483	0.001482	-2.62594	-4.06575	
1484	0.001483	-2.38819	-4.24832	
1485	0.001484	-2.45163	-4.21795	
1486	0.001485	-2.38331	-4.14494	
1487	0.001486	-2.85933	-3.67952	
1488	0.001487	-2.47412	-3.93841	
1489	0.001488	-2.62119	-3.71118	
1490	0.001489	-2.33998	-4.04866	
1491	0.00149	-2.1808	-4.03057	
1492	0.001491	-2.60106	-3.82457	
1493	0.001492	-2.69565	-3.62176	
1494	0.001493	-2.3803	-3.89174	
1495	0.001494	-2.35448	-3.96549	
1496	0.001495	-2.37587	-3.7765	
1497	0.001496	-2.39691	-3.92329	
1498	0.001497	-2.50906	-3.84662	
1499	0.001498	-2.38284	-3.97411	
1500	0.001499	-2.3998	-4.08573	
1501	0.0015	-2.43463	-3.93603	
1502	0.001501	-2.27828	-4.00073	
1503	0.001502	-2.60733	-3.59317	
1504	0.001503	-2.56672	-3.63116	
1505	0.001504	-2.46136	-3.72942	
1506	0.001505	-2.36787	-3.76528	
1507	0.001506	-2.1986	-3.90245	
1508	0.001507	-2.32554	-3.68366	
1509	0.001508	-2.28973	-3.77082	
1510	0.001509	-2.62137	-3.41973	
1511	0.00151	-2.46075	-3.58565	
1512	0.001511	-2.44354	-3.58885	
1513	0.001512	-2.5583	-3.46317	
1514	0.001513	-2.21322	-3.78435	
1515	0.001514	-2.04425	-3.8205	
1516	0.001515	-2.43722	-3.48138	
1517	0.001516	-2.5994	-3.28339	
1518	0.001517	-2.76052	-3.33128	
1519	0.001518	-2.56978	-3.5148	
1520	0.001519	-2.58407	-3.38363	
1521	0.00152	-2.73638	-3.35203	
1522	0.001521	-2.32895	-3.72326	
1523	0.001522	-2.1188	-3.79538	
1524	0.001523	-2.16538	-3.65949	
1525	0.001524	-2.19493	-3.59152	
1526	0.001525	-2.23748	-3.51349	
1527	0.001526	-2.25007	-3.5444	
1528	0.001527	-2.26609	-3.423	
1529	0.001528	-2.35892	-3.28352	
1530	0.001529	-2.64388	-2.97888	
1531	0.00153	-2.30784	-3.38072	
1532	0.001531	-2.48836	-3.27143	
1533	0.001532	-2.8292	-2.9829	
1534	0.001533	-3.05392	-2.79239	
1535	0.001534	-2.50279	-3.29721	
1536	0.001535	-2.66688	-3.24588	
1537	0.001536	-2.57437	-3.29527	
1538	0.001537	-2.32305	-3.4717	
1539	0.001538	-2.30744	-3.40089	
1540	0.001539	-2.22829	-3.47679	
1541	0.00154	-2.45146	-3.26901	
1542	0.001541	-2.28138	-3.3518	
1543	0.001542	-2.37124	-3.26355	
1544	0.001543	-2.36567	-3.5424	
1545	0.001544	-2.72042	-3.25446	
1546	0.001545	-2.49307	-3.40257	
1547	0.001546	-2.16527	-3.46134	
1548	0.001547	-2.26932	-3.27361	
1549	0.001548	-2.22499	-3.42621	
1550	0.001549	-2.11149	-3.48524	
1551	0.00155	-2.27333	-3.20206	
1552	0.001551	-2.05911	-3.35734	
1553	0.001552	-2.00782	-3.16768	
1554	0.001553	-2.17953	-3.0321	
1555	0.001554	-2.25701	-3.06805	
1556	0.001555	-2.23269	-3.09771	
1557	0.001556	-2.17975	-3.05305	
1558	0.001557	-2.14717	-3.08938	
1559	0.001558	-2.11442	-3.08636	
1560	0.001559	-2.34229	-3.01666	
1561	0.00156	-2.35676	-3.01257	
1562	0.001561	-2.59703	-2.70642	
1563	0.001562	-2.32466	-3.05048	
1564	0.001563	-2.4523	-2.94196	
1565	0.001564	-2.23026	-3.26267	
1566	0.001565	-2.50197	-2.93948	
1567	0.001566	-2.18491	-3.14541	
1568	0.001567	-2.01727	-3.23559	
1569	0.001568	-2.30155	-3.0644	
1570	0.001569	-2.18126	-3.17257	
1571	0.00157	-1.93905	-3.26712	
1572	0.001571	-2.09878	-3.16297	
1573	0.001572	-2.36519	-2.97807	
1574	0.001573	-2.28294	-3.28161	
1575	0.001574	-2.54459	-3.13884	
1576	0.001575	-2.47569	-3.12177	
1577	0.001576	-2.66468	-3.13489	
1578	0.001577	-2.82747	-3.26438	
1579	0.001578	-2.68505	-3.23976	
1580	0.001579	-2.65439	-3.23843	
1581	0.00158	-2.66349	-3.11395	
1582	0.001581	-2.63866	-3.04642	
1583	0.001582	-2.1396	-3.44291	
1584	0.001583	-2.17418	-3.23741	
1585	0.001584	-2.43457	-2.9928	
1586	0.001585	-2.66081	-3.13324	
1587	0.001586	-2.44744	-3.3453	
1588	0.001587	-2.61454	-3.08339	
1589	0.001588	-2.35484	-3.27625	
1590	0.001589	-2.5022	-2.8698	
1591	0.00159	-3.05052	-2.50642	
1592	0.001591	-2.44628	-3.07347	
1593	0.001592	-2.04027	-3.28311	
1594	0.001593	-2.6048	-2.89073	
1595	0.001594	-2.30085	-3.03568	
1596	0.001595	-2.38723	-2.96611	
1597	0.001596	-2.86365	-2.63318	
1598	0.001597	-2.32606	-3.20192	
1599	0.001598	-2.32356	-3.08111	
1600	0.001599	-2.23643	-3.07355	
1601	0.0016	-2.00326	-3.27367	
1602	0.001601	-2.27617	-2.99318	
1603	0.001602	-2.24394	-2.85899	
1604	0.001603	-2.45561	-2.7961	
1605	0.001604	-2.33767	-2.94236	
1606	0.001605	-2.13205	-3.1102	
1607	0.001606	-2.02599	-3.13076	
1608	0.001607	-2.13082	-3.09139	
1609	0.001608	-2.11936	-3.15005	
1610	0.001609	-2.35737	-2.88527	
1611	0.00161	-2.48473	-2.79695	
1612	0.001611	-2.3796	-2.80338	
1613	0.001612	-2.11334	-3.01466	
1614	0.001613	-2.24598	-2.8502	
1615	0.001614	-2.28423	-2.81126	
1616	0.001615	-2.25315	-2.86767	
1617	0.001616	-1.87267	-3.1354	
1618	0.001617	-1.92185	-3.03615	
1619	0.001618	-1.96956	-2.9997	
1620	0.001619	-2.34886	-2.60212	
1621	0.00162	-2.03242	-2.92957	
1622	0.001621	-2.12817	-2.74509	
1623	0.001622	-2.17045	-2.76174	
1624	0.001623	-2.0179	-3.0719	
1625	0.001624	-2.12966	-2.8927	
1626	0.001625	-2.15057	-2.80518	
1627	0.001626	-2.39958	-2.64289	
1628	0.001627	-2.22484	-2.89556	
1629	0.001628	-2.55703	-2.59048	
1630	0.001629	-2.04761	-3.02177	
1631	0.00163	-2.15593	-2.70305	
1632	0.001631	-1.88181	-3.02022	
1633	0.001632	-2.11046	-2.76953	
1634	0.001633	-2.52216	-2.28299	
1635	0.001634	-2.09405	-2.7998	
1636	0.001635	-2.33745	-2.57818	
1637	0.001636	-2.34821	-2.58408	
1638	0.001637	-1.99354	-2.82868	
1639	0.001638	-1.97572	-2.81594	
1640	0.001639	-2.65562	-2.22859	
1641	0.00164	-2.11898	-2.74894	
1642	0.001641	-2.63999	-2.25558	
1643	0.001642	-2.018	-2.87357	
1644	0.001643	-2.11124	-2.75462	
1645	0.001644	-2.27977	-2.66182	
1646	0.001645	-2.38657	-2.59389	
1647	0.001646	-2.39347	-2.64493	
1648	0.001647	-2.11552	-2.89251	
1649	0.001648	-2.22275	-2.81763	
1650	0.001649	-2.25461	-2.78834	
1651	0.00165	-2.05055	-2.97012	
1652	0.001651	-1.96681	-3.07317	
1653	0.001652	-2.2565	-2.83462	
1654	0.001653	-2.39604	-2.83408	
1655	0.001654	-2.17991	-2.87988	
1656	0.001655	-1.92204	-3.00531	
1657	0.001656	-2.27832	-2.73009	
1658	0.001657	-2.14231	-2.87705	
1659	0.001658	-2.25655	-2.67585	
1660	0.001659	-2.04176	-2.82808	
1661	0.00166	-1.95484	-2.93793	
1662	0.001661	-2.14192	-2.76319	
1663	0.001662	-2.44679	-2.48368	
1664	0.001663	-2.16564	-2.72036	
1665	0.001664	-2.37976	-2.65714	
1666	0.001665	-2.04492	-3.03008	
1667	0.001666	-2.18988	-2.81644	
1668	0.001667	-2.2491	-2.76449	
1669	0.001668	-1.87525	-3.02591	
1670	0.001669	-1.95189	-2.87161	
1671	0.00167	-2.18559	-2.6783	
1672	0.001671	-2.48067	-2.45541	
1673	0.001672	-2.43057	-2.53454	
1674	0.001673	-2.28476	-2.62866	
1675	0.001674	-2.13958	-2.75549	
1676	0.001675	-2.17448	-2.62651	
1677	0.001676	-2.11003	-2.82374	
1678	0.001677	-2.06587	-2.69066	
1679	0.001678	-1.80527	-2.75137	
1680	0.001679	-2.20203	-2.52931	
1681	0.00168	-2.19996	-2.5433	
1682	0.001681	-2.25585	-2.49987	
1683	0.001682	-1.77499	-2.9764	
1684	0.001683	-2.1805	-2.7809	
1685	0.001684	-1.96759	-2.95573	
1686	0.001685	-2.38171	-2.56127	
1687	0.001686	-2.10227	-2.87889	
1688	0.001687	-1.89423	-3.04287	
1689	0.001688	-1.86029	-2.95814	
1690	0.001689	-2.40265	-2.35413	
1691	0.00169	-2.19472	-2.58278	
1692	0.001691	-1.80919	-2.83952	
1693	0.001692	-2.36932	-2.32702	
1694	0.001693	-2.13469	-2.57118	
1695	0.001694	-1.96114	-2.65877	
1696	0.001695	-2.05923	-2.41464	
1697	0.001696	-2.04502	-2.44271	
1698	0.001697	-2.23954	-2.29598	
1699	0.001698	-2.20337	-2.40502	
1700	0.001699	-1.72724	-2.78768	
1701	0.0017	-1.68628	-2.70104	
1702	0.001701	-1.91774	-2.47857	
1703	0.001702	-2.22868	-2.16725	
1704	0.001703	-1.97905	-2.29387	
1705	0.001704	-2.00273	-2.27709	
1706	0.001705	-2.08107	-2.24782	
1707	0.001706	-2.2953	-2.13383	
1708	0.001707	-2.26009	-2.2341	
1709	0.001708	-2.02073	-2.55194	
1710	0.001709	-1.99612	-2.51504	
1711	0.00171	-1.98803	-2.42057	
1712	0.001711	-2.03747	-2.3733	
1713	0.001712	-2.20554	-2.08973	
1714	0.001713	-2.14778	-2.2898	
1715	0.001714	-1.8594	-2.46026	
1716	0.001715	-1.97678	-2.28167	
1717	0.001716	-1.84275	-2.27812	
1718	0.001717	-2.18208	-2.20636	
1719	0.001718	-2.08522	-2.29838	
1720	0.001719	-2.11182	-2.37319	
1721	0.00172	-1.92878	-2.27518	
1722	0.001721	-2.55914	-1.83849	
1723	0.001722	-1.89483	-2.4365	
1724	0.001723	-1.85963	-2.38187	
1725	0.001724	-2.05905	-2.11051	
1726	0.001725	-1.71436	-2.39212	
1727	0.001726	-2.03994	-2.18056	
1728	0.001727	-1.807	-2.42208	
1729	0.001728	-2.19017	-1.98399	
1730	0.001729	-1.99549	-2.06212	
1731	0.00173	-1.79167	-2.27554	
1732	0.001731	-2.20367	-1.83294	
1733	0.001732	-1.92274	-2.06217	
1734	0.001733	-1.92923	-1.83938	
1735	0.001734	-1.81339	-1.97967	
1736	0.001735	-1.67054	-2.05319	
1737	0.001736	-1.66861	-2.03393	
1738	0.001737	-1.81186	-1.99931	
1739	0.001738	-1.9396	-1.74533	
1740	0.001739	-2.15103	-1.56962	
1741	0.00174	-2.09834	-1.62504	
1742	0.001741	-1.71395	-1.92535	
1743	0.001742	-1.8221	-1.95174	
1744	0.001743	-1.98703	-1.77285	
1745	0.001744	-1.54293	-2.09926	
1746	0.001745	-1.41005	-2.16009	
1747	0.001746	-1.72902	-1.86838	
1748	0.001747	-1.75424	-1.74938	
1749	0.001748	-1.53564	-1.90467	
1750	0.001749	-1.78032	-1.67914	
1751	0.00175	-2.06859	-1.483	
1752	0.001751	-1.51216	-1.85253	
1753	0.001752	-1.67932	-1.59061	
1754	0.001753	-1.76495	-1.51147	
1755	0.001754	-1.40842	-1.72062	
1756	0.001755	-1.98894	-1.30145	
1757	0.001756	-1.9215	-1.62975	
1758	0.001757	-1.94888	-1.68453	
1759	0.001758	-1.66735	-1.78679	
1760	0.001759	-1.48902	-1.95391	
1761	0.00176	-1.56681	-1.78195	
1762	0.001761	-1.70279	-1.79259	
1763	0.001762	-1.65917	-1.76466	
1764	0.001763	-1.46177	-1.91157	
1765	0.001764	-1.8028	-1.48676	
1766	0.001765	-1.80793	-1.49085	
1767	0.001766	-1.65162	-1.51762	
1768	0.001767	-1.96961	-1.28004	
1769	0.001768	-1.50647	-1.65155	
1770	0.001769	-1.53556	-1.54642	
1771	0.00177	-2.12427	-1.05964	
1772	0.001771	-1.66602	-1.32337	
1773	0.001772	-1.75852	-1.26714	
1774	0.001773	-1.63815	-1.36315	
1775	0.001774	-1.53983	-1.3948	
1776	0.001775	-1.53229	-1.30644	
1777	0.001776	-1.24993	-1.50751	
1778	0.001777	-1.3817	-1.48084	
1779	0.001778	-1.3416	-1.46541	
1780	0.001779	-1.32443	-1.47392	
1781	0.00178	-1.54404	-1.25111	
1782	0.001781	-1.67101	-1.2144	
1783	0.001782	-1.63337	-1.21876	
1784	0.001783	-1.49491	-1.3348	
1785	0.001784	-1.17895	-1.49658	
1786	0.001785	-1.20891	-1.39771	
1787	0.001786	-1.40256	-1.25884	
1788	0.001787	-1.42879	-1.16467	
1789	0.001788	-1.37053	-1.22208	
1790	0.001789	-1.40077	-1.21705	
1791	0.00179	-1.15272	-1.44558	
1792	0.001791	-1.42452	-1.23618	
1793	0.001792	-1.44698	-1.22523	
1794	0.001793	-1.86935	-0.972706	
1795	0.001794	-1.66261	-1.20037	
1796	0.001795	-1.77714	-1.00051	
1797	0.001796	-1.59873	-1.15524	
1798	0.001797	-1.57598	-1.24748	
1799	0.001798	-1.94374	-0.892087	
1800	0.001799	-1.49248	-1.48446	
1801	0.0018	-1.57665	-1.33166	
1802	0.001801	-1.30341	-1.45173	
1803	0.001802	-1.2109	-1.44343	
1804	0.001803	-1.39248	-1.23574	
1805	0.001804	-1.93523	-0.760763	
1806	0.001805	-1.5676	-1.07415	
1807	0.001806	-2.03902	-0.804373	
1808	0.001807	-1.5936	-1.22679	
1809	0.001808	-1.38194	-1.36772	
1810	0.001809	-1.27945	-1.48789	
1811	0.00181	-1.67553	-1.14547	
1812	0.001811	-1.28528	-1.51453	
1813	0.001812	-1.11825	-1.64799	
1814	0.001813	-0.996743	-1.72064	
1815	0.001814	-1.80768	-0.919609	
1816	0.001815	-1.84506	-0.950868	
1817	0.001816	-1.23832	-1.57592	
1818	0.001817	-1.27472	-1.42257	
1819	0.001818	-1.32749	-1.48153	
1820	0.001819	-1.53093	-1.57049	
1821	0.00182	-1.24755	-1.61738	
1822	0.001821	-1.35121	-1.43679	
1823	0.001822	-1.33829	-1.4669	
1824	0.001823	-1.47267	-1.33793	
1825	0.001824	-1.20099	-1.61276	
1826	0.001825	-1.53288	-1.28203	
1827	0.001826	-1.6439	-1.0894	
1828	0.001827	-1.59348	-1.22451	
1829	0.001828	-1.26068	-1.46831	
1830	0.001829	-1.49182	-1.56114	
1831	0.00183	-1.53611	-1.58216	
1832	0.001831	-1.37845	-1.7044	
1833	0.001832	-1.41904	-1.61788	
1834	0.001833	-1.26428	-1.82039	
1835	0.001834	-1.1176	-1.83904	
1836	0.001835	-1.6155	-1.39351	
1837	0.001836	-1.52801	-1.4402	
1838	0.001837	-1.52978	-1.45476	
1839	0.001838	-1.39092	-1.68926	
1840	0.001839	-1.45512	-1.54694	
1841	0.00184	-1.4095	-1.56762	
1842	0.001841	-1.50455	-1.47058	
1843	0.001842	-1.54706	-1.37086	
1844	0.001843	-1.27414	-1.59909	
1845	0.001844	-1.45796	-1.50596	
1846	0.001845	-1.5745	-1.36808	
1847	0.001846	-1.62897	-1.34312	
1848	0.001847	-1.48443	-1.36027	
1849	0.001848	-1.54787	-1.18842	
1850	0.001849	-1.50045	-1.43103	
1851	0.00185	-1.62504	-1.38772	
1852	0.001851	-1.01323	-1.96747	
1853	0.001852	-1.35522	-1.68091	
1854	0.001853	-1.50116	-1.70138	
1855	0.001854	-1.51663	-1.67665	
1856	0.001855	-1.34811	-1.79889	
1857	0.001856	-1.55462	-1.7773	
1858	0.001857	-1.7699	-1.53705	
1859	0.001858	-1.45334	-1.84044	
1860	0.001859	-1.36108	-1.8846	
1861	0.00186	-1.42307	-1.87862	
1862	0.001861	-1.37269	-1.924	
1863	0.001862	-1.16517	-2.07482	
1864	0.001863	-1.12056	-2.11915	
1865	0.001864	-1.27079	-1.96671	
1866	0.001865	-1.34726	-1.91057	
1867	0.001866	-1.31346	-2.05511	
1868	0.001867	-1.16145	-2.18769	
1869	0.001868	-1.4893	-1.81501	
1870	0.001869	-1.36617	-1.97599	
1871	0.00187	-1.23667	-2.01135	
1872	0.001871	-1.5798	-1.81676	
1873	0.001872	-1.30865	-1.99134	
1874	0.001873	-1.44915	-1.88055	
1875	0.001874	-1.367	-2.04674	
1876	0.001875	-1.17389	-2.12327	
1877	0.001876	-1.4503	-1.76607	
1878	0.001877	-1.69057	-1.64824	
1879	0.001878	-1.11596	-2.146	
1880	0.001879	-1.55509	-1.70144	
1881	0.00188	-1.27062	-1.92967	
1882	0.001881	-1.73509	-1.54574	
1883	0.001882	-1.69821	-1.59788	
1884	0.001883	-1.52981	-1.81524	
1885	0.001884	-1.61166	-1.71502	
1886	0.001885	-1.53177	-1.68944	
1887	0.001886	-1.48317	-1.71936	
1888	0.001887	-1.08478	-2.08961	
1889	0.001888	-1.24971	-1.94156	
1890	0.001889	-1.50348	-1.73894	
1891	0.00189	-1.39672	-1.84388	
1892	0.001891	-1.23764	-2.00772	
1893	0.001892	-1.55595	-1.68163	
1894	0.001893	-1.31608	-1.92808	
1895	0.001894	-1.48445	-1.7734	
1896	0.001895	-1.68993	-1.62144	
1897	0.001896	-1.36701	-1.89287	
1898	0.001897	-1.54786	-1.47181	
1899	0.001898	-1.40076	-1.53101	
1900	0.001899	-1.36829	-1.74582	
1901	0.0019	-1.53194	-1.54554	
1902	0.001901	-1.29681	-1.78655	
1903	0.001902	-1.40824	-1.717	
1904	0.001903	-1.16537	-1.93815	
1905	0.001904	-1.39277	-1.70219	
1906	0.001905	-1.55887	-1.58146	
1907	0.001906	-1.33626	-1.68668	
1908	0.001907	-1.26466	-1.85641	
1909	0.001908	-1.54255	-1.76998	
1910	0.001909	-1.46887	-1.88433	
1911	0.00191	-1.30205	-2.04121	
1912	0.001911	-1.27209	-1.97986	
1913	0.001912	-1.09384	-2.1313	
1914	0.001913	-1.40171	-1.81617	
1915	0.001914	-1.22608	-1.94197	
1916	0.001915	-1.48974	-1.66852	
1917	0.001916	-1.19124	-1.99731	
1918	0.001917	-1.04664	-2.14331	
1919	0.001918	-0.919786	-2.21455	
1920	0.001919	-1.20106	-1.94236	
1921	0.00192	-1.1264	-2.0595	
1922	0.001921	-1.23434	-1.91618	
1923	0.001922	-1.29622	-1.90437	
1924	0.001923	-1.16789	-2.02476	
1925	0.001924	-1.14442	-2.00285	
1926	0.001925	-1.09717	-1.99078	
1927	0.001926	-0.956903	-1.92246	
1928	0.001927	-1.22209	-1.74557	
1929	0.001928	-1.1517	-1.87356	
1930	0.001929	-1.11002	-1.70769	
1931	0.00193	-1.30122	-1.64155	
1932	0.001931	-1.25371	-1.7992	
1933	0.001932	-1.12643	-1.92258	
1934	0.001933	-1.35187	-1.76752	
1935	0.001934	-1.3811	-1.74444	
1936	0.001935	-1.10943	-1.98637	
1937	0.001936	-1.1509	-1.87865	
1938	0.001937	-0.938028	-1.94934	
1939	0.001938	-1.06307	-1.86598	
1940	0.001939	-1.13876	-1.82416	
1941	0.00194	-1.06374	-1.88608	
1942	0.001941	-1.01805	-1.91684	
1943	0.001942	-1.27999	-1.75144	
1944	0.001943	-1.13914	-1.87804	
1945	0.001944	-1.22963	-1.78182	
1946	0.001945	-1.10939	-1.93535	
1947	0.001946	-0.995358	-2.03248	
1948	0.001947	-1.2046	-1.8528	
1949	0.001948	-1.15199	-1.93393	
1950	0.001949	-1.07739	-1.94674	
1951	0.00195	-1.23566	-1.81243	
1952	0.001951	-1.0319	-1.98502	
1953	0.001952	-1.16837	-1.85966	
1954	0.001953	-1.14702	-1.82106	
1955	0.001954	-1.23957	-1.74037	
1956	0.001955	-1.07024	-1.94732	
1957	0.001956	-1.12563	-1.92164	
1958	0.001957	-0.974177	-2.05878	
1959	0.001958	-1.05431	-1.94938	
1960	0.001959	-0.934989	-2.06576	
1961	0.00196	-1.13409	-1.91162	
1962	0.001961	-1.1863	-1.8408	
1963	0.001962	-0.924345	-2.05275	
1964	0.001963	-0.984952	-2.00267	
1965	0.001964	-1.29467	-1.5641	
1966	0.001965	-1.09955	-1.87052	
1967	0.001966	-1.49084	-1.55777	
1968	0.001967	-1.2554	-1.82562	
1969	0.001968	-1.15754	-1.89627	
1970	0.001969	-1.42337	-1.56993	
1971	0.00197	-1.24547	-1.71192	
1972	0.001971	-1.31399	-1.6128	
1973	0.001972	-1.14275	-1.81981	
1974	0.001973	-1.53442	-1.44519	
1975	0.001974	-1.51096	-1.68661	
1976	0.001975	-1.35746	-1.99235	
1977	0.001976	-1.37798	-1.9313	
1978	0.001977	-1.57306	-1.98196	
1979	0.001978	-1.81666	-1.5973	
1980	0.001979	-1.4254	-1.9403	
1981	0.00198	-1.29664	-2.05206	
1982	0.001981	-1.38449	-1.88912	
1983	0.001982	-1.00427	-2.1266	
1984	0.001983	-1.08616	-2.02649	
1985	0.001984	-1.19939	-1.92165	
1986	0.001985	-0.984971	-2.06891	
1987	0.001986	-1.41667	-1.69206	
1988	0.001987	-1.0155	-2.0507	
1989	0.001988	-1.11335	-1.97983	
1990	0.001989	-1.13529	-1.96009	
1991	0.00199	-1.25353	-1.81002	
1992	0.001991	-1.48888	-1.52911	
1993	0.001992	-1.18886	-1.77472	
1994	0.001993	-1.05404	-1.9012	
1995	0.001994	-1.19881	-1.70984	
1996	0.001995	-1.0791	-1.99758	
1997	0.001996	-1.18003	-1.96744	
1998	0.001997	-1.26671	-2.01772	
1999	0.001998	-1.5241	-1.78833	
2000	0.001999	-0.989077	-2.22165	
2001	0.002	-1.46444	-1.7163	
2002	0.002001	-1.27019	-2.00997	
2003	0.002002	-1.20418	-2.07136	
2004	0.002003	-1.17515	-2.06833	
2005	0.002004	-1.01201	-2.15907	
2006	0.002005	-0.983295	-2.30662	
2007	0.002006	-1.02048	-2.27465	
2008	0.002007	-1.16239	-2.11019	
2009	0.002008	-1.094	-2.08055	
2010	0.002009	-1.06697	-2.17848	
2011	0.00201	-1.53243	-1.85589	
2012	0.002011	-1.08013	-2.21146	
2013	0.002012	-1.21919	-2.32529	
2014	0.002013	-1.1337	-2.16396	
2015	0.002014	-1.1807	-2.14391	
2016	0.002015	-1.20803	-2.09985	
2017	0.002016	-1.17945	-2.20592	
2018	0.002017	-0.961402	-2.33341	
2019	0.002018	-1.1015	-2.11211	
2020	0.002019	-1.10266	-2.12097	
2021	0.00202	-0.982431	-2.21064	
2022	0.002021	-1.00039	-2.10727	
2023	0.002022	-0.977766	-2.14697	
2024	0.002023	-0.917882	-2.1641	
2025	0.002024	-0.9211	-2.25363	
2026	0.002025	-0.959513	-2.29214	
2027	0.002026	-0.94529	-2.27728	
2028	0.002027	-0.88051	-2.38651	
2029	0.002028	-1.2053	-2.21186	
2030	0.002029	-1.13892	-2.21734	
2031	0.00203	-1.09394	-2.1928	
2032	0.002031	-1.11114	-2.27106	
2033	0.002032	-1.09608	-2.27675	
2034	0.002033	-1.06186	-2.35561	
2035	0.002034	-1.07605	-2.33462	
2036	0.002035	-0.958642	-2.50748	
2037	0.002036	-0.941692	-2.52775	
2038	0.002037	-1.07701	-2.48774	
2039	0.002038	-1.00647	-2.57746	
2040	0.002039	-1.17318	-2.5587	
2041	0.00204	-1.31222	-2.37117	
2042	0.002041	-1.36927	-2.33119	
2043	0.002042	-1.4106	-2.43007	
2044	0.002043	-1.21431	-2.66301	
2045	0.002044	-1.13794	-2.7032	
2046	0.002045	-1.10544	-2.72091	
2047	0.002046	-1.15109	-2.70107	
2048	0.002047	-1.12199	-2.72755	
2049	0.002048	-1.19702	-2.78823	
2050	0.002049	-1.22228	-2.81547	
2051	0.00205	-1.16622	-2.82427	
2052	0.002051	-1.26035	-2.7205	
2053	0.002052	-1.21116	-2.79011	
2054	0.002053	-1.19947	-2.8798	
2055	0.002054	-1.33486	-2.84101	
2056	0.002055	-1.21163	-2.96775	
2057	0.002056	-1.35927	-2.96313	
2058	0.002057	-1.29365	-3.07613	
2059	0.002058	-1.17518	-3.17473	
2060	0.002059	-1.34161	-2.98736	
2061	0.00206	-1.41588	-2.93161	
2062	0.002061	-1.0805	-3.23254	
2063	0.002062	-1.00325	-3.24422	
2064	0.002063	-1.13377	-3.15566	
2065	0.002064	-1.31795	-3.10106	
2066	0.002065	-1.15335	-3.22873	
2067	0.002066	-1.27143	-3.24191	
2068	0.002067	-1.22623	-3.24582	
2069	0.002068	-1.47013	-3.11981	
2070	0.002069	-1.25081	-3.36672	
2071	0.00207	-1.36714	-3.32309	
2072	0.002071	-1.49635	-3.23767	
2073	0.002072	-1.2747	-3.51365	
2074	0.002073	-1.19887	-3.57679	
2075	0.002074	-1.33322	-3.45215	
2076	0.002075	-1.44541	-3.41076	
2077	0.002076	-1.57625	-3.39652	
2078	0.002077	-1.60098	-3.41091	
2079	0.002078	-1.60853	-3.44683	
2080	0.002079	-1.50685	-3.57417	
2081	0.00208	-1.66721	-3.57167	
2082	0.002081	-1.51196	-3.7123	
2083	0.002082	-1.45589	-3.95232	
2084	0.002083	-1.65996	-3.67188	
2085	0.002084	-1.50418	-4.0837	
