CompteurTemps	Temps	Cx0	Cy0	
1	0	-125.575	25.4818	
2	1e-06	-86.2792	18.4769	
3	2e-06	-19.615	-45.2611	
4	3e-06	-13.7634	-43.2748	
5	4e-06	-12.2279	-38.6878	
6	5e-06	-10.1751	-34.4798	
7	6e-06	-9.24588	-30.5023	
8	7e-06	-8.2705	-27.697	
9	8e-06	-7.08281	-25.0784	
10	9e-06	-6.86214	-22.2894	
11	1e-05	-6.09226	-20.2796	
12	1.1e-05	-5.86016	-17.9434	
13	1.2e-05	-5.55735	-16.6275	
14	1.3e-05	-5.39539	-14.9658	
15	1.4e-05	-4.55979	-13.9579	
16	1.5e-05	-4.23416	-12.7356	
17	1.6e-05	-3.62383	-11.7667	
18	1.7e-05	-3.82291	-10.7617	
19	1.8e-05	-3.55361	-9.88473	
20	1.9e-05	-3.37759	-9.08863	
21	2e-05	-3.07028	-8.4353	
22	2.1e-05	-3.096	-7.71751	
23	2.2e-05	-2.88517	-7.2563	
24	2.3e-05	-2.54409	-6.8261	
25	2.4e-05	-2.62108	-6.16954	
26	2.5e-05	-2.92689	-5.50179	
27	2.6e-05	-2.54034	-5.48528	
28	2.7e-05	-2.70083	-5.04021	
29	2.8e-05	-2.6669	-4.81457	
30	2.9e-05	-2.76545	-4.45407	
31	3e-05	-2.5182	-4.39048	
32	3.1e-05	-2.29186	-4.27626	
33	3.2e-05	-2.45135	-4.06892	
34	3.3e-05	-2.31598	-3.82574	
35	3.4e-05	-2.02811	-3.87947	
36	3.5e-05	-2.27816	-3.59908	
37	3.6e-05	-2.54951	-3.3832	
38	3.7e-05	-2.29	-3.45736	
39	3.8e-05	-2.00973	-3.49268	
40	3.9e-05	-1.71112	-3.49581	
41	4e-05	-1.89335	-3.20455	
42	4.1e-05	-1.5995	-3.2996	
43	4.2e-05	-1.68289	-3.05349	
44	4.3e-05	-1.49111	-3.12469	
45	4.4e-05	-1.67251	-2.92269	
46	4.5e-05	-1.40047	-3.09692	
47	4.6e-05	-1.57174	-2.86171	
48	4.7e-05	-1.93016	-2.51316	
49	4.8e-05	-1.47689	-2.78479	
50	4.9e-05	-1.94278	-2.48449	
51	5e-05	-1.58447	-2.67502	
52	5.1e-05	-1.68164	-2.54728	
53	5.2e-05	-1.5405	-2.60257	
54	5.3e-05	-1.76163	-2.37543	
55	5.4e-05	-1.67174	-2.47302	
56	5.5e-05	-1.9542	-2.32181	
57	5.6e-05	-1.99281	-2.29206	
58	5.7e-05	-1.45857	-2.63598	
59	5.8e-05	-1.59187	-2.53948	
60	5.9e-05	-1.57501	-2.51165	
61	6e-05	-1.45349	-2.55127	
62	6.1e-05	-1.55729	-2.35638	
63	6.2e-05	-1.48766	-2.47745	
64	6.3e-05	-1.92782	-2.08492	
65	6.4e-05	-1.57515	-2.46734	
66	6.5e-05	-1.73815	-2.29231	
67	6.6e-05	-1.67153	-2.31222	
68	6.7e-05	-1.55854	-2.40193	
69	6.8e-05	-1.29676	-2.60457	
70	6.9e-05	-1.57547	-2.32526	
71	7e-05	-1.52249	-2.42976	
72	7.1e-05	-1.53284	-2.45314	
73	7.2e-05	-1.59955	-2.41393	
74	7.3e-05	-1.50889	-2.50964	
75	7.4e-05	-1.66029	-2.43014	
76	7.5e-05	-1.33011	-2.64618	
77	7.6e-05	-1.77455	-2.33593	
78	7.7e-05	-1.63135	-2.44774	
79	7.8e-05	-1.62771	-2.34352	
80	7.9e-05	-1.39454	-2.49659	
81	8e-05	-1.33752	-2.56913	
82	8.1e-05	-1.40709	-2.65542	
83	8.2e-05	-1.31717	-2.70136	
84	8.3e-05	-1.45354	-2.55478	
85	8.4e-05	-1.26403	-2.62905	
86	8.5e-05	-1.36471	-2.51553	
87	8.6e-05	-1.32598	-2.56151	
88	8.7e-05	-1.35386	-2.58439	
89	8.8e-05	-1.83576	-2.215	
90	8.9e-05	-1.8394	-2.20414	
91	9e-05	-1.68529	-2.46235	
92	9.1e-05	-1.43945	-2.60727	
93	9.2e-05	-1.31297	-2.67116	
94	9.3e-05	-1.16516	-2.76714	
95	9.4e-05	-1.53304	-2.39764	
96	9.5e-05	-1.54526	-2.40407	
97	9.6e-05	-1.60442	-2.4929	
98	9.7e-05	-1.54391	-2.51813	
99	9.8e-05	-1.39403	-2.55847	
100	9.9e-05	-1.28986	-2.55494	
101	0.0001	-1.43195	-2.48315	
102	0.000101	-1.61352	-2.40748	
103	0.000102	-1.5909	-2.40679	
104	0.000103	-1.45843	-2.54258	
105	0.000104	-1.13102	-2.73222	
106	0.000105	-1.31007	-2.51179	
107	0.000106	-1.52099	-2.43037	
108	0.000107	-1.63992	-2.33865	
109	0.000108	-1.26423	-2.59603	
110	0.000109	-1.19559	-2.62966	
111	0.00011	-1.35188	-2.42859	
112	0.000111	-1.18417	-2.58248	
113	0.000112	-1.25671	-2.53019	
114	0.000113	-1.41176	-2.33325	
115	0.000114	-1.22913	-2.54275	
116	0.000115	-1.43857	-2.46951	
117	0.000116	-1.23238	-2.5643	
118	0.000117	-1.27192	-2.72154	
119	0.000118	-1.438	-2.63529	
120	0.000119	-1.21364	-2.7464	
121	0.00012	-1.28908	-2.68217	
122	0.000121	-1.49206	-2.45787	
123	0.000122	-1.38857	-2.5211	
124	0.000123	-1.2848	-2.62416	
125	0.000124	-1.38762	-2.56935	
126	0.000125	-1.26432	-2.62249	
127	0.000126	-1.17062	-2.73571	
128	0.000127	-1.22294	-2.66873	
129	0.000128	-1.10573	-2.76658	
130	0.000129	-1.28494	-2.63077	
131	0.00013	-1.15475	-2.66748	
132	0.000131	-1.51831	-2.36509	
133	0.000132	-1.34488	-2.64211	
134	0.000133	-1.01335	-2.6935	
135	0.000134	-1.48548	-2.43135	
136	0.000135	-1.2329	-2.61702	
137	0.000136	-1.10178	-2.67055	
138	0.000137	-1.16877	-2.60898	
139	0.000138	-1.3771	-2.52222	
140	0.000139	-1.5418	-2.36562	
141	0.00014	-1.22285	-2.59337	
142	0.000141	-1.29819	-2.6439	
143	0.000142	-1.13552	-2.89709	
144	0.000143	-1.28992	-2.78275	
145	0.000144	-1.29114	-2.74649	
146	0.000145	-1.24282	-2.7197	
147	0.000146	-1.17495	-2.73589	
148	0.000147	-1.07308	-2.80889	
149	0.000148	-1.10952	-2.66555	
150	0.000149	-1.21817	-2.61744	
151	0.00015	-1.40748	-2.53515	
152	0.000151	-1.34401	-2.56193	
153	0.000152	-1.31742	-2.45906	
154	0.000153	-1.31672	-2.5035	
155	0.000154	-1.12872	-2.74842	
156	0.000155	-1.10756	-2.93087	
157	0.000156	-1.16006	-2.79128	
158	0.000157	-1.12372	-2.74379	
159	0.000158	-1.20742	-2.65345	
160	0.000159	-1.0474	-2.81175	
161	0.00016	-1.17715	-2.63557	
162	0.000161	-1.47938	-2.47975	
163	0.000162	-1.08101	-2.81679	
164	0.000163	-1.39383	-2.57293	
165	0.000164	-1.28009	-2.67206	
166	0.000165	-1.1312	-2.70991	
167	0.000166	-1.36854	-2.54306	
168	0.000167	-1.16467	-2.70464	
169	0.000168	-1.29345	-2.628	
170	0.000169	-1.2948	-2.62315	
171	0.00017	-1.02526	-2.83583	
172	0.000171	-1.26822	-2.60994	
173	0.000172	-1.07055	-2.77462	
174	0.000173	-1.3415	-2.4786	
175	0.000174	-1.11401	-2.65389	
176	0.000175	-1.11303	-2.60898	
177	0.000176	-1.37756	-2.42313	
178	0.000177	-1.35339	-2.4864	
179	0.000178	-1.41822	-2.44362	
180	0.000179	-1.35951	-2.44806	
181	0.00018	-1.125	-2.64405	
182	0.000181	-1.13525	-2.65768	
183	0.000182	-1.16789	-2.61995	
184	0.000183	-1.21427	-2.58876	
185	0.000184	-1.00771	-2.75204	
186	0.000185	-1.06596	-2.67325	
187	0.000186	-1.09929	-2.6339	
188	0.000187	-1.07981	-2.63953	
189	0.000188	-1.08249	-2.68563	
190	0.000189	-1.16588	-2.57224	
191	0.00019	-1.07893	-2.63263	
192	0.000191	-1.30513	-2.46952	
193	0.000192	-1.1259	-2.6293	
194	0.000193	-1.1001	-2.68008	
195	0.000194	-0.978807	-2.74667	
196	0.000195	-1.01432	-2.72067	
197	0.000196	-0.866909	-2.81588	
198	0.000197	-0.811856	-2.83615	
199	0.000198	-0.918205	-2.77934	
200	0.000199	-0.879464	-2.82021	
201	0.0002	-0.951346	-2.71091	
202	0.000201	-1.05829	-2.64555	
203	0.000202	-1.03517	-2.71869	
204	0.000203	-1.09835	-2.69696	
205	0.000204	-1.04635	-2.76452	
206	0.000205	-1.1343	-2.6641	
207	0.000206	-1.08567	-2.6729	
208	0.000207	-1.09241	-2.63292	
209	0.000208	-1.11519	-2.60266	
210	0.000209	-1.29564	-2.42962	
211	0.00021	-1.00404	-2.60721	
212	0.000211	-0.995234	-2.61364	
213	0.000212	-1.13949	-2.51764	
214	0.000213	-0.900345	-2.70616	
215	0.000214	-1.06635	-2.55415	
216	0.000215	-1.09035	-2.57378	
217	0.000216	-1.07246	-2.63566	
218	0.000217	-1.1505	-2.56877	
219	0.000218	-1.25044	-2.64554	
220	0.000219	-1.03878	-2.78649	
221	0.00022	-1.05954	-2.74425	
222	0.000221	-1.12497	-2.56996	
223	0.000222	-1.29138	-2.53435	
224	0.000223	-1.09545	-2.60716	
225	0.000224	-1.03595	-2.68461	
226	0.000225	-1.10425	-2.68351	
227	0.000226	-1.20032	-2.58622	
228	0.000227	-1.24595	-2.57671	
229	0.000228	-0.96179	-2.74328	
230	0.000229	-1.32426	-2.53126	
231	0.00023	-1.05173	-2.72455	
232	0.000231	-1.06808	-2.6994	
233	0.000232	-0.953107	-2.79239	
234	0.000233	-1.1546	-2.61209	
235	0.000234	-1.2014	-2.53879	
236	0.000235	-1.29777	-2.61327	
237	0.000236	-1.24593	-2.60446	
238	0.000237	-1.10772	-2.77517	
239	0.000238	-0.947039	-2.82191	
240	0.000239	-1.13217	-2.63378	
241	0.00024	-1.12968	-2.69583	
242	0.000241	-0.918813	-2.82962	
243	0.000242	-1.04572	-2.69463	
244	0.000243	-1.15563	-2.65957	
245	0.000244	-1.11829	-2.67042	
246	0.000245	-1.03653	-2.68935	
247	0.000246	-0.895916	-2.71987	
248	0.000247	-1.10934	-2.60974	
249	0.000248	-1.13765	-2.58723	
250	0.000249	-1.1405	-2.6157	
251	0.00025	-0.919363	-2.78036	
252	0.000251	-0.975154	-2.71393	
253	0.000252	-0.961992	-2.74006	
254	0.000253	-1.04723	-2.666	
255	0.000254	-0.947539	-2.78219	
256	0.000255	-1.18093	-2.65215	
257	0.000256	-1.09248	-2.68806	
258	0.000257	-0.93814	-2.80943	
259	0.000258	-1.11919	-2.64746	
260	0.000259	-1.03735	-2.72915	
261	0.00026	-1.08039	-2.69628	
262	0.000261	-1.09624	-2.66928	
263	0.000262	-0.976924	-2.80524	
264	0.000263	-1.01696	-2.7702	
265	0.000264	-1.33037	-2.64253	
266	0.000265	-0.990474	-2.92713	
267	0.000266	-1.18271	-2.71855	
268	0.000267	-0.932553	-2.94525	
269	0.000268	-1.17087	-2.76737	
270	0.000269	-1.09326	-2.83709	
271	0.00027	-1.12007	-2.80093	
272	0.000271	-1.03032	-2.85007	
273	0.000272	-0.985445	-2.88304	
274	0.000273	-1.00814	-2.82636	
275	0.000274	-1.00995	-2.84616	
276	0.000275	-0.879369	-2.96093	
277	0.000276	-0.972014	-2.86638	
278	0.000277	-0.83322	-2.92678	
279	0.000278	-1.19894	-2.71951	
280	0.000279	-1.21082	-2.74318	
281	0.00028	-1.15877	-2.78337	
282	0.000281	-1.22008	-2.82779	
283	0.000282	-0.989461	-2.98843	
284	0.000283	-1.08182	-2.93883	
285	0.000284	-1.05913	-2.92467	
286	0.000285	-0.99409	-2.89665	
287	0.000286	-1.10659	-2.77623	
288	0.000287	-1.07169	-2.76639	
289	0.000288	-1.00874	-2.83664	
290	0.000289	-1.05581	-2.87074	
291	0.00029	-1.07037	-2.85399	
292	0.000291	-1.01912	-2.81572	
293	0.000292	-0.989645	-2.85645	
294	0.000293	-1.20101	-2.75269	
295	0.000294	-1.30188	-2.64961	
296	0.000295	-0.932363	-2.9232	
297	0.000296	-1.00429	-2.83894	
298	0.000297	-1.00895	-2.77356	
299	0.000298	-1.00042	-2.81526	
300	0.000299	-1.20362	-2.67115	
301	0.0003	-1.05599	-2.82126	
302	0.000301	-0.99176	-2.89763	
303	0.000302	-1.01174	-2.82491	
304	0.000303	-0.984807	-2.87655	
305	0.000304	-0.896573	-2.95068	
306	0.000305	-1.05283	-2.8858	
307	0.000306	-0.9476	-2.81337	
308	0.000307	-0.993497	-2.79277	
309	0.000308	-1.06063	-2.80262	
310	0.000309	-1.02635	-2.82705	
311	0.00031	-1.31311	-2.69069	
312	0.000311	-0.985481	-2.95197	
313	0.000312	-0.837216	-3.03457	
314	0.000313	-1.00759	-2.9117	
315	0.000314	-0.937385	-3.00687	
316	0.000315	-1.15167	-2.86332	
317	0.000316	-1.00879	-2.99479	
318	0.000317	-1.04322	-3.02066	
319	0.000318	-1.34988	-2.85135	
320	0.000319	-1.11603	-3.10229	
321	0.00032	-1.09762	-3.04326	
322	0.000321	-1.11192	-3.03446	
323	0.000322	-1.04008	-3.08209	
324	0.000323	-0.96283	-3.05736	
325	0.000324	-0.990192	-3.09712	
326	0.000325	-1.05175	-2.94913	
327	0.000326	-1.11994	-2.94078	
328	0.000327	-1.04493	-2.93503	
329	0.000328	-1.0451	-2.93883	
330	0.000329	-1.02662	-3.01961	
331	0.00033	-1.32624	-2.9734	
332	0.000331	-1.1933	-3.17282	
333	0.000332	-1.09841	-3.19328	
334	0.000333	-1.03477	-3.1236	
335	0.000334	-0.977731	-3.14152	
336	0.000335	-0.909816	-3.16331	
337	0.000336	-1.17317	-2.98137	
338	0.000337	-1.0585	-2.97927	
339	0.000338	-1.11028	-2.99514	
340	0.000339	-0.933766	-3.08615	
341	0.00034	-1.0009	-3.05481	
342	0.000341	-0.919729	-3.01489	
343	0.000342	-1.04515	-2.92299	
344	0.000343	-0.907213	-3.06471	
345	0.000344	-0.912758	-3.0657	
346	0.000345	-1.1484	-2.90178	
347	0.000346	-0.984351	-3.03393	
348	0.000347	-1.14825	-2.98995	
349	0.000348	-1.17999	-2.99084	
350	0.000349	-0.816251	-3.15911	
351	0.00035	-1.18708	-2.87156	
352	0.000351	-1.10463	-2.99444	
353	0.000352	-0.922538	-3.13985	
354	0.000353	-1.17247	-2.97901	
355	0.000354	-1.05154	-3.03333	
356	0.000355	-0.891174	-3.1285	
357	0.000356	-1.3672	-2.80663	
358	0.000357	-1.00976	-3.23793	
359	0.000358	-1.30974	-2.94404	
360	0.000359	-1.053	-3.1295	
361	0.00036	-1.03878	-3.08017	
362	0.000361	-0.954245	-3.08998	
363	0.000362	-1.0038	-3.03698	
364	0.000363	-1.01837	-3.03678	
365	0.000364	-1.03922	-2.92267	
366	0.000365	-0.953844	-3.02751	
367	0.000366	-0.860429	-3.0815	
368	0.000367	-0.913761	-3.03742	
369	0.000368	-0.852926	-3.03095	
370	0.000369	-0.941989	-3.03551	
371	0.00037	-1.02588	-2.92861	
372	0.000371	-1.071	-2.95471	
373	0.000372	-1.03669	-3.08255	
374	0.000373	-0.959588	-3.10576	
375	0.000374	-0.88204	-3.15842	
376	0.000375	-0.999444	-3.07593	
377	0.000376	-1.00672	-3.09968	
378	0.000377	-1.01905	-3.03924	
379	0.000378	-1.10818	-3.00021	
380	0.000379	-0.96655	-3.10639	
381	0.00038	-0.824988	-3.17394	
382	0.000381	-0.891723	-3.16415	
383	0.000382	-1.0711	-3.08997	
384	0.000383	-1.10665	-3.00707	
385	0.000384	-1.12132	-2.98876	
386	0.000385	-0.922173	-3.17518	
387	0.000386	-0.847203	-3.21181	
388	0.000387	-0.961421	-3.09512	
389	0.000388	-0.860973	-3.16436	
390	0.000389	-1.15414	-2.99606	
391	0.00039	-0.918745	-3.17977	
392	0.000391	-0.807436	-3.2118	
393	0.000392	-1.03108	-3.07562	
394	0.000393	-1.08295	-3.01043	
395	0.000394	-1.14129	-2.95566	
396	0.000395	-0.93102	-3.04919	
397	0.000396	-1.03766	-2.97361	
398	0.000397	-1.14174	-2.99878	
399	0.000398	-1.0542	-3.04205	
400	0.000399	-0.962695	-3.14785	
401	0.0004	-0.846276	-3.16865	
402	0.000401	-0.997848	-3.03437	
403	0.000402	-1.04291	-3.01849	
404	0.000403	-0.929462	-3.08252	
405	0.000404	-0.988999	-3.12217	
406	0.000405	-0.910842	-3.16341	
407	0.000406	-1.08927	-3.01652	
408	0.000407	-1.04615	-3.12765	
409	0.000408	-1.07714	-3.07956	
410	0.000409	-1.02544	-3.07722	
411	0.00041	-1.02952	-3.06413	
412	0.000411	-0.93505	-3.18219	
413	0.000412	-1.10541	-3.04639	
414	0.000413	-0.940443	-3.14907	
415	0.000414	-1.03472	-2.99882	
416	0.000415	-0.944778	-3.10348	
417	0.000416	-1.10018	-3.02728	
418	0.000417	-0.848122	-3.137	
419	0.000418	-0.779139	-3.1461	
420	0.000419	-0.987205	-3.03005	
421	0.00042	-1.10453	-2.98131	
422	0.000421	-0.96346	-3.08964	
423	0.000422	-0.894292	-3.14093	
424	0.000423	-0.79887	-3.22082	
425	0.000424	-0.793467	-3.16525	
426	0.000425	-0.901429	-3.10703	
427	0.000426	-1.06877	-2.97745	
428	0.000427	-0.935348	-3.08166	
429	0.000428	-0.930578	-3.17839	
430	0.000429	-0.877526	-3.21422	
431	0.00043	-0.951547	-3.09094	
432	0.000431	-1.19941	-2.97544	
433	0.000432	-0.96154	-3.1786	
434	0.000433	-1.12809	-3.06747	
435	0.000434	-1.11706	-3.05955	
436	0.000435	-1.12232	-3.0179	
437	0.000436	-1.06849	-3.07871	
438	0.000437	-1.03543	-3.15837	
439	0.000438	-0.877122	-3.23701	
440	0.000439	-1.03741	-3.13678	
441	0.00044	-1.11488	-3.08108	
442	0.000441	-1.15652	-3.04645	
443	0.000442	-1.12437	-3.0959	
444	0.000443	-1.03125	-3.13601	
445	0.000444	-1.03537	-3.13723	
446	0.000445	-0.917581	-3.22665	
447	0.000446	-0.913508	-3.17989	
448	0.000447	-0.921834	-3.13437	
449	0.000448	-1.17709	-2.94163	
450	0.000449	-1.10839	-2.99891	
451	0.00045	-1.06941	-3.01478	
452	0.000451	-1.04018	-2.96494	
453	0.000452	-0.981572	-3.04444	
454	0.000453	-1.14593	-2.9605	
455	0.000454	-0.826129	-3.16993	
456	0.000455	-0.987317	-3.04305	
457	0.000456	-0.96317	-3.06767	
458	0.000457	-0.940798	-3.13273	
459	0.000458	-0.997091	-3.06507	
460	0.000459	-1.0602	-3.06089	
461	0.00046	-0.929026	-3.14597	
462	0.000461	-0.927376	-3.1696	
463	0.000462	-0.977749	-3.1557	
464	0.000463	-1.00127	-3.09858	
465	0.000464	-0.962313	-3.13486	
466	0.000465	-1.16536	-2.99586	
467	0.000466	-1.12226	-3.05038	
468	0.000467	-1.07421	-3.03616	
469	0.000468	-1.10003	-3.06733	
470	0.000469	-0.938619	-3.16891	
471	0.00047	-0.85505	-3.18699	
472	0.000471	-0.968175	-3.13786	
473	0.000472	-1.13491	-2.98802	
474	0.000473	-1.02479	-3.13418	
475	0.000474	-1.0488	-3.12845	
476	0.000475	-1.14551	-3.045	
477	0.000476	-1.08382	-3.12077	
478	0.000477	-1.09388	-3.09075	
479	0.000478	-0.989304	-3.18005	
480	0.000479	-0.823363	-3.19515	
481	0.00048	-0.896616	-3.18818	
482	0.000481	-0.918906	-3.16049	
483	0.000482	-0.792311	-3.25785	
484	0.000483	-0.900242	-3.11682	
485	0.000484	-0.860715	-3.11688	
486	0.000485	-1.01908	-2.99944	
487	0.000486	-0.884013	-3.14927	
488	0.000487	-0.969237	-3.09991	
489	0.000488	-1.08127	-3.02374	
490	0.000489	-0.879975	-3.23376	
491	0.00049	-0.971641	-3.14362	
492	0.000491	-0.987564	-3.05696	
493	0.000492	-0.958473	-3.10504	
494	0.000493	-0.981972	-3.10931	
495	0.000494	-1.08603	-3.03231	
496	0.000495	-1.0954	-3.00855	
497	0.000496	-1.07658	-3.05154	
498	0.000497	-1.04656	-3.09736	
499	0.000498	-0.792465	-3.29709	
500	0.000499	-0.890616	-3.14967	
501	0.0005	-0.965993	-3.03173	
502	0.000501	-0.936377	-3.02958	
503	0.000502	-0.824801	-3.24186	
504	0.000503	-0.95056	-3.16005	
505	0.000504	-0.870264	-3.2199	
506	0.000505	-1.04842	-3.05421	
507	0.000506	-0.965327	-3.0781	
508	0.000507	-0.905752	-3.1217	
509	0.000508	-0.857642	-3.12169	
510	0.000509	-0.892786	-3.06528	
511	0.00051	-1.09797	-2.92746	
512	0.000511	-1.13661	-3.02298	
513	0.000512	-1.15666	-3.08821	
514	0.000513	-1.05093	-3.17615	
515	0.000514	-1.00251	-3.2448	
516	0.000515	-1.00363	-3.16853	
517	0.000516	-1.00123	-3.09753	
518	0.000517	-1.12979	-3.01438	
519	0.000518	-1.05212	-3.14645	
520	0.000519	-1.00082	-3.18915	
521	0.00052	-1.14034	-3.15753	
522	0.000521	-1.13824	-3.25356	
523	0.000522	-1.01388	-3.3307	
524	0.000523	-1.15442	-3.22048	
525	0.000524	-0.952171	-3.35635	
526	0.000525	-1.07043	-3.28522	
527	0.000526	-1.06219	-3.21694	
528	0.000527	-1.08149	-3.21212	
529	0.000528	-1.10071	-3.22573	
530	0.000529	-1.07294	-3.21742	
531	0.00053	-1.06361	-3.18754	
532	0.000531	-1.10206	-3.21624	
533	0.000532	-0.882273	-3.29139	
534	0.000533	-0.846127	-3.23579	
535	0.000534	-0.843218	-3.20289	
536	0.000535	-0.775823	-3.2567	
537	0.000536	-0.829952	-3.19794	
538	0.000537	-1.09682	-3.05512	
539	0.000538	-1.12223	-3.07097	
540	0.000539	-0.892868	-3.26814	
541	0.00054	-0.875915	-3.33712	
542	0.000541	-0.778392	-3.22413	
543	0.000542	-1.07126	-2.95374	
544	0.000543	-1.05534	-3.17781	
545	0.000544	-0.901579	-3.13886	
546	0.000545	-1.02107	-3.05554	
547	0.000546	-1.05057	-3.07652	
548	0.000547	-1.08062	-3.03478	
549	0.000548	-0.95518	-3.21016	
550	0.000549	-1.12769	-2.95995	
551	0.00055	-0.92077	-3.19643	
552	0.000551	-0.79934	-3.28877	
553	0.000552	-1.09241	-3.05354	
554	0.000553	-1.16499	-2.96257	
555	0.000554	-1.06747	-3.14852	
556	0.000555	-0.977112	-3.17021	
557	0.000556	-1.1733	-3.08725	
558	0.000557	-1.14575	-2.97727	
559	0.000558	-1.28589	-2.8735	
560	0.000559	-1.13652	-3.07573	
561	0.00056	-0.951456	-3.23012	
562	0.000561	-1.04601	-3.1645	
563	0.000562	-1.16142	-3.24309	
564	0.000563	-1.04872	-3.33966	
565	0.000564	-1.0563	-3.31963	
566	0.000565	-1.05717	-3.29186	
567	0.000566	-0.911789	-3.41495	
568	0.000567	-0.920684	-3.31023	
569	0.000568	-0.86558	-3.24511	
570	0.000569	-1.02037	-3.11178	
571	0.00057	-0.881994	-3.38936	
572	0.000571	-1.10303	-3.23939	
573	0.000572	-0.966924	-3.3828	
574	0.000573	-0.993737	-3.25789	
575	0.000574	-0.860216	-3.20196	
576	0.000575	-1.00077	-3.11228	
577	0.000576	-0.903013	-3.14627	
578	0.000577	-1.03387	-3.07937	
579	0.000578	-0.909195	-3.12637	
580	0.000579	-0.917168	-3.12217	
581	0.00058	-0.935761	-3.13034	
582	0.000581	-0.858449	-3.1789	
583	0.000582	-0.935581	-3.20341	
584	0.000583	-1.06236	-3.02357	
585	0.000584	-0.83775	-3.19695	
586	0.000585	-0.958537	-3.09272	
587	0.000586	-0.890659	-3.19543	
588	0.000587	-1.04121	-3.10543	
589	0.000588	-1.23736	-3.06228	
590	0.000589	-0.975076	-3.19052	
591	0.00059	-1.04059	-3.17109	
592	0.000591	-1.01798	-3.22932	
593	0.000592	-1.03138	-3.2189	
594	0.000593	-1.04968	-3.27159	
595	0.000594	-1.02344	-3.17591	
596	0.000595	-0.922743	-3.30571	
597	0.000596	-0.901635	-3.22418	
598	0.000597	-0.8807	-3.33112	
599	0.000598	-0.930097	-3.24012	
600	0.000599	-1.13228	-3.3223	
601	0.0006	-1.02999	-3.41468	
