CompteurTemps	Temps	Cx0	Cy0	
1	0	-207.213	51.0905	
2	1e-06	-84.7991	-1.28484	
3	2e-06	-22.3179	-57.6837	
4	3e-06	-16.1055	-52.6318	
5	4e-06	-14.7505	-45.9318	
6	5e-06	-12.1002	-40.2784	
7	6e-06	-10.7146	-35.5195	
8	7e-06	-9.53462	-31.3787	
9	8e-06	-9.01209	-27.5871	
10	9e-06	-7.95053	-24.7403	
11	1e-05	-7.30589	-22.1411	
12	1.1e-05	-6.48775	-19.9586	
13	1.2e-05	-5.97109	-17.8174	
14	1.3e-05	-5.53377	-16.0084	
15	1.4e-05	-5.51917	-14.2014	
16	1.5e-05	-5.05744	-12.8856	
17	1.6e-05	-4.2046	-11.9959	
18	1.7e-05	-4.36445	-10.6965	
19	1.8e-05	-4.15649	-9.75949	
20	1.9e-05	-3.95021	-8.95333	
21	2e-05	-3.82499	-8.32317	
22	2.1e-05	-3.66502	-7.55172	
23	2.2e-05	-3.17179	-7.29652	
24	2.3e-05	-2.72653	-6.78942	
25	2.4e-05	-3.53854	-5.80331	
26	2.5e-05	-3.17394	-5.8355	
27	2.6e-05	-3.04463	-5.38461	
28	2.7e-05	-2.72796	-5.21701	
29	2.8e-05	-2.61109	-4.9394	
30	2.9e-05	-2.59894	-4.69609	
31	3e-05	-2.64153	-4.36883	
32	3.1e-05	-2.26812	-4.47114	
33	3.2e-05	-2.24453	-4.21338	
34	3.3e-05	-1.95062	-4.0849	
35	3.4e-05	-2.009	-3.75507	
36	3.5e-05	-1.98763	-3.55568	
37	3.6e-05	-2.08252	-3.46674	
38	3.7e-05	-1.65677	-3.58208	
39	3.8e-05	-1.91568	-3.30074	
40	3.9e-05	-2.1723	-2.93644	
41	4e-05	-1.96414	-3.07219	
42	4.1e-05	-2.01125	-2.93343	
43	4.2e-05	-1.93006	-2.94215	
44	4.3e-05	-2.22977	-2.87552	
45	4.4e-05	-2.09139	-2.94244	
46	4.5e-05	-1.98053	-3.08985	
47	4.6e-05	-1.86175	-3.00446	
48	4.7e-05	-1.76992	-2.87607	
49	4.8e-05	-1.82321	-2.87627	
50	4.9e-05	-1.65861	-2.76521	
51	5e-05	-1.88573	-2.69004	
52	5.1e-05	-1.68267	-2.97661	
53	5.2e-05	-1.71746	-2.92866	
54	5.3e-05	-1.49879	-3.01618	
55	5.4e-05	-1.78421	-2.69971	
56	5.5e-05	-1.93466	-2.62056	
57	5.6e-05	-1.80941	-2.65388	
58	5.7e-05	-1.36011	-2.98644	
59	5.8e-05	-1.315	-2.95719	
60	5.9e-05	-1.33206	-2.86341	
61	6e-05	-1.50542	-2.75867	
62	6.1e-05	-1.50275	-2.77319	
63	6.2e-05	-1.69899	-2.76408	
64	6.3e-05	-1.62831	-2.81834	
65	6.4e-05	-1.65282	-2.8256	
66	6.5e-05	-1.64442	-2.73724	
67	6.6e-05	-1.74799	-2.54977	
68	6.7e-05	-1.4652	-2.7446	
69	6.8e-05	-1.55151	-2.52858	
70	6.9e-05	-1.87942	-2.56201	
71	7e-05	-1.6044	-2.81128	
72	7.1e-05	-1.8545	-2.6782	
73	7.2e-05	-1.67502	-2.76891	
74	7.3e-05	-1.63708	-2.72563	
75	7.4e-05	-1.32159	-2.95035	
76	7.5e-05	-1.61816	-2.6969	
77	7.6e-05	-1.38019	-2.90079	
78	7.7e-05	-1.6551	-2.87769	
79	7.8e-05	-1.44294	-3.0278	
80	7.9e-05	-1.4712	-2.89597	
81	8e-05	-1.89228	-2.56556	
82	8.1e-05	-1.60387	-2.80115	
83	8.2e-05	-1.592	-2.80599	
84	8.3e-05	-1.59634	-2.75618	
85	8.4e-05	-1.52376	-2.71006	
86	8.5e-05	-1.28493	-2.91044	
87	8.6e-05	-1.32194	-2.89942	
88	8.7e-05	-1.50438	-2.69011	
89	8.8e-05	-1.30738	-2.82513	
90	8.9e-05	-1.54877	-2.56609	
91	9e-05	-1.46759	-2.65918	
92	9.1e-05	-1.50913	-2.60779	
93	9.2e-05	-1.71846	-2.43145	
94	9.3e-05	-1.51556	-2.63547	
95	9.4e-05	-1.39631	-2.62687	
96	9.5e-05	-1.73708	-2.39014	
97	9.6e-05	-1.38035	-2.78216	
98	9.7e-05	-1.29896	-2.90085	
99	9.8e-05	-1.37239	-2.87141	
100	9.9e-05	-1.26319	-2.93429	
101	0.0001	-1.25318	-2.90751	
102	0.000101	-1.32623	-2.88075	
103	0.000102	-1.19537	-2.95074	
104	0.000103	-1.44519	-2.61492	
105	0.000104	-1.52005	-2.58934	
106	0.000105	-1.5391	-2.5612	
107	0.000106	-1.38688	-2.90462	
108	0.000107	-1.42559	-2.90029	
109	0.000108	-1.75758	-2.75255	
110	0.000109	-1.46498	-2.86573	
111	0.00011	-1.44645	-2.71521	
112	0.000111	-1.52266	-2.76275	
113	0.000112	-1.49912	-2.74786	
114	0.000113	-1.52696	-2.77704	
115	0.000114	-1.2431	-2.93078	
116	0.000115	-1.42632	-2.78589	
117	0.000116	-1.46275	-2.69212	
118	0.000117	-1.37793	-2.72717	
119	0.000118	-1.32678	-2.81521	
120	0.000119	-1.41427	-2.70723	
121	0.00012	-1.45058	-2.70718	
122	0.000121	-1.215	-2.88011	
123	0.000122	-1.26515	-2.86401	
124	0.000123	-1.56608	-2.58418	
125	0.000124	-1.19317	-2.91711	
126	0.000125	-1.13526	-2.9094	
127	0.000126	-1.37016	-2.68315	
128	0.000127	-1.47264	-2.76398	
129	0.000128	-1.61526	-2.74132	
130	0.000129	-1.38226	-2.84803	
131	0.00013	-1.45336	-2.78696	
132	0.000131	-1.60651	-2.72636	
133	0.000132	-1.69691	-2.71922	
134	0.000133	-1.42131	-2.9828	
135	0.000134	-1.38426	-2.96558	
136	0.000135	-1.25726	-3.15407	
137	0.000136	-1.4987	-2.88191	
138	0.000137	-1.57768	-2.8279	
139	0.000138	-1.61025	-2.84946	
140	0.000139	-1.81447	-2.74214	
141	0.00014	-1.80821	-3.02141	
142	0.000141	-1.71495	-3.17251	
143	0.000142	-1.65435	-3.24551	
144	0.000143	-1.64395	-3.02865	
145	0.000144	-1.41174	-3.08317	
146	0.000145	-1.58152	-2.9496	
147	0.000146	-1.42215	-3.07628	
148	0.000147	-1.43998	-2.89605	
149	0.000148	-1.47116	-2.82853	
150	0.000149	-1.37697	-2.94595	
151	0.00015	-1.54177	-2.76478	
152	0.000151	-1.30783	-3.00417	
153	0.000152	-1.43063	-2.94139	
154	0.000153	-1.31607	-3.0048	
155	0.000154	-1.08918	-3.14531	
156	0.000155	-1.23212	-3.01117	
157	0.000156	-1.2837	-3.00176	
158	0.000157	-1.27677	-2.98079	
159	0.000158	-1.48614	-2.90019	
160	0.000159	-1.34494	-3.01256	
161	0.00016	-1.32466	-2.97459	
162	0.000161	-1.36779	-2.86243	
163	0.000162	-1.32933	-2.88149	
164	0.000163	-1.37544	-2.82424	
165	0.000164	-1.25069	-2.93764	
166	0.000165	-1.19992	-2.99287	
167	0.000166	-1.33202	-2.88608	
168	0.000167	-1.18749	-3.05427	
169	0.000168	-1.23204	-3.02933	
170	0.000169	-1.40759	-2.72221	
171	0.00017	-1.28072	-2.91128	
172	0.000171	-1.15167	-2.94752	
173	0.000172	-1.25507	-2.83452	
174	0.000173	-1.17049	-2.90972	
175	0.000174	-1.17199	-2.85274	
176	0.000175	-1.28704	-2.6741	
177	0.000176	-1.27627	-2.71922	
178	0.000177	-1.07461	-2.94297	
179	0.000178	-1.29737	-2.73415	
180	0.000179	-1.33989	-2.76426	
181	0.00018	-1.48537	-2.62515	
182	0.000181	-1.68851	-2.54952	
183	0.000182	-1.69575	-2.73067	
184	0.000183	-1.42858	-2.87934	
185	0.000184	-1.55883	-2.78576	
186	0.000185	-1.42497	-2.8474	
187	0.000186	-1.22486	-3.04359	
188	0.000187	-1.43221	-2.87535	
189	0.000188	-1.37184	-2.92463	
190	0.000189	-1.25857	-2.96353	
191	0.00019	-1.41799	-2.82628	
192	0.000191	-1.41612	-2.85749	
193	0.000192	-1.38493	-2.81461	
194	0.000193	-1.20216	-2.99749	
195	0.000194	-1.47179	-2.79094	
196	0.000195	-1.18208	-3.0084	
197	0.000196	-1.28757	-2.9558	
198	0.000197	-1.25072	-3.0174	
199	0.000198	-1.28521	-2.81588	
200	0.000199	-1.34957	-2.9232	
201	0.0002	-1.32612	-2.92089	
202	0.000201	-1.35735	-2.91607	
203	0.000202	-1.32807	-2.91154	
204	0.000203	-1.04726	-3.12453	
205	0.000204	-1.30866	-2.84628	
206	0.000205	-1.1152	-2.99289	
207	0.000206	-1.31993	-2.76984	
208	0.000207	-1.24198	-2.87012	
209	0.000208	-1.56829	-2.653	
210	0.000209	-1.32883	-2.89378	
211	0.00021	-1.18164	-2.94539	
212	0.000211	-1.31201	-2.92587	
213	0.000212	-1.18581	-2.7738	
214	0.000213	-1.3278	-2.86683	
215	0.000214	-1.64335	-2.58585	
216	0.000215	-1.10736	-3.09147	
217	0.000216	-1.22464	-2.99304	
218	0.000217	-1.31238	-2.83813	
219	0.000218	-1.29548	-2.8092	
220	0.000219	-1.41853	-2.87877	
221	0.00022	-1.41	-2.8818	
222	0.000221	-1.18868	-3.14158	
223	0.000222	-0.996113	-3.22698	
224	0.000223	-1.37774	-2.87272	
225	0.000224	-1.49215	-2.79034	
226	0.000225	-1.33049	-2.93242	
227	0.000226	-1.26145	-2.95518	
228	0.000227	-1.34011	-2.93184	
229	0.000228	-1.33568	-2.86432	
230	0.000229	-1.22847	-2.96547	
231	0.00023	-1.22036	-2.97179	
232	0.000231	-1.10837	-3.0666	
233	0.000232	-1.04129	-3.14187	
234	0.000233	-1.1184	-3.07611	
235	0.000234	-1.3622	-2.85198	
236	0.000235	-1.25401	-2.94479	
237	0.000236	-1.29902	-2.92226	
238	0.000237	-1.10345	-3.02594	
239	0.000238	-1.06199	-3.07252	
240	0.000239	-1.03163	-3.0467	
241	0.00024	-1.11974	-2.94795	
242	0.000241	-1.02847	-2.97038	
243	0.000242	-1.29835	-2.94599	
244	0.000243	-1.35756	-2.97238	
245	0.000244	-1.52364	-2.86445	
246	0.000245	-1.29281	-3.19683	
247	0.000246	-1.38744	-3.14679	
248	0.000247	-1.38967	-3.0962	
249	0.000248	-1.13276	-3.07584	
250	0.000249	-1.32026	-2.99239	
251	0.00025	-1.10715	-3.0993	
252	0.000251	-1.18691	-3.06236	
253	0.000252	-1.03563	-3.13934	
254	0.000253	-1.26348	-2.88762	
255	0.000254	-1.16346	-3.0527	
256	0.000255	-1.24323	-2.98625	
257	0.000256	-1.17866	-3.00634	
258	0.000257	-1.29636	-2.93831	
259	0.000258	-1.14313	-3.27599	
260	0.000259	-1.22503	-3.03939	
261	0.00026	-1.0389	-3.15325	
262	0.000261	-1.01652	-3.15773	
263	0.000262	-1.13721	-3.0628	
264	0.000263	-1.1478	-3.04728	
265	0.000264	-1.23249	-3.06628	
266	0.000265	-1.07229	-3.16467	
267	0.000266	-0.998045	-3.19946	
268	0.000267	-1.06526	-3.16705	
269	0.000268	-1.19165	-3.02646	
270	0.000269	-1.07235	-3.14701	
271	0.00027	-1.48458	-2.9018	
272	0.000271	-1.33554	-3.04353	
273	0.000272	-0.957596	-3.33058	
274	0.000273	-1.11963	-3.15528	
275	0.000274	-1.03604	-3.27022	
276	0.000275	-1.11491	-3.04932	
277	0.000276	-1.28789	-2.9391	
278	0.000277	-1.25462	-2.93047	
279	0.000278	-1.16212	-2.9957	
280	0.000279	-1.1931	-2.96801	
281	0.00028	-1.15471	-3.03605	
282	0.000281	-1.15976	-2.90302	
283	0.000282	-1.09729	-3.00019	
284	0.000283	-1.21434	-2.9052	
285	0.000284	-1.11746	-2.98603	
286	0.000285	-1.21873	-3.00229	
287	0.000286	-1.17748	-3.03011	
288	0.000287	-1.18931	-2.96944	
289	0.000288	-1.06017	-3.10014	
290	0.000289	-1.09275	-3.04131	
291	0.00029	-1.17659	-2.93228	
292	0.000291	-1.02683	-3.07089	
293	0.000292	-1.26525	-3.05375	
294	0.000293	-1.1873	-2.99031	
295	0.000294	-1.38835	-2.88341	
296	0.000295	-1.31974	-3.09231	
297	0.000296	-1.2264	-3.1465	
298	0.000297	-1.19615	-3.14231	
299	0.000298	-1.02579	-3.25328	
300	0.000299	-1.16999	-3.12249	
301	0.0003	-1.09809	-3.19371	
302	0.000301	-1.21547	-3.03039	
303	0.000302	-1.10412	-3.20046	
304	0.000303	-1.21683	-2.98322	
305	0.000304	-1.2402	-3.22503	
306	0.000305	-1.15826	-3.27832	
307	0.000306	-1.36604	-3.10377	
308	0.000307	-1.1702	-3.32605	
309	0.000308	-1.30546	-3.19112	
310	0.000309	-1.35196	-3.30956	
311	0.00031	-1.03851	-3.35549	
312	0.000311	-1.01461	-3.33094	
313	0.000312	-1.19402	-3.16685	
314	0.000313	-1.15463	-3.19275	
315	0.000314	-0.989438	-3.29216	
316	0.000315	-1.11861	-3.19914	
317	0.000316	-1.30736	-3.02758	
318	0.000317	-1.15078	-3.16996	
319	0.000318	-1.03269	-3.31637	
320	0.000319	-1.10391	-3.24382	
321	0.00032	-1.33536	-3.04305	
322	0.000321	-1.31776	-3.0657	
323	0.000322	-1.27286	-3.08663	
324	0.000323	-1.1837	-3.20949	
325	0.000324	-1.16644	-3.21631	
326	0.000325	-1.08111	-3.28312	
327	0.000326	-0.979943	-3.26248	
328	0.000327	-1.25478	-3.23602	
329	0.000328	-1.18941	-3.33415	
330	0.000329	-1.17036	-3.34485	
331	0.00033	-1.2814	-3.23456	
332	0.000331	-1.3217	-3.16499	
333	0.000332	-1.21353	-3.24342	
334	0.000333	-1.18949	-3.23705	
335	0.000334	-1.34339	-2.89989	
336	0.000335	-1.49268	-3.00832	
337	0.000336	-1.35395	-3.02762	
338	0.000337	-1.46807	-2.92136	
339	0.000338	-1.16823	-3.04019	
340	0.000339	-1.44319	-3.05131	
341	0.00034	-1.18137	-3.26497	
342	0.000341	-1.20471	-3.19119	
343	0.000342	-1.22915	-3.13263	
344	0.000343	-1.33736	-3.04693	
345	0.000344	-1.07288	-3.27638	
346	0.000345	-1.0709	-3.24994	
347	0.000346	-1.10036	-3.21826	
348	0.000347	-1.14259	-3.06475	
349	0.000348	-1.23432	-3.03457	
350	0.000349	-1.18694	-3.10947	
351	0.00035	-1.17031	-3.1145	
352	0.000351	-1.05201	-3.21361	
353	0.000352	-1.09526	-3.12502	
354	0.000353	-1.3373	-2.94762	
355	0.000354	-1.1663	-3.22288	
356	0.000355	-1.23984	-3.08436	
357	0.000356	-1.0512	-3.20874	
358	0.000357	-0.963377	-3.20633	
359	0.000358	-1.09255	-3.13641	
360	0.000359	-1.02716	-3.14227	
361	0.00036	-1.16137	-3.01682	
362	0.000361	-1.18142	-3.03887	
363	0.000362	-0.963458	-3.20248	
364	0.000363	-0.995551	-3.14783	
365	0.000364	-1.0438	-3.1401	
366	0.000365	-1.05785	-3.09511	
367	0.000366	-1.11583	-3.04905	
368	0.000367	-1.02383	-3.09364	
369	0.000368	-1.09856	-3.02298	
370	0.000369	-0.995185	-3.33111	
371	0.00037	-0.976956	-3.39331	
372	0.000371	-1.25123	-3.23182	
373	0.000372	-1.16527	-3.20913	
374	0.000373	-1.27661	-3.13167	
375	0.000374	-1.04838	-3.22915	
376	0.000375	-1.06078	-3.15827	
377	0.000376	-1.0789	-3.08173	
378	0.000377	-1.17642	-3.02577	
379	0.000378	-1.10724	-3.13577	
380	0.000379	-0.993271	-3.24951	
381	0.00038	-1.07676	-3.16661	
382	0.000381	-1.49322	-2.89672	
383	0.000382	-1.23273	-3.11129	
384	0.000383	-1.30429	-3.11902	
385	0.000384	-1.0594	-3.24954	
386	0.000385	-1.27491	-2.96702	
387	0.000386	-1.0616	-3.29025	
388	0.000387	-1.31903	-3.16894	
389	0.000388	-1.03853	-3.42157	
390	0.000389	-1.28867	-3.17787	
391	0.00039	-1.02596	-3.36316	
392	0.000391	-1.00714	-3.27696	
393	0.000392	-1.13486	-3.20555	
394	0.000393	-1.09001	-3.21473	
395	0.000394	-1.17998	-3.17962	
396	0.000395	-1.13407	-3.19521	
397	0.000396	-1.29983	-3.02696	
398	0.000397	-0.98077	-3.21936	
399	0.000398	-1.26067	-3.14672	
400	0.000399	-1.23178	-3.25902	
401	0.0004	-1.11567	-3.36728	
402	0.000401	-0.95141	-3.49606	
403	0.000402	-1.17525	-3.49908	
404	0.000403	-1.18305	-3.51037	
405	0.000404	-1.12679	-3.4272	
406	0.000405	-1.17739	-3.36738	
407	0.000406	-1.28955	-3.28537	
408	0.000407	-1.25898	-3.3896	
409	0.000408	-1.01727	-3.45353	
410	0.000409	-1.38527	-3.07415	
411	0.00041	-1.17564	-3.30253	
412	0.000411	-1.07756	-3.37529	
413	0.000412	-1.0624	-3.28258	
414	0.000413	-1.1155	-3.26474	
415	0.000414	-1.08394	-3.25751	
416	0.000415	-1.11844	-3.26461	
417	0.000416	-1.22468	-3.14676	
418	0.000417	-1.09994	-3.21552	
419	0.000418	-1.2477	-3.11824	
420	0.000419	-1.07752	-3.24167	
421	0.00042	-1.15915	-3.17352	
422	0.000421	-1.12716	-3.27421	
423	0.000422	-1.02848	-3.2376	
424	0.000423	-1.06996	-3.22304	
425	0.000424	-0.998165	-3.25472	
426	0.000425	-1.0048	-3.23523	
427	0.000426	-0.98015	-3.23495	
428	0.000427	-1.19565	-3.10444	
429	0.000428	-1.01319	-3.23097	
430	0.000429	-1.11112	-3.16212	
431	0.00043	-1.12878	-3.20798	
432	0.000431	-1.10821	-3.15134	
433	0.000432	-1.16991	-3.07379	
434	0.000433	-1.01467	-3.30589	
435	0.000434	-1.17722	-3.11937	
436	0.000435	-1.00317	-3.26622	
437	0.000436	-1.14804	-3.29947	
438	0.000437	-1.07324	-3.35112	
439	0.000438	-1.06398	-3.24135	
440	0.000439	-1.15774	-3.09683	
441	0.00044	-1.1312	-3.13433	
442	0.000441	-1.18646	-3.04451	
443	0.000442	-1.24685	-2.99438	
444	0.000443	-1.11509	-3.15551	
445	0.000444	-1.02274	-3.14613	
446	0.000445	-1.1253	-3.19841	
447	0.000446	-1.22297	-3.27768	
448	0.000447	-1.20115	-3.35889	
449	0.000448	-1.18116	-3.32545	
450	0.000449	-1.2094	-3.28384	
451	0.00045	-0.934436	-3.48229	
452	0.000451	-1.40549	-3.09304	
453	0.000452	-1.082	-3.22418	
454	0.000453	-1.23015	-3.45262	
455	0.000454	-1.22296	-3.32318	
456	0.000455	-1.14903	-3.32113	
457	0.000456	-1.2022	-3.17413	
458	0.000457	-1.07031	-3.42222	
459	0.000458	-1.14068	-3.30489	
460	0.000459	-0.980806	-3.38094	
461	0.00046	-0.995702	-3.34248	
462	0.000461	-0.956996	-3.31206	
463	0.000462	-0.886304	-3.42447	
464	0.000463	-1.07581	-3.24514	
465	0.000464	-1.06393	-3.26189	
466	0.000465	-1.0224	-3.35356	
467	0.000466	-1.2749	-3.18827	
468	0.000467	-1.27112	-3.23435	
469	0.000468	-1.14037	-3.3188	
470	0.000469	-1.0821	-3.32364	
471	0.00047	-1.05813	-3.39437	
472	0.000471	-1.14184	-3.22444	
473	0.000472	-1.11939	-3.31673	
474	0.000473	-1.06846	-3.36164	
475	0.000474	-1.0189	-3.31532	
476	0.000475	-1.22033	-3.22458	
477	0.000476	-1.12715	-3.16888	
478	0.000477	-1.21331	-3.10423	
479	0.000478	-1.213	-3.12557	
480	0.000479	-1.06962	-3.3209	
481	0.00048	-1.05423	-3.34183	
482	0.000481	-1.28858	-3.13003	
483	0.000482	-1.02872	-3.26118	
484	0.000483	-1.2406	-3.04186	
485	0.000484	-1.03901	-3.11693	
486	0.000485	-0.919642	-3.16759	
487	0.000486	-0.91043	-3.18763	
488	0.000487	-1.06136	-3.02565	
489	0.000488	-0.896552	-3.18552	
490	0.000489	-0.903192	-3.1808	
491	0.00049	-0.860245	-3.1921	
492	0.000491	-1.03585	-3.05319	
493	0.000492	-0.881208	-3.21672	
494	0.000493	-0.800793	-3.22094	
495	0.000494	-0.87864	-3.18677	
496	0.000495	-0.999687	-3.10929	
497	0.000496	-0.95368	-3.18925	
498	0.000497	-1.03245	-3.13591	
499	0.000498	-1.15097	-3.11014	
500	0.000499	-0.975056	-3.22595	
501	0.0005	-1.45088	-2.9042	
502	0.000501	-1.25154	-3.10539	
503	0.000502	-1.06559	-3.27271	
504	0.000503	-1.14687	-3.26727	
505	0.000504	-1.13225	-3.28255	
506	0.000505	-1.09121	-3.31077	
507	0.000506	-1.2704	-3.18655	
508	0.000507	-1.03488	-3.36186	
509	0.000508	-0.929272	-3.42573	
510	0.000509	-1.06953	-3.31074	
511	0.00051	-1.10546	-3.30339	
512	0.000511	-1.25846	-3.24938	
513	0.000512	-1.03547	-3.42297	
514	0.000513	-1.01841	-3.40833	
515	0.000514	-0.943863	-3.41273	
516	0.000515	-1.10944	-3.33986	
517	0.000516	-0.813498	-3.56259	
518	0.000517	-0.920685	-3.43912	
519	0.000518	-1.13549	-3.26856	
520	0.000519	-0.953194	-3.42275	
521	0.00052	-0.937606	-3.42308	
522	0.000521	-0.894608	-3.4601	
523	0.000522	-1.06077	-3.31077	
524	0.000523	-1.00391	-3.34846	
525	0.000524	-1.36104	-3.36384	
526	0.000525	-1.22108	-3.48976	
527	0.000526	-1.02781	-3.5478	
528	0.000527	-1.041	-3.46978	
529	0.000528	-1.19401	-3.39496	
530	0.000529	-1.03927	-3.45214	
531	0.00053	-1.21992	-3.22541	
532	0.000531	-0.9951	-3.44901	
533	0.000532	-1.24145	-3.24811	
534	0.000533	-1.08379	-3.3487	
535	0.000534	-1.23632	-3.21089	
536	0.000535	-1.1276	-3.3663	
537	0.000536	-1.06877	-3.34546	
538	0.000537	-1.05457	-3.37514	
539	0.000538	-1.18699	-3.29679	
540	0.000539	-1.17105	-3.34841	
541	0.00054	-1.07257	-3.3787	
542	0.000541	-1.35957	-3.1903	
543	0.000542	-1.08225	-3.62246	
544	0.000543	-1.11833	-3.61629	
545	0.000544	-1.19488	-3.44193	
546	0.000545	-1.1978	-3.47836	
547	0.000546	-1.3049	-3.33415	
548	0.000547	-1.31657	-3.37869	
549	0.000548	-1.2189	-3.49171	
550	0.000549	-1.13512	-3.49243	
551	0.00055	-1.03859	-3.56394	
552	0.000551	-0.966149	-3.66024	
553	0.000552	-1.1646	-3.56327	
554	0.000553	-1.05357	-3.69769	
555	0.000554	-0.995303	-3.69263	
556	0.000555	-0.878964	-3.75972	
557	0.000556	-0.868446	-3.78233	
558	0.000557	-0.916759	-3.70348	
559	0.000558	-1.02413	-3.68009	
560	0.000559	-0.953429	-3.78407	
561	0.00056	-0.950978	-3.74303	
562	0.000561	-1.14121	-3.54647	
563	0.000562	-1.21606	-3.42879	
564	0.000563	-1.2032	-3.52718	
565	0.000564	-1.12151	-3.60097	
566	0.000565	-1.15751	-3.86634	
567	0.000566	-1.07075	-4.06039	
568	0.000567	-1.18423	-3.89116	
569	0.000568	-1.15057	-3.89974	
570	0.000569	-1.18868	-3.88208	
571	0.00057	-1.35441	-3.73693	
572	0.000571	-1.19305	-3.74873	
573	0.000572	-1.0518	-3.81025	
574	0.000573	-1.17402	-3.57831	
575	0.000574	-0.962137	-3.72445	
576	0.000575	-1.11995	-3.50193	
577	0.000576	-1.07951	-3.76949	
578	0.000577	-1.11421	-3.76756	
579	0.000578	-0.980563	-3.75849	
580	0.000579	-1.20694	-3.59464	
581	0.00058	-1.1276	-3.63431	
582	0.000581	-1.07877	-3.61668	
583	0.000582	-1.04471	-3.68269	
584	0.000583	-1.16257	-3.83693	
585	0.000584	-1.11194	-3.95886	
586	0.000585	-1.11209	-3.95868	
587	0.000586	-1.04532	-3.98602	
588	0.000587	-1.1533	-3.8634	
589	0.000588	-1.27528	-3.68471	
590	0.000589	-1.07301	-3.74216	
591	0.00059	-1.15505	-3.69267	
592	0.000591	-1.18381	-3.70044	
593	0.000592	-1.15867	-3.66903	
594	0.000593	-0.997163	-3.69615	
595	0.000594	-1.43028	-3.38823	
596	0.000595	-1.27816	-3.55225	
597	0.000596	-1.10357	-3.64953	
598	0.000597	-1.25883	-3.45334	
599	0.000598	-1.01003	-3.59007	
600	0.000599	-1.12574	-3.52458	
601	0.0006	-1.00506	-3.67697	
602	0.000601	-0.971134	-3.7183	
603	0.000602	-1.0278	-3.75291	
604	0.000603	-1.19738	-3.63803	
605	0.000604	-1.20012	-3.68165	
606	0.000605	-1.20298	-3.6826	
607	0.000606	-1.30381	-3.6798	
608	0.000607	-1.25737	-3.68131	
609	0.000608	-1.15513	-3.73676	
610	0.000609	-1.12691	-3.73922	
611	0.00061	-1.32232	-3.58886	
612	0.000611	-1.28596	-3.6376	
613	0.000612	-1.17998	-3.68573	
614	0.000613	-1.07658	-3.73837	
615	0.000614	-1.17904	-4.21126	
616	0.000615	-1.00122	-4.24626	
617	0.000616	-1.22263	-3.88208	
618	0.000617	-1.18086	-3.87056	
619	0.000618	-1.1642	-3.66639	
620	0.000619	-1.30255	-3.77394	
621	0.00062	-1.46461	-3.6132	
622	0.000621	-1.1712	-4.01878	
623	0.000622	-1.34702	-4.04992	
624	0.000623	-1.42817	-3.94264	
625	0.000624	-1.4927	-4.02334	
626	0.000625	-1.26483	-4.28509	
627	0.000626	-1.09489	-4.32551	
628	0.000627	-1.22856	-4.01458	
629	0.000628	-1.22535	-3.98542	
630	0.000629	-1.21202	-4.00816	
631	0.00063	-1.16282	-3.91586	
632	0.000631	-1.12885	-3.90909	
633	0.000632	-1.16861	-4.07327	
634	0.000633	-1.09754	-4.0704	
635	0.000634	-1.12307	-3.98967	
636	0.000635	-1.16002	-3.93724	
637	0.000636	-1.03183	-3.99415	
638	0.000637	-1.12652	-3.99043	
639	0.000638	-1.10542	-3.91846	
640	0.000639	-1.11144	-4.06489	
641	0.00064	-1.42651	-3.77864	
642	0.000641	-1.20154	-3.8195	
643	0.000642	-1.14956	-3.83835	
644	0.000643	-1.34756	-3.83019	
645	0.000644	-1.261	-3.93577	
646	0.000645	-1.15014	-3.97653	
647	0.000646	-1.1344	-3.98465	
648	0.000647	-1.34843	-3.74394	
649	0.000648	-1.26785	-3.88482	
650	0.000649	-1.20629	-3.87918	
651	0.00065	-1.17088	-3.86959	
652	0.000651	-1.00116	-4.00535	
653	0.000652	-1.22593	-3.81878	
654	0.000653	-1.2743	-3.84394	
655	0.000654	-1.19225	-3.82283	
656	0.000655	-1.28658	-3.77532	
657	0.000656	-1.03858	-4.00378	
658	0.000657	-1.16417	-3.94913	
659	0.000658	-0.990556	-4.04344	
660	0.000659	-1.09782	-3.87602	
661	0.00066	-1.24391	-3.84269	
662	0.000661	-1.17692	-3.85302	
663	0.000662	-1.14722	-3.93012	
664	0.000663	-1.18456	-3.88218	
665	0.000664	-1.24996	-3.83148	
666	0.000665	-1.15801	-3.95367	
667	0.000666	-1.21351	-3.93278	
668	0.000667	-1.25886	-3.82636	
669	0.000668	-1.18621	-3.85502	
670	0.000669	-1.20655	-3.82271	
671	0.00067	-0.921874	-4.05399	
672	0.000671	-1.1497	-3.87431	
673	0.000672	-1.04739	-3.95529	
674	0.000673	-1.06832	-3.8108	
675	0.000674	-1.27911	-3.65409	
676	0.000675	-1.20659	-3.88593	
677	0.000676	-1.34243	-3.85671	
678	0.000677	-1.18009	-4.0351	
679	0.000678	-1.11624	-3.95585	
680	0.000679	-1.30679	-3.87521	
681	0.00068	-1.24928	-3.95762	
682	0.000681	-1.47103	-3.82909	
683	0.000682	-1.33516	-3.92432	
684	0.000683	-1.36585	-3.88199	
685	0.000684	-1.30724	-3.92109	
686	0.000685	-1.13743	-4.07564	
687	0.000686	-1.32092	-3.901	
688	0.000687	-1.21125	-3.98819	
689	0.000688	-1.1221	-3.86054	
690	0.000689	-1.22573	-3.88876	
691	0.00069	-1.21404	-3.8238	
692	0.000691	-1.10292	-3.84411	
693	0.000692	-1.05552	-3.85344	
694	0.000693	-1.27231	-3.70177	
695	0.000694	-1.12247	-3.79648	
696	0.000695	-1.03721	-3.91388	
697	0.000696	-1.18316	-3.7691	
698	0.000697	-1.19497	-3.82953	
699	0.000698	-1.0744	-3.90067	
700	0.000699	-0.968062	-3.95461	
701	0.0007	-0.888865	-4.0602	
702	0.000701	-1.05064	-3.94936	
703	0.000702	-1.03263	-3.98304	
704	0.000703	-0.887259	-4.09597	
705	0.000704	-0.937937	-4.06603	
706	0.000705	-0.941773	-4.03573	
707	0.000706	-1.29257	-3.74584	
708	0.000707	-1.0488	-4.03117	
709	0.000708	-1.1657	-3.81405	
710	0.000709	-1.0879	-4.13241	
711	0.00071	-1.34913	-3.83232	
712	0.000711	-1.13427	-3.98152	
713	0.000712	-1.11536	-4.02209	
714	0.000713	-1.14625	-4.04915	
715	0.000714	-1.29449	-3.87146	
716	0.000715	-1.20796	-3.91292	
717	0.000716	-1.36383	-3.80132	
718	0.000717	-1.13813	-4.05704	
719	0.000718	-1.17342	-4.01985	
720	0.000719	-1.24545	-3.95306	
721	0.00072	-1.38817	-3.92657	
722	0.000721	-1.20246	-4.07064	
723	0.000722	-0.988504	-4.25946	
724	0.000723	-1.15566	-4.0914	
725	0.000724	-1.30523	-3.93123	
726	0.000725	-1.20439	-4.01744	
727	0.000726	-1.42978	-3.82046	
728	0.000727	-1.34759	-3.991	
729	0.000728	-1.12029	-4.09843	
730	0.000729	-1.27361	-4.00407	
731	0.00073	-1.28496	-3.93648	
732	0.000731	-1.17688	-4.10439	
733	0.000732	-1.22417	-4.02409	
734	0.000733	-1.08689	-4.16977	
735	0.000734	-0.965528	-4.32077	
736	0.000735	-1.31904	-4.03281	
737	0.000736	-1.32393	-4.05212	
738	0.000737	-1.28313	-4.08559	
739	0.000738	-1.34673	-4.1607	
740	0.000739	-1.42238	-4.11921	
741	0.00074	-1.45061	-4.1464	
742	0.000741	-1.40062	-4.11659	
743	0.000742	-1.37793	-4.1521	
744	0.000743	-1.27404	-4.25117	
745	0.000744	-1.30218	-4.19664	
746	0.000745	-1.35856	-4.15167	
747	0.000746	-1.29619	-4.13336	
748	0.000747	-1.34004	-4.20322	
749	0.000748	-1.22249	-4.39758	
750	0.000749	-1.08865	-4.42048	
751	0.00075	-1.5468	-4.34025	
752	0.000751	-1.35284	-4.46136	
753	0.000752	-1.55521	-4.22017	
754	0.000753	-1.2587	-4.40522	
755	0.000754	-1.244	-4.31138	
756	0.000755	-1.04084	-4.42327	
757	0.000756	-1.35794	-4.10255	
758	0.000757	-1.09657	-4.35908	
759	0.000758	-1.17198	-4.20071	
760	0.000759	-1.40599	-4.0514	
761	0.00076	-1.16174	-4.25811	
762	0.000761	-1.3241	-4.23886	
763	0.000762	-1.27182	-4.21561	
764	0.000763	-1.31937	-4.16544	
765	0.000764	-1.15785	-4.35457	
766	0.000765	-1.16746	-4.2994	
767	0.000766	-1.28267	-4.17628	
768	0.000767	-1.34674	-4.17909	
769	0.000768	-1.01692	-4.54917	
770	0.000769	-1.25033	-4.32879	
771	0.00077	-1.26074	-4.36794	
772	0.000771	-1.19323	-4.43422	
773	0.000772	-1.374	-4.33889	
774	0.000773	-1.11143	-4.42435	
775	0.000774	-1.14682	-4.3554	
776	0.000775	-1.07289	-4.47554	
777	0.000776	-1.43807	-4.18043	
778	0.000777	-1.10632	-4.42763	
779	0.000778	-1.03564	-4.46319	
780	0.000779	-1.39058	-4.28054	
781	0.00078	-1.35716	-4.39486	
782	0.000781	-1.37405	-4.35162	
783	0.000782	-1.28127	-4.3728	
784	0.000783	-1.32511	-4.36827	
785	0.000784	-1.17851	-4.51287	
786	0.000785	-1.29916	-4.34124	
787	0.000786	-1.17693	-4.47001	
788	0.000787	-1.34999	-4.19387	
789	0.000788	-1.41154	-4.27449	
790	0.000789	-1.09893	-4.61483	
791	0.00079	-1.51312	-4.24732	
792	0.000791	-1.30764	-4.47693	
793	0.000792	-1.21534	-4.53277	
794	0.000793	-1.48933	-4.21132	
795	0.000794	-1.2271	-4.41092	
796	0.000795	-1.36066	-4.20306	
797	0.000796	-1.27227	-4.3669	
798	0.000797	-1.22522	-4.27511	
799	0.000798	-1.40464	-4.36471	
800	0.000799	-1.20782	-4.53344	
801	0.0008	-1.21478	-4.52055	
802	0.000801	-1.09323	-4.55267	
803	0.000802	-1.19302	-4.4052	
804	0.000803	-1.30338	-4.26222	
805	0.000804	-1.21853	-4.35064	
806	0.000805	-1.46268	-4.73997	
807	0.000806	-1.3531	-4.95705	
808	0.000807	-1.26513	-4.90394	
809	0.000808	-1.28762	-4.88146	
810	0.000809	-1.28629	-4.79653	
811	0.00081	-1.28709	-4.69269	
812	0.000811	-1.17912	-4.65208	
813	0.000812	-1.1771	-4.69992	
814	0.000813	-1.26454	-4.60617	
815	0.000814	-1.35558	-4.47731	
816	0.000815	-1.22613	-4.68034	
817	0.000816	-1.21496	-4.57067	
818	0.000817	-1.38464	-4.32766	
819	0.000818	-1.22257	-4.48953	
820	0.000819	-1.34789	-4.32538	
821	0.00082	-1.34228	-4.46983	
822	0.000821	-1.30864	-4.46353	
823	0.000822	-1.17994	-4.42573	
824	0.000823	-1.43592	-4.23658	
825	0.000824	-1.28543	-4.31709	
826	0.000825	-1.29679	-4.39551	
827	0.000826	-1.50167	-4.33968	
828	0.000827	-1.30319	-4.40295	
829	0.000828	-1.42797	-4.2973	
830	0.000829	-1.37245	-4.423	
831	0.00083	-1.38559	-4.39135	
832	0.000831	-1.21273	-4.53163	
833	0.000832	-1.25169	-4.3997	
834	0.000833	-1.29142	-4.49972	
835	0.000834	-1.67186	-4.17391	
836	0.000835	-1.34938	-4.42168	
837	0.000836	-1.3722	-4.34495	
838	0.000837	-1.34983	-4.46414	
839	0.000838	-1.36318	-4.41374	
840	0.000839	-1.33089	-4.41556	
841	0.00084	-1.38687	-4.30422	
842	0.000841	-1.41181	-4.26007	
843	0.000842	-1.41724	-4.32031	
844	0.000843	-1.32869	-4.37974	
845	0.000844	-1.07308	-4.63839	
846	0.000845	-1.13711	-4.49088	
847	0.000846	-1.33285	-4.44671	
848	0.000847	-1.26531	-4.51153	
849	0.000848	-1.4034	-4.25804	
850	0.000849	-1.48417	-4.27097	
851	0.00085	-1.16781	-4.53199	
852	0.000851	-1.29127	-4.41214	
853	0.000852	-1.31435	-4.5267	
854	0.000853	-1.2966	-4.49568	
855	0.000854	-1.23631	-4.51469	
856	0.000855	-1.35398	-4.41298	
857	0.000856	-1.29973	-4.42962	
858	0.000857	-1.54421	-4.22004	
859	0.000858	-1.243	-4.47575	
860	0.000859	-1.41204	-4.40113	
861	0.00086	-1.57865	-4.35727	
862	0.000861	-1.68812	-4.21975	
863	0.000862	-1.76598	-4.01675	
864	0.000863	-1.24863	-4.50502	
865	0.000864	-1.44638	-4.35869	
866	0.000865	-1.27686	-4.43782	
867	0.000866	-1.38623	-4.44113	
868	0.000867	-1.28304	-4.50339	
869	0.000868	-1.41012	-4.46857	
870	0.000869	-1.34297	-4.53784	
871	0.00087	-1.62596	-4.20313	
872	0.000871	-1.47447	-4.4025	
873	0.000872	-1.40166	-4.49421	
874	0.000873	-1.06196	-4.68498	
875	0.000874	-1.40738	-4.36392	
876	0.000875	-1.3608	-4.39131	
877	0.000876	-1.39089	-4.34821	
878	0.000877	-1.31313	-4.35276	
879	0.000878	-1.35781	-4.24709	
880	0.000879	-1.16147	-4.38861	
881	0.00088	-1.2546	-4.25991	
882	0.000881	-1.31664	-4.07581	
883	0.000882	-1.24797	-4.15268	
884	0.000883	-1.21239	-4.15438	
885	0.000884	-1.31207	-4.13022	
886	0.000885	-1.41429	-4.13518	
887	0.000886	-1.16167	-4.15899	
888	0.000887	-1.94634	-3.80613	
889	0.000888	-1.3766	-4.49024	
890	0.000889	-1.39731	-4.48478	
891	0.00089	-1.48339	-4.64476	
892	0.000891	-1.97406	-4.18595	
893	0.000892	-1.41511	-4.62461	
894	0.000893	-1.26005	-4.61875	
895	0.000894	-1.25605	-4.63713	
896	0.000895	-1.40673	-4.53039	
897	0.000896	-1.55796	-4.39438	
898	0.000897	-1.27628	-4.66865	
899	0.000898	-1.48761	-4.52706	
900	0.000899	-1.46979	-4.59304	
901	0.0009	-1.34485	-4.61293	
902	0.000901	-1.41616	-4.43267	
903	0.000902	-1.37868	-4.58207	
904	0.000903	-1.23377	-4.62244	
905	0.000904	-1.43708	-4.47319	
906	0.000905	-1.30289	-4.56125	
907	0.000906	-1.19926	-4.60825	
908	0.000907	-1.35657	-4.52512	
909	0.000908	-1.27056	-4.66227	
910	0.000909	-1.2684	-4.61107	
911	0.00091	-1.40036	-4.46306	
912	0.000911	-1.3583	-4.53115	
913	0.000912	-1.24981	-4.6499	
914	0.000913	-1.45244	-4.48228	
915	0.000914	-1.60141	-4.35893	
916	0.000915	-1.54575	-4.4886	
917	0.000916	-1.33363	-4.61044	
918	0.000917	-1.34957	-4.53052	
919	0.000918	-1.34282	-4.57776	
920	0.000919	-1.58754	-4.37581	
921	0.00092	-1.32492	-4.69805	
922	0.000921	-1.45125	-4.56394	
923	0.000922	-1.59424	-4.41848	
924	0.000923	-1.42298	-4.56791	
925	0.000924	-1.52234	-4.47713	
926	0.000925	-1.40217	-4.70247	
927	0.000926	-1.20724	-4.85941	
928	0.000927	-1.29524	-4.7881	
929	0.000928	-1.26999	-4.82385	
930	0.000929	-1.56362	-4.53242	
931	0.00093	-1.40706	-4.73021	
932	0.000931	-1.52969	-4.59177	
933	0.000932	-1.47426	-4.58599	
934	0.000933	-1.54547	-4.72912	
935	0.000934	-1.82698	-4.6303	
936	0.000935	-1.42651	-4.72537	
937	0.000936	-1.33662	-4.85191	
938	0.000937	-1.47426	-4.78113	
939	0.000938	-1.52269	-4.80664	
940	0.000939	-1.34182	-4.94553	
941	0.00094	-1.74901	-4.45499	
942	0.000941	-1.42998	-4.73547	
943	0.000942	-1.23856	-4.94027	
944	0.000943	-1.36874	-4.76593	
945	0.000944	-1.5988	-4.58533	
946	0.000945	-1.54739	-4.70046	
947	0.000946	-1.64943	-4.55003	
948	0.000947	-1.37791	-4.85391	
949	0.000948	-1.34674	-4.84447	
950	0.000949	-1.65904	-4.54297	
951	0.00095	-1.4024	-4.96138	
952	0.000951	-1.2606	-4.95499	
953	0.000952	-1.45478	-4.94094	
954	0.000953	-1.51316	-4.82485	
955	0.000954	-1.2352	-5.05837	
956	0.000955	-1.41349	-4.93243	
957	0.000956	-1.48436	-4.73509	
958	0.000957	-1.55368	-4.81821	
959	0.000958	-1.53505	-4.83342	
960	0.000959	-1.62132	-4.70052	
961	0.00096	-1.42041	-4.91284	
962	0.000961	-1.88534	-4.64159	
963	0.000962	-1.51346	-5.13906	
964	0.000963	-1.53511	-5.04122	
965	0.000964	-1.34797	-5.20057	
966	0.000965	-1.33737	-5.12696	
967	0.000966	-1.27747	-5.2087	
968	0.000967	-1.48376	-4.93753	
969	0.000968	-1.46203	-4.9925	
970	0.000969	-1.33516	-4.99838	
971	0.00097	-1.39307	-5.00281	
972	0.000971	-1.42818	-5.11687	
973	0.000972	-1.59933	-4.91117	
974	0.000973	-1.71444	-4.791	
975	0.000974	-1.48316	-4.91462	
976	0.000975	-1.7378	-4.84742	
977	0.000976	-1.44748	-4.98941	
978	0.000977	-1.55997	-4.90921	
979	0.000978	-1.46038	-5.03564	
980	0.000979	-1.78428	-4.78721	
981	0.00098	-1.4831	-5.06287	
982	0.000981	-1.51162	-4.99533	
983	0.000982	-1.64392	-4.99835	
984	0.000983	-1.48708	-5.09043	
985	0.000984	-1.69305	-4.92238	
986	0.000985	-1.37994	-5.25823	
987	0.000986	-1.76171	-4.75501	
988	0.000987	-1.42081	-5.30547	
989	0.000988	-1.83047	-4.86862	
990	0.000989	-1.73222	-5.17972	
991	0.00099	-1.45177	-5.30996	
992	0.000991	-1.603	-5.11407	
993	0.000992	-1.6404	-5.09817	
994	0.000993	-1.44252	-5.37959	
995	0.000994	-1.58796	-5.27801	
996	0.000995	-1.57919	-5.09988	
997	0.000996	-1.47335	-5.11189	
998	0.000997	-1.90375	-4.87499	
999	0.000998	-1.70342	-5.25857	
1000	0.000999	-1.65373	-5.26782	
1001	0.001	-1.67107	-5.3389	
1002	0.001001	-1.58276	-5.37345	
1003	0.001002	-1.46247	-5.44518	
1004	0.001003	-1.57675	-5.28446	
1005	0.001004	-1.46469	-5.4116	
1006	0.001005	-1.35431	-5.48548	
1007	0.001006	-1.3814	-5.35127	
1008	0.001007	-1.57523	-5.30497	
1009	0.001008	-1.45828	-5.37184	
1010	0.001009	-1.48361	-5.25537	
1011	0.00101	-1.80657	-5.05161	
1012	0.001011	-1.81166	-5.01713	
1013	0.001012	-1.73234	-5.14372	
1014	0.001013	-1.51525	-5.22526	
1015	0.001014	-1.76381	-5.15553	
1016	0.001015	-1.4531	-5.40264	
1017	0.001016	-1.42874	-5.41514	
1018	0.001017	-1.47357	-5.23437	
1019	0.001018	-1.24191	-5.4848	
1020	0.001019	-1.70237	-4.91735	
1021	0.00102	-1.44741	-5.27507	
1022	0.001021	-1.67009	-5.04267	
1023	0.001022	-1.64051	-5.13619	
1024	0.001023	-1.75643	-4.94695	
1025	0.001024	-1.7411	-5.11143	
1026	0.001025	-1.64298	-5.04965	
1027	0.001026	-1.64323	-5.2594	
1028	0.001027	-1.42269	-5.52781	
1029	0.001028	-1.35854	-5.49327	
1030	0.001029	-1.48407	-5.22869	
1031	0.00103	-1.31718	-5.41411	
1032	0.001031	-1.51636	-5.11204	
1033	0.001032	-1.56238	-5.15153	
1034	0.001033	-1.54725	-5.28642	
1035	0.001034	-1.53442	-5.31292	
1036	0.001035	-1.46035	-5.35282	
1037	0.001036	-1.38935	-5.17197	
1038	0.001037	-1.49652	-5.06096	
1039	0.001038	-1.21653	-5.38443	
1040	0.001039	-1.47334	-5.04349	
1041	0.00104	-1.21999	-5.23523	
1042	0.001041	-1.66295	-4.82792	
1043	0.001042	-1.54628	-4.94948	
1044	0.001043	-1.604	-4.89796	
1045	0.001044	-1.61114	-4.89538	
1046	0.001045	-1.37012	-5.10393	
1047	0.001046	-1.73164	-4.74412	
1048	0.001047	-1.63212	-4.8978	
1049	0.001048	-1.80565	-4.84609	
1050	0.001049	-1.54217	-5.00431	
1051	0.00105	-1.58313	-5.00305	
1052	0.001051	-1.54503	-5.051	
1053	0.001052	-1.69302	-4.873	
1054	0.001053	-1.52081	-5.05109	
1055	0.001054	-1.53059	-5.06702	
1056	0.001055	-1.46197	-5.05823	
1057	0.001056	-1.50291	-5.04957	
1058	0.001057	-1.93444	-4.65309	
1059	0.001058	-1.65891	-4.75983	
1060	0.001059	-1.34386	-5.17605	
1061	0.00106	-1.70771	-4.88817	
1062	0.001061	-1.52913	-4.99193	
1063	0.001062	-1.723	-4.80728	
1064	0.001063	-1.63523	-4.7909	
1065	0.001064	-1.41817	-4.95385	
1066	0.001065	-1.45314	-4.95021	
1067	0.001066	-1.30578	-4.94665	
1068	0.001067	-1.67511	-4.69182	
1069	0.001068	-1.35365	-4.95652	
1070	0.001069	-1.75414	-4.5802	
1071	0.00107	-1.60408	-4.76553	
1072	0.001071	-1.43928	-4.82942	
1073	0.001072	-1.57877	-4.68437	
1074	0.001073	-1.49885	-4.77978	
1075	0.001074	-1.58316	-4.75937	
1076	0.001075	-1.47109	-4.79116	
1077	0.001076	-1.70061	-4.63184	
1078	0.001077	-1.71521	-4.63977	
1079	0.001078	-1.66025	-4.55402	
1080	0.001079	-1.29218	-5.04049	
1081	0.00108	-1.31447	-5.1231	
1082	0.001081	-1.49028	-4.94359	
1083	0.001082	-1.67603	-4.75273	
1084	0.001083	-1.55203	-4.87622	
1085	0.001084	-1.81594	-4.65731	
1086	0.001085	-1.42121	-4.99286	
1087	0.001086	-1.50218	-4.87242	
1088	0.001087	-1.59717	-4.66905	
1089	0.001088	-1.63064	-4.80107	
1090	0.001089	-1.5247	-4.76599	
1091	0.00109	-1.48003	-4.76713	
1092	0.001091	-1.5718	-4.66319	
1093	0.001092	-1.66764	-4.61819	
1094	0.001093	-1.80164	-4.44276	
1095	0.001094	-1.57333	-4.64802	
1096	0.001095	-1.41104	-5.07683	
1097	0.001096	-1.2725	-5.13219	
1098	0.001097	-1.33088	-4.89927	
1099	0.001098	-1.33074	-4.87199	
1100	0.001099	-1.38006	-4.66478	
1101	0.0011	-1.35577	-4.79819	
1102	0.001101	-1.3772	-4.72853	
1103	0.001102	-1.40976	-4.73921	
1104	0.001103	-1.52729	-4.63312	
1105	0.001104	-1.46276	-4.62803	
1106	0.001105	-1.91588	-4.49407	
1107	0.001106	-1.76125	-4.61482	
1108	0.001107	-1.56505	-4.71618	
1109	0.001108	-1.61419	-4.70164	
1110	0.001109	-1.60058	-4.75678	
1111	0.00111	-1.49983	-4.87421	
1112	0.001111	-1.33997	-4.94242	
1113	0.001112	-1.3813	-4.88327	
1114	0.001113	-1.37601	-4.78867	
1115	0.001114	-1.36182	-4.86291	
1116	0.001115	-1.51001	-4.70651	
1117	0.001116	-1.44228	-4.88906	
1118	0.001117	-1.51298	-4.84688	
1119	0.001118	-1.56085	-4.90759	
1120	0.001119	-1.82742	-4.58027	
1121	0.00112	-1.73943	-4.76718	
1122	0.001121	-1.69457	-4.62641	
1123	0.001122	-1.79971	-4.7658	
1124	0.001123	-1.66821	-4.78739	
1125	0.001124	-1.62586	-4.89349	
1126	0.001125	-1.63354	-4.83296	
1127	0.001126	-1.59819	-4.80144	
1128	0.001127	-1.72126	-4.55894	
1129	0.001128	-1.84065	-4.39713	
1130	0.001129	-1.64541	-4.79919	
1131	0.00113	-1.78622	-4.69809	
1132	0.001131	-1.69845	-4.59041	
1133	0.001132	-1.76333	-4.59304	
1134	0.001133	-1.52478	-4.91697	
1135	0.001134	-1.6498	-4.84141	
1136	0.001135	-1.4903	-4.94804	
1137	0.001136	-1.37193	-5.08149	
1138	0.001137	-1.53702	-4.82797	
1139	0.001138	-1.4187	-4.92269	
1140	0.001139	-1.2451	-4.99262	
1141	0.00114	-1.55834	-4.69737	
1142	0.001141	-1.43258	-4.74487	
1143	0.001142	-1.30652	-4.83746	
1144	0.001143	-1.64007	-4.51549	
1145	0.001144	-1.6914	-4.50089	
1146	0.001145	-1.45573	-4.81231	
1147	0.001146	-1.55894	-4.77764	
1148	0.001147	-1.70499	-4.52007	
1149	0.001148	-1.58248	-4.71115	
1150	0.001149	-1.20111	-4.96179	
1151	0.00115	-1.42815	-4.59729	
1152	0.001151	-1.74626	-4.48695	
1153	0.001152	-1.57999	-4.60091	
1154	0.001153	-1.56033	-4.56041	
1155	0.001154	-1.80248	-4.49809	
1156	0.001155	-1.67841	-4.55645	
1157	0.001156	-1.43946	-4.78328	
1158	0.001157	-1.74442	-4.39167	
1159	0.001158	-1.68224	-4.55332	
1160	0.001159	-1.77295	-4.29038	
1161	0.00116	-1.67945	-4.51852	
1162	0.001161	-1.8206	-4.38496	
1163	0.001162	-1.65275	-4.43388	
1164	0.001163	-1.60533	-4.40492	
1165	0.001164	-1.36618	-4.56109	
1166	0.001165	-1.80893	-4.10141	
1167	0.001166	-1.45716	-4.35521	
1168	0.001167	-1.84983	-4.09992	
1169	0.001168	-1.60091	-4.26338	
1170	0.001169	-1.59382	-4.35836	
1171	0.00117	-1.7356	-4.24336	
1172	0.001171	-1.48447	-4.42888	
1173	0.001172	-1.47369	-4.46202	
1174	0.001173	-1.54322	-4.45257	
1175	0.001174	-1.54542	-4.50101	
1176	0.001175	-1.60982	-4.45155	
1177	0.001176	-1.59325	-4.46875	
1178	0.001177	-1.79663	-4.19492	
1179	0.001178	-1.85567	-4.08999	
1180	0.001179	-1.62073	-4.37744	
1181	0.00118	-1.61831	-4.38108	
1182	0.001181	-1.55292	-4.44722	
1183	0.001182	-1.698	-4.36604	
1184	0.001183	-1.52097	-4.41032	
1185	0.001184	-1.66792	-4.28756	
1186	0.001185	-1.45962	-4.42261	
1187	0.001186	-1.7135	-4.20376	
1188	0.001187	-1.88742	-4.02663	
1189	0.001188	-1.26978	-4.54491	
1190	0.001189	-1.58704	-4.24791	
1191	0.00119	-1.39822	-4.668	
1192	0.001191	-1.3812	-4.57598	
1193	0.001192	-1.66972	-4.2904	
1194	0.001193	-1.63147	-4.24113	
1195	0.001194	-1.62992	-4.10758	
1196	0.001195	-1.85291	-4.06435	
1197	0.001196	-1.69436	-4.16877	
1198	0.001197	-1.55907	-4.22841	
1199	0.001198	-1.61055	-4.15729	
1200	0.001199	-1.50553	-4.31698	
1201	0.0012	-1.44962	-4.35824	
1202	0.001201	-1.2709	-4.33319	
1203	0.001202	-1.36497	-4.34259	
1204	0.001203	-1.62824	-4.25507	
1205	0.001204	-1.43682	-4.32403	
1206	0.001205	-1.39594	-4.25176	
1207	0.001206	-1.46016	-4.21651	
1208	0.001207	-1.29618	-4.36208	
1209	0.001208	-1.30968	-4.18833	
1210	0.001209	-1.48624	-4.02757	
1211	0.00121	-1.50146	-4.06565	
1212	0.001211	-1.51206	-4.01093	
1213	0.001212	-1.32563	-4.07684	
1214	0.001213	-1.30076	-4.07247	
1215	0.001214	-1.20979	-4.09245	
1216	0.001215	-1.53581	-3.73995	
1217	0.001216	-1.57155	-3.68199	
1218	0.001217	-1.38434	-3.95338	
1219	0.001218	-1.78486	-3.55331	
1220	0.001219	-1.44984	-3.85133	
1221	0.00122	-1.48686	-3.8324	
1222	0.001221	-1.67409	-3.81087	
1223	0.001222	-1.48426	-3.93349	
1224	0.001223	-1.40661	-3.891	
1225	0.001224	-1.43304	-3.85684	
1226	0.001225	-1.48927	-3.89939	
1227	0.001226	-1.48348	-3.84089	
1228	0.001227	-1.43575	-3.86135	
1229	0.001228	-1.39667	-3.86796	
1230	0.001229	-1.42201	-3.78169	
1231	0.00123	-1.29893	-3.88511	
1232	0.001231	-1.13743	-3.91899	
1233	0.001232	-1.25371	-3.787	
1234	0.001233	-1.35558	-3.68318	
1235	0.001234	-1.34382	-3.70238	
1236	0.001235	-1.15616	-3.8512	
1237	0.001236	-1.67437	-3.36047	
1238	0.001237	-1.48969	-3.5145	
1239	0.001238	-1.54317	-3.51676	
1240	0.001239	-1.54131	-3.47365	
1241	0.00124	-1.44854	-3.6297	
1242	0.001241	-1.47279	-3.55392	
1243	0.001242	-1.37868	-3.55927	
1244	0.001243	-1.38658	-3.53451	
1245	0.001244	-1.33914	-3.54969	
1246	0.001245	-1.38182	-3.49247	
1247	0.001246	-1.41493	-3.38805	
1248	0.001247	-1.23008	-3.5503	
1249	0.001248	-1.58469	-3.18509	
1250	0.001249	-1.48215	-3.24596	
1251	0.00125	-1.29444	-3.50902	
1252	0.001251	-1.25644	-3.4299	
1253	0.001252	-1.53833	-3.21776	
1254	0.001253	-1.25601	-3.44124	
1255	0.001254	-1.3487	-3.24735	
1256	0.001255	-1.31396	-3.26698	
1257	0.001256	-1.43801	-3.10627	
1258	0.001257	-1.26233	-3.25935	
1259	0.001258	-1.1762	-3.29942	
1260	0.001259	-1.2256	-3.32169	
1261	0.00126	-1.08087	-3.33359	
1262	0.001261	-1.05381	-3.2704	
1263	0.001262	-1.30658	-3.07426	
1264	0.001263	-1.29779	-3.24354	
1265	0.001264	-1.32959	-3.14286	
1266	0.001265	-1.33284	-3.07929	
1267	0.001266	-1.21143	-3.20576	
1268	0.001267	-1.31381	-3.05481	
1269	0.001268	-1.25709	-3.26453	
1270	0.001269	-1.42562	-3.39304	
1271	0.00127	-1.14763	-3.61266	
1272	0.001271	-1.42262	-3.32166	
1273	0.001272	-1.49025	-3.23934	
1274	0.001273	-1.32189	-3.29696	
1275	0.001274	-1.58637	-3.00785	
1276	0.001275	-1.30522	-3.32007	
1277	0.001276	-1.49768	-3.1369	
1278	0.001277	-1.5106	-3.23623	
1279	0.001278	-1.42708	-3.26513	
1280	0.001279	-1.36188	-3.31787	
1281	0.00128	-1.69761	-2.96708	
1282	0.001281	-1.66749	-2.92824	
1283	0.001282	-1.38428	-3.02316	
1284	0.001283	-1.27726	-3.17636	
1285	0.001284	-1.46667	-3.00691	
1286	0.001285	-1.38769	-3.13597	
1287	0.001286	-1.23425	-3.27675	
1288	0.001287	-1.33383	-3.2874	
1289	0.001288	-1.37779	-3.17927	
1290	0.001289	-1.47857	-3.08484	
1291	0.00129	-1.29293	-3.18614	
1292	0.001291	-1.73171	-2.75305	
1293	0.001292	-1.11793	-3.22517	
1294	0.001293	-1.37594	-2.98438	
1295	0.001294	-1.57498	-2.86329	
1296	0.001295	-1.47734	-3.03542	
1297	0.001296	-1.33341	-3.1687	
1298	0.001297	-1.4263	-3.02936	
1299	0.001298	-1.33227	-3.07468	
1300	0.001299	-1.31942	-3.0844	
1301	0.0013	-1.34722	-3.04472	
1302	0.001301	-1.48394	-2.99115	
1303	0.001302	-1.70032	-2.87345	
1304	0.001303	-1.53269	-3.00962	
1305	0.001304	-1.41213	-3.027	
1306	0.001305	-1.90612	-2.84593	
1307	0.001306	-1.59709	-3.03184	
1308	0.001307	-1.32054	-3.24558	
1309	0.001308	-1.34569	-3.21057	
1310	0.001309	-1.39963	-3.12167	
1311	0.00131	-1.47241	-3.02708	
1312	0.001311	-1.73369	-2.87127	
1313	0.001312	-1.50422	-2.98254	
1314	0.001313	-1.63024	-2.90909	
1315	0.001314	-1.47432	-2.99789	
1316	0.001315	-1.51492	-2.91848	
1317	0.001316	-1.51335	-2.92794	
1318	0.001317	-1.65399	-2.91333	
1319	0.001318	-1.57145	-2.86848	
1320	0.001319	-1.3878	-3.02218	
1321	0.00132	-1.56023	-2.85651	
1322	0.001321	-1.6292	-2.86447	
1323	0.001322	-1.474	-2.85934	
1324	0.001323	-1.3611	-3.00685	
1325	0.001324	-1.75439	-2.79318	
1326	0.001325	-1.44684	-3.19737	
1327	0.001326	-1.28218	-3.23734	
1328	0.001327	-1.37657	-3.21209	
1329	0.001328	-1.40244	-3.06742	
1330	0.001329	-1.17863	-3.26175	
1331	0.00133	-1.18731	-3.27623	
1332	0.001331	-1.13498	-3.18828	
1333	0.001332	-1.27439	-3.04244	
1334	0.001333	-1.16099	-3.07579	
1335	0.001334	-1.44313	-2.78549	
1336	0.001335	-1.06416	-3.07497	
1337	0.001336	-1.84518	-2.36943	
1338	0.001337	-1.61193	-2.65855	
1339	0.001338	-1.55631	-2.70453	
1340	0.001339	-1.38956	-2.84186	
1341	0.00134	-1.4359	-2.82589	
1342	0.001341	-1.42142	-2.87543	
1343	0.001342	-1.46948	-2.98522	
1344	0.001343	-1.37962	-3.156	
1345	0.001344	-1.62684	-2.89973	
1346	0.001345	-1.71255	-2.73911	
1347	0.001346	-1.52023	-2.95273	
1348	0.001347	-1.73228	-2.77674	
1349	0.001348	-1.38521	-3.08284	
1350	0.001349	-1.46411	-3.20217	
1351	0.00135	-1.3063	-3.04569	
1352	0.001351	-1.48554	-2.8027	
1353	0.001352	-1.50884	-2.76888	
1354	0.001353	-1.7376	-2.74023	
1355	0.001354	-1.63076	-2.85235	
1356	0.001355	-1.79564	-2.52937	
1357	0.001356	-1.66928	-2.72713	
1358	0.001357	-1.74599	-2.83047	
1359	0.001358	-1.30135	-3.10356	
1360	0.001359	-1.45235	-2.9949	
1361	0.00136	-1.31875	-3.05159	
1362	0.001361	-1.31328	-2.97088	
1363	0.001362	-1.35053	-3.12434	
1364	0.001363	-1.33447	-3.29674	
1365	0.001364	-1.35515	-3.14428	
1366	0.001365	-1.14697	-3.26307	
1367	0.001366	-1.24435	-3.156	
1368	0.001367	-1.1212	-3.23599	
1369	0.001368	-1.26696	-3.0067	
1370	0.001369	-1.29639	-2.99469	
1371	0.00137	-1.27615	-2.98238	
1372	0.001371	-1.39623	-2.92509	
1373	0.001372	-1.2426	-3.07147	
1374	0.001373	-1.16746	-3.06647	
1375	0.001374	-1.38809	-2.85594	
1376	0.001375	-1.08971	-3.15631	
1377	0.001376	-1.34144	-3.03154	
1378	0.001377	-1.27499	-2.96685	
1379	0.001378	-1.71199	-2.67886	
1380	0.001379	-1.51627	-2.95759	
1381	0.00138	-1.28253	-3.07537	
1382	0.001381	-1.38903	-3.02557	
1383	0.001382	-1.37539	-3.03492	
1384	0.001383	-1.58518	-2.85144	
1385	0.001384	-1.7673	-2.57504	
1386	0.001385	-1.54067	-3.01747	
1387	0.001386	-1.55433	-3.0496	
1388	0.001387	-1.49406	-3.11959	
1389	0.001388	-1.91089	-3.01726	
1390	0.001389	-1.61339	-3.29496	
1391	0.00139	-1.88432	-3.03311	
1392	0.001391	-1.40957	-3.42657	
1393	0.001392	-1.85999	-2.94555	
1394	0.001393	-1.74489	-3.11139	
1395	0.001394	-1.36228	-3.29735	
1396	0.001395	-1.70909	-3.01496	
1397	0.001396	-1.40283	-3.29147	
1398	0.001397	-1.57393	-3.22535	
1399	0.001398	-1.49695	-3.25381	
1400	0.001399	-1.76898	-2.94119	
1401	0.0014	-1.51662	-3.15782	
1402	0.001401	-1.22952	-3.31847	
1403	0.001402	-1.48489	-3.12559	
1404	0.001403	-1.6836	-2.9742	
1405	0.001404	-1.52325	-3.12905	
1406	0.001405	-1.41269	-3.22398	
1407	0.001406	-1.41868	-3.25257	
1408	0.001407	-1.6337	-2.95402	
1409	0.001408	-1.45133	-3.17296	
1410	0.001409	-1.69517	-2.93101	
1411	0.00141	-1.60715	-2.99306	
1412	0.001411	-1.92454	-2.7456	
1413	0.001412	-1.45788	-3.23175	
1414	0.001413	-1.62731	-2.99872	
1415	0.001414	-1.32381	-3.23813	
1416	0.001415	-1.4167	-3.16836	
1417	0.001416	-1.55928	-3.02576	
1418	0.001417	-1.42369	-3.13827	
1419	0.001418	-2.06197	-2.62912	
1420	0.001419	-1.6442	-2.9684	
1421	0.00142	-1.54842	-3.0836	
1422	0.001421	-1.79938	-2.9334	
1423	0.001422	-1.63057	-3.23455	
1424	0.001423	-1.52455	-3.33079	
1425	0.001424	-1.5926	-3.21779	
1426	0.001425	-1.56734	-3.20387	
1427	0.001426	-1.54411	-3.18418	
1428	0.001427	-1.36139	-3.2682	
1429	0.001428	-1.63768	-2.96277	
1430	0.001429	-1.47348	-3.00094	
1431	0.00143	-1.34728	-3.08226	
1432	0.001431	-1.77609	-2.82837	
1433	0.001432	-1.60327	-3.03406	
1434	0.001433	-1.58853	-2.99437	
1435	0.001434	-1.57897	-3.12565	
1436	0.001435	-1.71262	-2.96137	
1437	0.001436	-1.7029	-2.8778	
1438	0.001437	-1.45782	-3.11613	
1439	0.001438	-1.46426	-3.03588	
1440	0.001439	-1.3828	-3.05321	
1441	0.00144	-1.49885	-2.95003	
1442	0.001441	-1.32091	-2.99921	
1443	0.001442	-1.33157	-2.9893	
1444	0.001443	-1.52462	-2.81807	
1445	0.001444	-1.38575	-2.86896	
1446	0.001445	-1.60095	-2.7478	
1447	0.001446	-1.5733	-2.74977	
1448	0.001447	-1.44053	-2.92984	
1449	0.001448	-1.65958	-2.68802	
1450	0.001449	-1.26483	-3.27467	
1451	0.00145	-1.28561	-3.23405	
1452	0.001451	-1.42537	-2.97139	
1453	0.001452	-1.24879	-3.17692	
1454	0.001453	-1.42471	-2.96267	
1455	0.001454	-1.40899	-2.99392	
1456	0.001455	-1.34981	-2.99505	
1457	0.001456	-1.36572	-2.984	
1458	0.001457	-1.26973	-3.04741	
1459	0.001458	-1.57915	-2.79031	
1460	0.001459	-1.45797	-2.89701	
1461	0.00146	-1.20926	-3.13469	
1462	0.001461	-1.27576	-3.01772	
1463	0.001462	-1.52857	-2.88947	
1464	0.001463	-1.61893	-2.77641	
1465	0.001464	-1.67652	-2.70099	
1466	0.001465	-1.83482	-2.66956	
1467	0.001466	-1.55889	-3.00737	
1468	0.001467	-1.65328	-2.83324	
1469	0.001468	-1.41542	-2.88161	
1470	0.001469	-1.45005	-2.84325	
1471	0.00147	-1.64457	-2.64701	
1472	0.001471	-1.23141	-2.94441	
1473	0.001472	-1.5011	-2.71042	
1474	0.001473	-1.26632	-2.82325	
1475	0.001474	-1.33085	-2.97375	
1476	0.001475	-1.42603	-2.93055	
1477	0.001476	-1.13806	-3.10622	
1478	0.001477	-1.22416	-2.94089	
1479	0.001478	-1.16319	-2.9335	
1480	0.001479	-1.24899	-2.83993	
1481	0.00148	-1.22685	-2.78323	
1482	0.001481	-1.3005	-2.70833	
1483	0.001482	-1.23078	-2.80831	
1484	0.001483	-1.51359	-2.52203	
1485	0.001484	-1.31959	-2.88712	
1486	0.001485	-1.48112	-2.81111	
1487	0.001486	-1.41451	-2.83262	
1488	0.001487	-1.52786	-2.74739	
1489	0.001488	-1.65061	-2.6257	
1490	0.001489	-1.4656	-2.90529	
1491	0.00149	-1.57796	-2.56406	
1492	0.001491	-1.4728	-2.62108	
1493	0.001492	-1.68062	-2.46243	
1494	0.001493	-1.21844	-2.86149	
1495	0.001494	-1.30474	-2.79599	
1496	0.001495	-1.13531	-2.88878	
1497	0.001496	-1.07581	-2.87455	
1498	0.001497	-1.43327	-2.66103	
1499	0.001498	-1.16499	-2.88653	
1500	0.001499	-1.30732	-2.77918	
1501	0.0015	-1.1032	-2.91623	
1502	0.001501	-1.3669	-2.64114	
1503	0.001502	-1.05868	-2.9319	
1504	0.001503	-1.30804	-2.72055	
1505	0.001504	-1.11744	-2.88766	
1506	0.001505	-1.308	-2.64544	
1507	0.001506	-1.11343	-3.01067	
1508	0.001507	-1.67855	-2.36725	
1509	0.001508	-1.36111	-2.75049	
1510	0.001509	-1.74464	-2.36556	
1511	0.00151	-1.33166	-2.74333	
1512	0.001511	-1.34474	-2.67818	
1513	0.001512	-1.4664	-2.59237	
1514	0.001513	-0.993309	-2.95794	
1515	0.001514	-1.24936	-2.65538	
1516	0.001515	-1.49363	-2.43871	
1517	0.001516	-1.40531	-2.52617	
1518	0.001517	-1.2402	-2.70172	
1519	0.001518	-1.14862	-2.84676	
1520	0.001519	-1.11298	-2.82024	
1521	0.00152	-1.20026	-2.70142	
1522	0.001521	-1.25723	-2.71959	
1523	0.001522	-1.44939	-2.63999	
1524	0.001523	-1.13424	-2.85408	
1525	0.001524	-1.25644	-2.72079	
1526	0.001525	-1.16077	-2.83227	
1527	0.001526	-1.08181	-2.91243	
1528	0.001527	-1.05242	-2.86027	
1529	0.001528	-1.17068	-2.73515	
1530	0.001529	-1.31505	-2.71949	
1531	0.00153	-1.29539	-2.86044	
1532	0.001531	-1.69967	-2.54631	
1533	0.001532	-1.27327	-3.05093	
1534	0.001533	-1.36535	-2.83787	
1535	0.001534	-1.21657	-2.88883	
1536	0.001535	-1.22434	-2.85051	
1537	0.001536	-1.22201	-2.83804	
1538	0.001537	-1.14651	-3.01689	
1539	0.001538	-1.28144	-2.7892	
1540	0.001539	-1.30616	-2.79559	
1541	0.00154	-1.23223	-2.78419	
1542	0.001541	-1.17801	-2.87392	
1543	0.001542	-1.10774	-2.92581	
1544	0.001543	-1.34907	-2.70367	
1545	0.001544	-1.3635	-2.67533	
1546	0.001545	-1.42372	-2.5876	
1547	0.001546	-1.47624	-2.66781	
1548	0.001547	-1.23598	-2.89914	
1549	0.001548	-1.15036	-2.97001	
1550	0.001549	-1.15597	-2.89704	
1551	0.00155	-1.2744	-2.78445	
1552	0.001551	-1.50956	-2.55391	
1553	0.001552	-1.40384	-2.59864	
1554	0.001553	-1.34957	-2.69928	
1555	0.001554	-1.35038	-2.65197	
1556	0.001555	-1.33801	-2.66544	
1557	0.001556	-1.14888	-2.77545	
1558	0.001557	-1.63931	-2.40819	
1559	0.001558	-1.28584	-2.73261	
1560	0.001559	-1.31648	-2.65957	
1561	0.00156	-1.16352	-2.73783	
1562	0.001561	-1.37033	-2.77588	
1563	0.001562	-1.35389	-2.70604	
1564	0.001563	-1.20279	-2.85805	
1565	0.001564	-0.954886	-3.09511	
1566	0.001565	-0.977067	-2.97666	
1567	0.001566	-1.0469	-2.9092	
1568	0.001567	-1.18909	-2.68174	
1569	0.001568	-1.17158	-2.77865	
1570	0.001569	-1.04955	-2.87283	
1571	0.00157	-0.969638	-2.9234	
1572	0.001571	-1.18652	-2.78168	
1573	0.001572	-1.06329	-2.94699	
1574	0.001573	-1.17601	-2.85486	
1575	0.001574	-1.01466	-2.98838	
1576	0.001575	-0.940855	-3.05429	
1577	0.001576	-1.02759	-2.94751	
1578	0.001577	-1.32114	-2.68159	
1579	0.001578	-1.46902	-2.53436	
1580	0.001579	-1.12069	-2.85714	
1581	0.00158	-1.70696	-2.53708	
1582	0.001581	-1.4643	-2.91081	
1583	0.001582	-1.23108	-3.27452	
1584	0.001583	-1.36289	-3.0984	
1585	0.001584	-1.55617	-2.89474	
1586	0.001585	-1.36703	-3.03629	
1587	0.001586	-1.27641	-3.04989	
1588	0.001587	-1.2326	-2.98995	
1589	0.001588	-1.07646	-3.12451	
1590	0.001589	-1.0941	-3.08561	
1591	0.00159	-1.19367	-3.04507	
1592	0.001591	-1.18404	-3.13934	
1593	0.001592	-1.2857	-3.0539	
1594	0.001593	-1.06673	-3.28432	
1595	0.001594	-1.29053	-3.11919	
1596	0.001595	-1.25637	-3.12133	
1597	0.001596	-1.28618	-3.04794	
1598	0.001597	-1.43637	-2.86121	
1599	0.001598	-1.0724	-3.20565	
1600	0.001599	-1.26581	-2.99618	
1601	0.0016	-1.15392	-3.11639	
1602	0.001601	-1.06873	-3.12699	
1603	0.001602	-1.12863	-3.00189	
1604	0.001603	-1.00038	-3.14674	
1605	0.001604	-0.949038	-3.13478	
1606	0.001605	-1.22284	-2.92457	
1607	0.001606	-1.4848	-2.72735	
1608	0.001607	-1.17903	-2.92313	
1609	0.001608	-1.13194	-2.98716	
1610	0.001609	-1.08464	-3.05188	
1611	0.00161	-1.11391	-3.08917	
1612	0.001611	-1.07251	-3.17475	
1613	0.001612	-1.26645	-2.89898	
1614	0.001613	-1.30633	-2.97545	
1615	0.001614	-1.05473	-3.21168	
1616	0.001615	-1.08165	-3.1995	
1617	0.001616	-1.31784	-2.90391	
1618	0.001617	-1.34974	-2.95044	
1619	0.001618	-1.31518	-3.18126	
1620	0.001619	-1.50147	-3.00174	
1621	0.00162	-1.28928	-3.15718	
1622	0.001621	-1.33346	-3.14372	
1623	0.001622	-1.19216	-3.30564	
1624	0.001623	-1.10086	-3.39073	
1625	0.001624	-1.33474	-3.18866	
1626	0.001625	-1.30546	-3.25912	
1627	0.001626	-1.48165	-3.09512	
1628	0.001627	-1.41628	-3.14486	
1629	0.001628	-1.62505	-2.98684	
1630	0.001629	-1.28511	-3.52414	
1631	0.00163	-1.44845	-3.45539	
1632	0.001631	-1.46251	-3.32214	
1633	0.001632	-1.43752	-3.45283	
1634	0.001633	-1.09577	-3.64698	
1635	0.001634	-1.34781	-3.58298	
1636	0.001635	-1.32457	-3.58471	
1637	0.001636	-1.17409	-3.72654	
1638	0.001637	-1.26633	-3.63258	
1639	0.001638	-1.33239	-3.6324	
1640	0.001639	-1.22026	-3.7801	
1641	0.00164	-1.26822	-3.61837	
1642	0.001641	-1.58997	-3.25469	
1643	0.001642	-1.1937	-3.74537	
1644	0.001643	-1.34548	-3.51862	
1645	0.001644	-1.51974	-3.33197	
1646	0.001645	-1.3929	-3.52088	
1647	0.001646	-1.35904	-3.52149	
1648	0.001647	-1.38745	-3.4492	
1649	0.001648	-1.38921	-3.65226	
1650	0.001649	-1.43904	-3.5868	
1651	0.00165	-1.53221	-3.555	
1652	0.001651	-1.50504	-3.60298	
1653	0.001652	-1.68929	-3.57292	
1654	0.001653	-1.32806	-3.90601	
1655	0.001654	-1.53495	-3.75206	
1656	0.001655	-1.5513	-3.56946	
1657	0.001656	-1.50679	-3.77002	
1658	0.001657	-1.66618	-3.70302	
1659	0.001658	-1.32626	-3.963	
1660	0.001659	-1.60861	-3.80333	
1661	0.00166	-1.52181	-3.88423	
1662	0.001661	-1.36074	-4.02842	
1663	0.001662	-1.13776	-4.14644	
1664	0.001663	-1.3269	-3.98077	
1665	0.001664	-1.29766	-4.07848	
1666	0.001665	-1.46335	-3.89546	
1667	0.001666	-1.53865	-3.86867	
1668	0.001667	-1.30327	-4.07441	
1669	0.001668	-1.59582	-3.74969	
1670	0.001669	-1.66153	-3.79653	
1671	0.00167	-1.83047	-3.68874	
1672	0.001671	-1.44434	-4.03674	
1673	0.001672	-1.51578	-3.96264	
1674	0.001673	-1.3777	-4.14762	
1675	0.001674	-1.39332	-4.10938	
1676	0.001675	-1.68654	-3.74516	
1677	0.001676	-1.4129	-4.04834	
1678	0.001677	-1.6224	-3.76871	
1679	0.001678	-1.41168	-4.22565	
1680	0.001679	-1.32066	-4.25627	
1681	0.00168	-1.87426	-3.69806	
1682	0.001681	-1.73088	-3.97888	
1683	0.001682	-1.5669	-4.09885	
1684	0.001683	-1.37164	-4.20632	
1685	0.001684	-1.75703	-3.88863	
1686	0.001685	-1.5884	-3.98034	
1687	0.001686	-1.58574	-4.02127	
1688	0.001687	-1.49712	-4.1299	
1689	0.001688	-1.48817	-4.20818	
1690	0.001689	-1.40374	-4.26179	
1691	0.00169	-1.59754	-4.12155	
1692	0.001691	-1.63128	-4.23212	
1693	0.001692	-1.44047	-4.43485	
1694	0.001693	-1.41871	-4.45276	
1695	0.001694	-1.54812	-4.34119	
1696	0.001695	-1.50894	-4.36624	
1697	0.001696	-1.74425	-4.10043	
1698	0.001697	-1.58358	-4.24008	
1699	0.001698	-1.71459	-4.23171	
1700	0.001699	-1.73379	-4.51092	
1701	0.0017	-1.56588	-4.52149	
1702	0.001701	-1.81111	-4.34547	
1703	0.001702	-1.66545	-4.51587	
1704	0.001703	-1.53008	-4.63342	
1705	0.001704	-1.57422	-4.52572	
1706	0.001705	-1.66254	-4.42018	
1707	0.001706	-1.51235	-4.53245	
1708	0.001707	-1.62958	-4.44549	
1709	0.001708	-1.56535	-4.38975	
1710	0.001709	-2.07538	-4.07253	
1711	0.00171	-1.73975	-4.40222	
1712	0.001711	-1.81737	-4.42007	
1713	0.001712	-1.73865	-4.47311	
1714	0.001713	-1.63926	-4.57969	
1715	0.001714	-1.91731	-4.37495	
1716	0.001715	-1.90901	-4.34948	
1717	0.001716	-1.80347	-4.35257	
1718	0.001717	-1.73058	-4.44475	
1719	0.001718	-1.54048	-4.41804	
1720	0.001719	-1.53099	-4.47244	
1721	0.00172	-1.69181	-4.39203	
1722	0.001721	-1.86398	-4.31472	
1723	0.001722	-1.82315	-4.35367	
1724	0.001723	-1.68195	-4.47151	
1725	0.001724	-1.75089	-4.42165	
1726	0.001725	-1.79532	-4.48072	
1727	0.001726	-1.88851	-4.36856	
1728	0.001727	-1.70027	-4.52894	
1729	0.001728	-1.59923	-4.53161	
1730	0.001729	-1.65931	-4.4301	
1731	0.00173	-2.05953	-4.21125	
1732	0.001731	-1.69658	-4.50809	
1733	0.001732	-1.88394	-4.39496	
1734	0.001733	-1.68853	-4.58705	
1735	0.001734	-1.57282	-4.58448	
1736	0.001735	-1.88691	-4.33712	
1737	0.001736	-1.6998	-4.48343	
1738	0.001737	-2.15088	-4.12482	
1739	0.001738	-1.66645	-4.6457	
1740	0.001739	-1.95963	-4.34529	
1741	0.00174	-1.91652	-4.507	
1742	0.001741	-1.96756	-4.40155	
1743	0.001742	-1.73002	-4.55536	
1744	0.001743	-1.65868	-4.65864	
1745	0.001744	-1.75991	-4.52203	
1746	0.001745	-1.70665	-4.54592	
1747	0.001746	-1.81765	-4.51423	
1748	0.001747	-1.71302	-4.50875	
1749	0.001748	-1.7046	-4.5477	
1750	0.001749	-1.77686	-4.26676	
1751	0.00175	-1.82821	-4.49642	
1752	0.001751	-1.93645	-4.26409	
1753	0.001752	-1.7723	-4.4275	
1754	0.001753	-1.71496	-4.44062	
1755	0.001754	-1.5682	-4.47014	
1756	0.001755	-1.70268	-4.35791	
1757	0.001756	-1.89818	-4.24241	
1758	0.001757	-1.64414	-4.41091	
1759	0.001758	-1.75996	-4.43021	
1760	0.001759	-1.70685	-4.35527	
1761	0.00176	-1.90746	-4.22216	
1762	0.001761	-1.64315	-4.44854	
1763	0.001762	-2.04112	-4.04105	
1764	0.001763	-1.86168	-4.27012	
1765	0.001764	-1.85155	-4.28271	
1766	0.001765	-2.05294	-4.26226	
1767	0.001766	-1.94375	-4.37929	
1768	0.001767	-1.82991	-4.432	
1769	0.001768	-1.92524	-4.63303	
1770	0.001769	-1.82779	-4.53093	
1771	0.00177	-1.80243	-4.44674	
1772	0.001771	-1.68814	-4.51856	
1773	0.001772	-1.65808	-4.52416	
1774	0.001773	-1.86873	-4.47015	
1775	0.001774	-1.7964	-4.47217	
1776	0.001775	-2.02876	-4.28798	
1777	0.001776	-1.62205	-4.50684	
1778	0.001777	-1.94356	-4.27815	
1779	0.001778	-1.95917	-4.42097	
1780	0.001779	-2.08018	-4.24235	
1781	0.00178	-1.75893	-4.56436	
1782	0.001781	-1.89143	-4.33982	
1783	0.001782	-1.80039	-4.37425	
1784	0.001783	-1.79425	-4.25277	
1785	0.001784	-1.99498	-4.20718	
1786	0.001785	-1.9486	-4.42986	
1787	0.001786	-1.77781	-4.55256	
1788	0.001787	-1.78075	-4.35731	
1789	0.001788	-1.8312	-4.30513	
1790	0.001789	-1.59016	-4.43938	
1791	0.00179	-1.87249	-4.09479	
1792	0.001791	-1.96005	-4.23856	
1793	0.001792	-1.90435	-4.28372	
1794	0.001793	-1.87782	-4.29318	
1795	0.001794	-1.73327	-4.33729	
1796	0.001795	-1.75438	-4.26091	
1797	0.001796	-1.72152	-4.19162	
1798	0.001797	-1.8023	-4.09025	
1799	0.001798	-1.75114	-4.17418	
1800	0.001799	-1.89023	-4.07994	
1801	0.0018	-1.91564	-4.20945	
1802	0.001801	-1.77574	-4.21597	
1803	0.001802	-1.83711	-4.10498	
1804	0.001803	-1.73953	-4.04951	
1805	0.001804	-1.80838	-3.95655	
1806	0.001805	-1.8234	-3.92263	
1807	0.001806	-1.35504	-4.19068	
1808	0.001807	-1.58195	-3.99191	
1809	0.001808	-1.70299	-3.83349	
1810	0.001809	-1.88043	-3.77196	
1811	0.00181	-1.61355	-4.02126	
1812	0.001811	-1.77637	-4.0309	
1813	0.001812	-1.71606	-4.06036	
1814	0.001813	-1.90343	-3.82158	
1815	0.001814	-1.77767	-3.8998	
1816	0.001815	-1.81507	-3.79178	
1817	0.001816	-1.59607	-3.99353	
1818	0.001817	-1.88431	-3.70664	
1819	0.001818	-1.98641	-3.82596	
1820	0.001819	-1.40827	-4.00816	
1821	0.00182	-1.68447	-3.77791	
1822	0.001821	-1.87356	-3.52618	
1823	0.001822	-1.96681	-3.47264	
1824	0.001823	-1.64934	-3.81351	
1825	0.001824	-1.64472	-3.80712	
1826	0.001825	-1.84241	-3.69633	
1827	0.001826	-1.76291	-3.66685	
1828	0.001827	-1.66333	-3.80412	
1829	0.001828	-1.44503	-3.82388	
1830	0.001829	-1.61709	-3.64886	
1831	0.00183	-1.62182	-3.6151	
1832	0.001831	-1.48616	-3.74654	
1833	0.001832	-1.55768	-3.80698	
1834	0.001833	-1.51947	-3.96261	
1835	0.001834	-1.58633	-3.83316	
1836	0.001835	-1.45194	-3.67129	
1837	0.001836	-1.4569	-3.55718	
1838	0.001837	-1.38103	-3.579	
1839	0.001838	-1.31629	-3.63285	
1840	0.001839	-1.27856	-3.58259	
1841	0.00184	-1.48575	-3.46568	
1842	0.001841	-1.54126	-3.47668	
1843	0.001842	-1.3787	-3.53261	
1844	0.001843	-1.494	-3.36059	
1845	0.001844	-1.32561	-3.48441	
1846	0.001845	-1.5569	-3.33761	
1847	0.001846	-1.71972	-3.32276	
1848	0.001847	-1.582	-3.39432	
1849	0.001848	-1.88641	-2.94991	
1850	0.001849	-1.73047	-3.15568	
1851	0.00185	-2.10051	-3.02021	
1852	0.001851	-1.51437	-3.5738	
1853	0.001852	-1.40585	-3.67882	
1854	0.001853	-1.35351	-3.61993	
1855	0.001854	-1.56515	-3.37617	
1856	0.001855	-1.47612	-3.45335	
1857	0.001856	-1.3052	-3.5579	
1858	0.001857	-1.62888	-3.19228	
1859	0.001858	-1.56373	-3.226	
1860	0.001859	-1.24389	-3.29279	
1861	0.00186	-1.50375	-3.04658	
1862	0.001861	-1.4332	-3.06882	
1863	0.001862	-1.53103	-3.08848	
1864	0.001863	-1.40084	-3.30508	
1865	0.001864	-1.28241	-3.30769	
1866	0.001865	-1.43392	-3.32145	
1867	0.001866	-1.48782	-3.07795	
1868	0.001867	-1.52025	-3.04901	
1869	0.001868	-1.58073	-2.86574	
1870	0.001869	-1.3816	-3.12015	
1871	0.00187	-1.26962	-3.18752	
1872	0.001871	-1.44097	-3.03748	
1873	0.001872	-1.42726	-3.03005	
1874	0.001873	-1.2657	-3.21413	
1875	0.001874	-1.44121	-2.9449	
1876	0.001875	-1.05182	-3.20846	
1877	0.001876	-1.24951	-3.00269	
1878	0.001877	-1.28477	-2.90711	
1879	0.001878	-1.38767	-2.86898	
1880	0.001879	-1.52906	-2.71618	
1881	0.00188	-1.21025	-3.04621	
1882	0.001881	-1.38905	-2.81739	
1883	0.001882	-1.30475	-2.91138	
1884	0.001883	-1.12165	-2.93499	
1885	0.001884	-1.26807	-2.88678	
1886	0.001885	-1.22847	-2.86888	
1887	0.001886	-1.25398	-2.85769	
1888	0.001887	-1.3442	-2.78915	
1889	0.001888	-1.64354	-2.459	
1890	0.001889	-1.39774	-2.86224	
1891	0.00189	-1.66059	-2.63563	
1892	0.001891	-1.47628	-2.72957	
1893	0.001892	-1.27719	-2.8046	
1894	0.001893	-1.61153	-2.47515	
1895	0.001894	-1.51905	-2.78162	
1896	0.001895	-1.81648	-2.57461	
1897	0.001896	-1.40832	-3.01192	
1898	0.001897	-1.4765	-2.84223	
1899	0.001898	-1.32523	-2.92387	
1900	0.001899	-1.41077	-2.77547	
1901	0.0019	-1.3537	-2.79193	
1902	0.001901	-1.19935	-2.91395	
1903	0.001902	-1.35861	-2.60541	
1904	0.001903	-1.14253	-2.8735	
1905	0.001904	-1.06933	-2.9001	
1906	0.001905	-1.41579	-2.4769	
1907	0.001906	-1.38369	-2.51116	
1908	0.001907	-1.4016	-2.50637	
1909	0.001908	-1.49907	-2.44643	
1910	0.001909	-1.43121	-2.40892	
1911	0.00191	-1.31389	-2.50213	
1912	0.001911	-1.27678	-2.51726	
1913	0.001912	-1.34416	-2.46236	
1914	0.001913	-1.07598	-2.60453	
1915	0.001914	-1.20357	-2.51996	
1916	0.001915	-1.36347	-2.39178	
1917	0.001916	-1.46777	-2.43044	
1918	0.001917	-1.57399	-2.28919	
1919	0.001918	-1.46709	-2.3492	
1920	0.001919	-1.28033	-2.47001	
1921	0.00192	-1.3247	-2.34876	
1922	0.001921	-1.50463	-2.19656	
1923	0.001922	-1.45491	-2.34354	
1924	0.001923	-1.18021	-2.52328	
1925	0.001924	-1.36376	-2.37541	
1926	0.001925	-1.37927	-2.29772	
1927	0.001926	-1.19779	-2.52601	
1928	0.001927	-1.41298	-2.40509	
1929	0.001928	-1.46656	-2.30337	
1930	0.001929	-1.3321	-2.35944	
1931	0.00193	-1.48088	-2.13921	
1932	0.001931	-1.72689	-1.9989	
1933	0.001932	-1.10621	-2.34911	
1934	0.001933	-1.35954	-2.24269	
1935	0.001934	-1.56359	-2.14682	
1936	0.001935	-1.19397	-2.47375	
1937	0.001936	-1.24373	-2.29352	
1938	0.001937	-1.57744	-2.06162	
1939	0.001938	-1.45837	-2.26515	
1940	0.001939	-1.28693	-2.3618	
1941	0.00194	-1.04274	-2.536	
1942	0.001941	-1.23322	-2.25905	
1943	0.001942	-1.12573	-2.388	
1944	0.001943	-1.39427	-2.04311	
1945	0.001944	-1.30836	-2.10494	
1946	0.001945	-1.21761	-2.23699	
1947	0.001946	-1.03516	-2.3493	
1948	0.001947	-1.28928	-2.19905	
1949	0.001948	-1.28389	-2.25452	
1950	0.001949	-1.40026	-2.12288	
1951	0.00195	-1.37955	-2.13734	
1952	0.001951	-1.11425	-2.34984	
1953	0.001952	-1.21034	-2.3673	
1954	0.001953	-1.53899	-2.20653	
1955	0.001954	-1.36686	-2.103	
1956	0.001955	-1.08158	-2.40822	
1957	0.001956	-1.35128	-2.24463	
1958	0.001957	-1.40949	-2.22017	
1959	0.001958	-1.15519	-2.49788	
1960	0.001959	-0.992718	-2.59917	
1961	0.00196	-1.37268	-2.22855	
1962	0.001961	-1.52776	-2.23753	
1963	0.001962	-1.3811	-2.41869	
1964	0.001963	-1.27505	-2.48926	
1965	0.001964	-1.43319	-2.29597	
1966	0.001965	-1.53053	-2.35593	
1967	0.001966	-1.31008	-2.51539	
1968	0.001967	-1.39285	-2.51218	
1969	0.001968	-1.29496	-2.51925	
1970	0.001969	-1.43858	-2.34239	
1971	0.00197	-1.28436	-2.51768	
1972	0.001971	-1.1796	-2.64499	
1973	0.001972	-1.19749	-2.5705	
1974	0.001973	-1.15071	-2.67414	
1975	0.001974	-1.44829	-2.39669	
1976	0.001975	-1.27922	-2.6136	
1977	0.001976	-1.1365	-2.68931	
1978	0.001977	-1.1363	-2.54602	
1979	0.001978	-1.40486	-2.37726	
1980	0.001979	-1.17487	-2.6391	
1981	0.00198	-1.18942	-2.684	
1982	0.001981	-1.10327	-2.68986	
1983	0.001982	-1.15663	-2.5909	
1984	0.001983	-1.40014	-2.37865	
1985	0.001984	-1.27524	-2.57457	
1986	0.001985	-1.19056	-2.72155	
1987	0.001986	-1.31164	-2.51445	
1988	0.001987	-1.29081	-2.577	
1989	0.001988	-1.27794	-2.63925	
1990	0.001989	-1.31123	-2.56615	
1991	0.00199	-1.32073	-2.64136	
1992	0.001991	-1.51857	-2.42506	
1993	0.001992	-1.4284	-2.47199	
1994	0.001993	-1.42624	-2.5967	
1995	0.001994	-1.4407	-2.66167	
1996	0.001995	-1.54947	-2.73873	
1997	0.001996	-1.26703	-3.00037	
1998	0.001997	-1.17902	-2.88499	
1999	0.001998	-1.27069	-2.80705	
2000	0.001999	-1.34538	-2.6502	
2001	0.002	-1.20705	-2.72889	
2002	0.002001	-1.07572	-2.83897	
2003	0.002002	-1.21958	-2.65284	
2004	0.002003	-1.04431	-2.82819	
2005	0.002004	-1.15167	-2.68498	
2006	0.002005	-1.425	-2.44041	
2007	0.002006	-1.37054	-2.55246	
2008	0.002007	-1.64942	-2.50004	
2009	0.002008	-1.64917	-2.57548	
2010	0.002009	-1.3635	-2.84269	
2011	0.00201	-1.31938	-2.81014	
2012	0.002011	-1.64461	-2.58574	
2013	0.002012	-1.42582	-2.72138	
2014	0.002013	-1.36414	-2.54644	
2015	0.002014	-1.59449	-2.25255	
2016	0.002015	-1.54886	-2.2714	
2017	0.002016	-1.2843	-2.67171	
2018	0.002017	-1.06232	-2.895	
2019	0.002018	-1.19849	-2.7597	
2020	0.002019	-1.37515	-2.60057	
2021	0.00202	-1.45752	-2.58439	
2022	0.002021	-1.5637	-2.45095	
2023	0.002022	-1.26728	-2.81573	
2024	0.002023	-1.5425	-2.75498	
2025	0.002024	-1.61168	-2.67304	
2026	0.002025	-1.82211	-2.43834	
2027	0.002026	-1.48568	-2.81969	
2028	0.002027	-1.40174	-2.97203	
2029	0.002028	-1.39866	-2.87276	
2030	0.002029	-1.45111	-2.79749	
2031	0.00203	-1.38379	-2.87369	
2032	0.002031	-1.35889	-2.97742	
2033	0.002032	-1.3546	-2.83484	
2034	0.002033	-1.31069	-3.05614	
2035	0.002034	-1.29642	-3.07602	
2036	0.002035	-1.09546	-3.08444	
2037	0.002036	-1.18992	-3.00114	
2038	0.002037	-1.40666	-2.85137	
2039	0.002038	-1.43614	-2.95274	
2040	0.002039	-1.28144	-3.09005	
2041	0.00204	-1.22482	-3.13318	
2042	0.002041	-1.12159	-3.2003	
2043	0.002042	-1.24938	-3.24627	
2044	0.002043	-1.28024	-3.1379	
2045	0.002044	-1.17204	-3.2387	
2046	0.002045	-1.08657	-3.18377	
2047	0.002046	-1.23435	-2.9301	
2048	0.002047	-1.403	-2.84371	
2049	0.002048	-1.47778	-2.82109	
2050	0.002049	-1.34804	-2.99207	
