CompteurTemps	Temps	Cx0	Cy0	
1	0	-202.181	61.667	
2	1e-06	-86.2845	0.65201	
3	2e-06	-24.4103	-60.2058	
4	3e-06	-19.4049	-55.2004	
5	4e-06	-15.7838	-49.5586	
6	5e-06	-13.6078	-43.6451	
7	6e-06	-12.2017	-38.4773	
8	7e-06	-10.6685	-34.0784	
9	8e-06	-9.83559	-29.919	
10	9e-06	-9.00924	-26.9438	
11	1e-05	-8.25196	-23.9331	
12	1.1e-05	-8.1234	-21.5056	
13	1.2e-05	-6.48578	-19.6808	
14	1.3e-05	-6.47768	-17.3602	
15	1.4e-05	-5.48632	-16.0287	
16	1.5e-05	-5.00962	-14.5538	
17	1.6e-05	-4.77714	-12.9827	
18	1.7e-05	-4.82205	-11.6118	
19	1.8e-05	-4.16442	-10.967	
20	1.9e-05	-4.1411	-9.99527	
21	2e-05	-3.7375	-9.19805	
22	2.1e-05	-3.81669	-8.4882	
23	2.2e-05	-3.47341	-7.91322	
24	2.3e-05	-3.08256	-7.59806	
25	2.4e-05	-3.11258	-6.99716	
26	2.5e-05	-2.85411	-6.72012	
27	2.6e-05	-2.92444	-6.06793	
28	2.7e-05	-2.7166	-5.58535	
29	2.8e-05	-2.83863	-5.24527	
30	2.9e-05	-2.39552	-5.3194	
31	3e-05	-2.65689	-4.77419	
32	3.1e-05	-2.51497	-4.56856	
33	3.2e-05	-2.57554	-4.34178	
34	3.3e-05	-2.47429	-4.18885	
35	3.4e-05	-2.3947	-4.05675	
36	3.5e-05	-2.05399	-4.18621	
37	3.6e-05	-1.71384	-4.15569	
38	3.7e-05	-1.89021	-3.90828	
39	3.8e-05	-2.13744	-3.49345	
40	3.9e-05	-2.13175	-3.46864	
41	4e-05	-2.12103	-3.44539	
42	4.1e-05	-1.85083	-3.49331	
43	4.2e-05	-1.77045	-3.50817	
44	4.3e-05	-1.65947	-3.4805	
45	4.4e-05	-1.85917	-3.20885	
46	4.5e-05	-1.78647	-3.22763	
47	4.6e-05	-1.92153	-3.05086	
48	4.7e-05	-1.77722	-3.21001	
49	4.8e-05	-1.67	-3.16172	
50	4.9e-05	-2.27355	-2.60411	
51	5e-05	-1.87271	-3.13873	
52	5.1e-05	-2.08297	-2.94862	
53	5.2e-05	-2.01633	-3.05069	
54	5.3e-05	-1.87202	-3.10446	
55	5.4e-05	-1.66636	-3.27988	
56	5.5e-05	-1.62854	-3.25188	
57	5.6e-05	-1.60992	-3.23596	
58	5.7e-05	-1.5441	-3.25934	
59	5.8e-05	-1.35439	-3.26571	
60	5.9e-05	-1.35777	-3.04712	
61	6e-05	-1.65317	-2.83749	
62	6.1e-05	-1.14656	-3.18319	
63	6.2e-05	-1.61175	-2.80194	
64	6.3e-05	-1.48214	-2.96633	
65	6.4e-05	-1.85131	-2.74331	
66	6.5e-05	-1.55159	-2.91315	
67	6.6e-05	-1.92693	-2.68487	
68	6.7e-05	-1.41779	-3.05717	
69	6.8e-05	-1.67204	-2.72205	
70	6.9e-05	-1.63808	-2.75439	
71	7e-05	-1.721	-2.7137	
72	7.1e-05	-1.59332	-2.8247	
73	7.2e-05	-1.81245	-2.63869	
74	7.3e-05	-1.54937	-2.90217	
75	7.4e-05	-1.48317	-3.0267	
76	7.5e-05	-1.42846	-2.93689	
77	7.6e-05	-1.73392	-2.755	
78	7.7e-05	-1.90194	-2.71488	
79	7.8e-05	-1.65322	-2.89875	
80	7.9e-05	-1.4365	-2.90798	
81	8e-05	-1.48505	-2.93271	
82	8.1e-05	-1.63066	-2.78611	
83	8.2e-05	-1.69441	-2.75225	
84	8.3e-05	-1.70836	-2.80229	
85	8.4e-05	-1.61431	-2.98164	
86	8.5e-05	-1.69909	-2.82046	
87	8.6e-05	-1.78856	-2.81792	
88	8.7e-05	-1.39437	-3.14199	
89	8.8e-05	-1.3545	-3.08981	
90	8.9e-05	-1.35377	-3.01969	
91	9e-05	-1.32545	-3.03666	
92	9.1e-05	-1.25197	-3.14037	
93	9.2e-05	-1.59313	-2.81788	
94	9.3e-05	-1.2741	-3.07748	
95	9.4e-05	-1.30445	-3.057	
96	9.5e-05	-1.39345	-3.0403	
97	9.6e-05	-1.55931	-2.91633	
98	9.7e-05	-1.40539	-2.86285	
99	9.8e-05	-1.72842	-2.68603	
100	9.9e-05	-1.85938	-2.69361	
101	0.0001	-1.56814	-3.13105	
102	0.000101	-1.3904	-3.2085	
103	0.000102	-1.34264	-3.18365	
104	0.000103	-1.52073	-3.0342	
105	0.000104	-1.60992	-2.96665	
106	0.000105	-1.30874	-3.17772	
107	0.000106	-1.48489	-3.04677	
108	0.000107	-1.41794	-3.11224	
109	0.000108	-1.29363	-3.12504	
110	0.000109	-1.47791	-3.12276	
111	0.00011	-1.59302	-3.07175	
112	0.000111	-1.60654	-3.04866	
113	0.000112	-1.69439	-2.88648	
114	0.000113	-1.448	-3.11187	
115	0.000114	-1.78792	-2.85048	
116	0.000115	-1.60464	-2.97146	
117	0.000116	-1.71754	-2.89439	
118	0.000117	-1.46414	-3.1217	
119	0.000118	-1.40573	-3.13288	
120	0.000119	-1.41908	-3.05525	
121	0.00012	-1.38609	-3.0831	
122	0.000121	-1.33881	-3.07269	
123	0.000122	-1.74105	-2.87084	
124	0.000123	-1.46018	-3.21707	
125	0.000124	-1.38311	-3.2218	
126	0.000125	-1.25321	-3.2069	
127	0.000126	-1.35635	-3.25527	
128	0.000127	-1.44945	-3.07109	
129	0.000128	-1.36111	-3.10896	
130	0.000129	-1.28512	-3.09125	
131	0.00013	-1.47701	-2.99622	
132	0.000131	-1.47143	-3.07853	
133	0.000132	-1.30087	-3.17908	
134	0.000133	-1.11807	-3.2665	
135	0.000134	-1.41656	-3.02854	
136	0.000135	-1.35805	-3.13828	
137	0.000136	-1.42902	-3.03541	
138	0.000137	-1.51011	-2.98929	
139	0.000138	-1.28603	-3.13345	
140	0.000139	-1.30282	-3.12119	
141	0.00014	-1.20267	-3.13705	
142	0.000141	-1.12587	-3.18131	
143	0.000142	-1.42262	-2.99125	
144	0.000143	-1.62722	-2.83086	
145	0.000144	-1.53349	-2.96519	
146	0.000145	-1.47174	-2.95097	
147	0.000146	-1.39821	-3.0383	
148	0.000147	-1.39429	-3.02193	
149	0.000148	-1.27624	-3.09301	
150	0.000149	-1.23453	-3.11516	
151	0.00015	-1.0595	-3.27904	
152	0.000151	-1.24047	-3.10212	
153	0.000152	-1.31398	-3.16567	
154	0.000153	-1.29557	-3.11986	
155	0.000154	-1.69445	-3.05315	
156	0.000155	-1.65865	-3.12196	
157	0.000156	-1.32284	-3.29847	
158	0.000157	-1.49438	-3.15821	
159	0.000158	-1.38589	-3.29299	
160	0.000159	-1.26031	-3.35025	
161	0.00016	-1.3113	-3.30249	
162	0.000161	-1.34059	-3.26224	
163	0.000162	-1.29518	-3.18349	
164	0.000163	-1.34928	-3.16962	
165	0.000164	-1.23629	-3.28231	
166	0.000165	-1.27959	-3.15712	
167	0.000166	-1.20635	-3.35058	
168	0.000167	-1.18159	-3.25799	
169	0.000168	-1.39212	-3.01744	
170	0.000169	-1.3828	-3.33828	
171	0.00017	-1.39296	-3.24722	
172	0.000171	-1.39092	-3.25376	
173	0.000172	-1.36934	-3.42379	
174	0.000173	-1.34637	-3.32485	
175	0.000174	-1.1845	-3.33148	
176	0.000175	-1.20231	-3.21069	
177	0.000176	-1.29416	-3.04169	
178	0.000177	-1.26644	-3.09547	
179	0.000178	-1.38905	-3.03243	
180	0.000179	-1.4345	-3.04512	
181	0.00018	-1.1714	-3.26165	
182	0.000181	-1.35773	-3.14582	
183	0.000182	-1.20982	-3.22267	
184	0.000183	-1.35055	-3.13613	
185	0.000184	-1.1137	-3.38987	
186	0.000185	-1.40911	-3.01981	
187	0.000186	-1.33125	-3.14749	
188	0.000187	-1.27132	-3.20031	
189	0.000188	-1.26775	-3.12804	
190	0.000189	-1.17419	-3.20834	
191	0.00019	-1.5103	-2.9088	
192	0.000191	-1.18133	-3.19999	
193	0.000192	-1.2148	-3.20766	
194	0.000193	-1.11631	-3.31861	
195	0.000194	-1.10188	-3.30968	
196	0.000195	-1.18196	-3.18805	
197	0.000196	-1.51657	-2.9666	
198	0.000197	-1.35775	-3.112	
199	0.000198	-1.34161	-3.10523	
200	0.000199	-1.30544	-3.08611	
201	0.0002	-1.04466	-3.35118	
202	0.000201	-1.12889	-3.26599	
203	0.000202	-1.14311	-3.23939	
204	0.000203	-1.4031	-3.01431	
205	0.000204	-1.28895	-3.22993	
206	0.000205	-1.3112	-3.19578	
207	0.000206	-1.16238	-3.35221	
208	0.000207	-1.28623	-3.27394	
209	0.000208	-1.31199	-3.18532	
210	0.000209	-1.13243	-3.35985	
211	0.00021	-1.16683	-3.31184	
212	0.000211	-1.28739	-3.19496	
213	0.000212	-1.31735	-3.11413	
214	0.000213	-1.35061	-3.12178	
215	0.000214	-1.36311	-3.12336	
216	0.000215	-1.34692	-3.11045	
217	0.000216	-1.40462	-3.08186	
218	0.000217	-1.3138	-3.13434	
219	0.000218	-1.21208	-3.21017	
220	0.000219	-1.16499	-3.26474	
221	0.00022	-1.43251	-3.23077	
222	0.000221	-1.31806	-3.25788	
223	0.000222	-1.42452	-3.15017	
224	0.000223	-1.12948	-3.43639	
225	0.000224	-1.3335	-3.25393	
226	0.000225	-1.25676	-3.25348	
227	0.000226	-1.20764	-3.2785	
228	0.000227	-1.18427	-3.2423	
229	0.000228	-1.25399	-3.51591	
230	0.000229	-1.33935	-3.47558	
231	0.00023	-1.21183	-3.34839	
232	0.000231	-1.10361	-3.38127	
233	0.000232	-1.08764	-3.29249	
234	0.000233	-1.11074	-3.25363	
235	0.000234	-1.07977	-3.2521	
236	0.000235	-1.15524	-3.48997	
237	0.000236	-1.19218	-3.53273	
238	0.000237	-1.12083	-3.49102	
239	0.000238	-1.15575	-3.43265	
240	0.000239	-1.26629	-3.4247	
241	0.00024	-1.0972	-3.52158	
242	0.000241	-1.26848	-3.36767	
243	0.000242	-1.31266	-3.26933	
244	0.000243	-1.26924	-3.36164	
245	0.000244	-1.24238	-3.32447	
246	0.000245	-1.13135	-3.42649	
247	0.000246	-1.32535	-3.30841	
248	0.000247	-1.2529	-3.38872	
249	0.000248	-1.30833	-3.26773	
250	0.000249	-1.201	-3.3975	
251	0.00025	-1.25655	-3.27226	
252	0.000251	-1.1809	-3.29285	
253	0.000252	-1.28357	-3.13427	
254	0.000253	-1.15703	-3.23684	
255	0.000254	-1.31636	-3.17347	
256	0.000255	-1.24199	-3.28329	
257	0.000256	-1.23575	-3.2767	
258	0.000257	-1.14381	-3.20674	
259	0.000258	-1.19239	-3.14422	
260	0.000259	-1.09639	-3.21025	
261	0.00026	-1.08608	-3.27883	
262	0.000261	-1.18087	-3.18633	
263	0.000262	-1.24509	-3.14487	
264	0.000263	-1.15027	-3.17606	
265	0.000264	-1.20142	-3.11884	
266	0.000265	-1.20383	-3.12242	
267	0.000266	-1.2412	-3.20023	
268	0.000267	-1.1635	-3.20336	
269	0.000268	-1.14088	-3.22703	
270	0.000269	-1.17425	-3.25759	
271	0.00027	-1.24584	-3.21576	
272	0.000271	-1.26552	-3.23475	
273	0.000272	-1.12854	-3.40357	
274	0.000273	-1.3196	-3.28453	
275	0.000274	-1.17255	-3.46946	
276	0.000275	-1.31346	-3.3398	
277	0.000276	-1.18981	-3.43074	
278	0.000277	-1.32484	-3.37441	
279	0.000278	-1.16889	-3.39771	
280	0.000279	-1.43676	-3.10966	
281	0.00028	-1.40405	-3.23383	
282	0.000281	-1.34797	-3.27182	
283	0.000282	-1.10845	-3.44333	
284	0.000283	-1.10593	-3.49268	
285	0.000284	-1.29858	-3.32899	
286	0.000285	-1.28646	-3.29152	
287	0.000286	-1.13104	-3.4265	
288	0.000287	-1.22458	-3.43656	
289	0.000288	-1.30653	-3.43614	
290	0.000289	-1.27472	-3.34902	
291	0.00029	-1.36996	-3.24585	
292	0.000291	-1.62895	-3.16923	
293	0.000292	-1.37577	-3.34864	
294	0.000293	-1.28859	-3.39539	
295	0.000294	-1.27297	-3.37248	
296	0.000295	-1.3161	-3.32961	
297	0.000296	-1.07169	-3.51804	
298	0.000297	-1.16807	-3.4191	
299	0.000298	-1.26086	-3.29991	
300	0.000299	-1.21132	-3.37447	
301	0.0003	-1.17928	-3.38714	
302	0.000301	-1.31588	-3.26279	
303	0.000302	-1.18034	-3.41713	
304	0.000303	-1.20522	-3.39861	
305	0.000304	-1.25427	-3.34635	
306	0.000305	-1.32611	-3.31451	
307	0.000306	-1.3756	-3.28599	
308	0.000307	-1.27757	-3.39184	
309	0.000308	-1.22382	-3.52004	
310	0.000309	-1.09814	-3.57586	
311	0.00031	-1.12523	-3.55548	
312	0.000311	-1.07115	-3.57008	
313	0.000312	-1.14008	-3.50374	
314	0.000313	-1.5152	-3.25836	
315	0.000314	-1.29114	-3.47014	
316	0.000315	-1.08806	-3.56749	
317	0.000316	-1.16589	-3.50096	
318	0.000317	-1.16106	-3.54391	
319	0.000318	-1.19951	-3.49354	
320	0.000319	-1.20187	-3.5673	
321	0.00032	-1.16425	-3.49099	
322	0.000321	-1.25284	-3.45798	
323	0.000322	-1.24715	-3.42029	
324	0.000323	-1.14038	-3.52364	
325	0.000324	-1.29839	-3.39683	
326	0.000325	-1.10912	-3.57556	
327	0.000326	-1.23795	-3.45647	
328	0.000327	-1.18231	-3.43472	
329	0.000328	-1.39004	-3.30155	
330	0.000329	-1.12527	-3.47221	
331	0.00033	-1.26213	-3.75435	
332	0.000331	-1.16518	-3.56475	
333	0.000332	-1.12536	-3.4663	
334	0.000333	-1.41348	-3.29257	
335	0.000334	-1.43102	-3.33937	
336	0.000335	-1.37259	-3.33592	
337	0.000336	-1.20197	-3.48605	
338	0.000337	-1.17766	-3.52675	
339	0.000338	-1.57421	-3.18543	
340	0.000339	-1.31695	-3.53036	
341	0.00034	-1.42777	-3.38622	
342	0.000341	-1.3027	-3.4497	
343	0.000342	-1.20393	-3.51745	
344	0.000343	-1.29287	-3.46927	
345	0.000344	-1.12427	-3.49887	
346	0.000345	-1.24627	-3.40947	
347	0.000346	-1.24365	-3.44901	
348	0.000347	-1.07129	-3.6445	
349	0.000348	-1.12664	-3.5641	
350	0.000349	-1.11287	-3.54549	
351	0.00035	-1.19938	-3.45613	
352	0.000351	-1.10393	-3.56167	
353	0.000352	-1.03023	-3.61313	
354	0.000353	-0.992158	-3.63437	
355	0.000354	-1.08534	-3.54937	
356	0.000355	-1.00421	-3.58452	
357	0.000356	-1.04087	-3.54776	
358	0.000357	-0.990137	-3.55104	
359	0.000358	-1.08923	-3.4861	
360	0.000359	-1.09678	-3.4709	
361	0.00036	-1.15056	-3.44161	
362	0.000361	-1.32305	-3.38044	
363	0.000362	-1.29922	-3.49559	
364	0.000363	-1.27194	-3.55014	
365	0.000364	-1.22387	-3.51278	
366	0.000365	-1.17856	-3.51687	
367	0.000366	-1.38262	-3.2673	
368	0.000367	-1.26461	-3.69034	
369	0.000368	-1.14657	-3.73454	
370	0.000369	-1.19554	-3.66616	
371	0.00037	-1.03878	-3.74256	
372	0.000371	-1.08876	-3.61046	
373	0.000372	-1.05453	-3.7862	
374	0.000373	-1.07485	-3.66478	
375	0.000374	-1.14118	-3.65213	
376	0.000375	-1.15799	-3.65372	
377	0.000376	-1.2355	-3.58908	
378	0.000377	-1.04405	-3.67469	
379	0.000378	-1.05058	-3.57903	
380	0.000379	-1.09664	-3.46351	
381	0.00038	-1.22964	-3.36818	
382	0.000381	-1.1565	-3.40575	
383	0.000382	-1.30292	-3.32983	
384	0.000383	-1.18883	-3.48492	
385	0.000384	-1.12468	-3.52607	
386	0.000385	-1.0185	-3.62059	
387	0.000386	-1.01161	-3.59285	
388	0.000387	-0.943683	-3.61433	
389	0.000388	-1.04726	-3.5665	
390	0.000389	-1.16478	-3.4542	
391	0.00039	-1.00258	-3.57169	
392	0.000391	-1.02594	-3.57179	
393	0.000392	-1.1345	-3.53317	
394	0.000393	-1.09755	-3.50667	
395	0.000394	-1.16763	-3.60358	
396	0.000395	-1.10958	-3.53543	
397	0.000396	-1.37306	-3.34918	
398	0.000397	-1.28156	-3.4647	
399	0.000398	-1.18924	-3.57497	
400	0.000399	-1.22291	-3.64373	
401	0.0004	-1.19435	-3.76389	
402	0.000401	-1.03056	-3.72827	
403	0.000402	-1.35661	-3.51185	
404	0.000403	-1.24085	-3.57524	
405	0.000404	-1.18133	-3.60858	
406	0.000405	-1.24226	-3.57163	
407	0.000406	-1.1838	-3.63934	
408	0.000407	-0.934527	-3.73886	
409	0.000408	-1.07682	-3.58756	
410	0.000409	-1.12199	-3.55913	
411	0.00041	-1.18289	-3.47155	
412	0.000411	-1.09136	-3.56842	
413	0.000412	-1.22985	-3.44722	
414	0.000413	-1.3978	-3.4844	
415	0.000414	-1.18233	-3.55023	
416	0.000415	-1.29895	-3.53361	
417	0.000416	-1.2145	-3.5852	
418	0.000417	-1.25084	-3.53404	
419	0.000418	-1.21895	-3.45412	
420	0.000419	-1.2342	-3.4324	
421	0.00042	-1.21668	-3.54453	
422	0.000421	-1.05018	-3.63196	
423	0.000422	-1.17584	-3.57797	
424	0.000423	-1.09701	-3.63787	
425	0.000424	-1.04446	-3.6304	
426	0.000425	-1.20064	-3.59779	
427	0.000426	-1.04524	-3.70537	
428	0.000427	-0.981375	-3.70942	
429	0.000428	-1.03914	-3.64055	
430	0.000429	-1.06843	-3.6649	
431	0.00043	-0.982955	-3.66944	
432	0.000431	-1.22125	-3.48308	
433	0.000432	-1.36062	-3.36924	
434	0.000433	-1.14119	-3.56032	
435	0.000434	-1.12083	-3.70854	
436	0.000435	-1.08	-3.64188	
437	0.000436	-1.11534	-3.62251	
438	0.000437	-1.08983	-3.58409	
439	0.000438	-1.06469	-3.62966	
440	0.000439	-1.35796	-3.3954	
441	0.00044	-1.16773	-3.61103	
442	0.000441	-1.05912	-3.68633	
443	0.000442	-1.18809	-3.55055	
444	0.000443	-1.02899	-3.6443	
445	0.000444	-1.08121	-3.59963	
446	0.000445	-1.21577	-3.5588	
447	0.000446	-1.12671	-3.8173	
448	0.000447	-1.14808	-3.80047	
449	0.000448	-0.995679	-3.84602	
450	0.000449	-1.06388	-3.7942	
451	0.00045	-1.09368	-3.79463	
452	0.000451	-1.26655	-3.67907	
453	0.000452	-1.22715	-3.61142	
454	0.000453	-1.0869	-3.69036	
455	0.000454	-1.0297	-3.68657	
456	0.000455	-1.04978	-3.59246	
457	0.000456	-1.12903	-3.57575	
458	0.000457	-1.14914	-3.60804	
459	0.000458	-1.056	-3.70913	
460	0.000459	-1.18857	-3.64028	
461	0.00046	-1.06046	-3.67486	
462	0.000461	-1.0378	-3.7264	
463	0.000462	-1.08881	-3.7084	
464	0.000463	-1.01144	-3.74561	
465	0.000464	-0.957735	-3.77242	
466	0.000465	-1.07797	-3.74966	
467	0.000466	-1.23295	-3.53625	
468	0.000467	-1.05741	-3.59931	
469	0.000468	-1.18535	-3.63097	
470	0.000469	-1.06678	-3.73393	
471	0.00047	-1.12862	-3.71314	
472	0.000471	-1.18703	-3.72084	
473	0.000472	-1.4058	-3.54888	
474	0.000473	-1.3199	-3.76862	
475	0.000474	-1.058	-3.95658	
476	0.000475	-1.26442	-3.79779	
477	0.000476	-1.34389	-3.66222	
478	0.000477	-1.25091	-3.73989	
479	0.000478	-1.07277	-3.84526	
480	0.000479	-1.07611	-3.81913	
481	0.00048	-1.0407	-3.86152	
482	0.000481	-0.93897	-3.93111	
483	0.000482	-0.986131	-3.85617	
484	0.000483	-1.20459	-3.8899	
485	0.000484	-1.04051	-4.05873	
486	0.000485	-1.10124	-4.00864	
487	0.000486	-1.06713	-3.98275	
488	0.000487	-1.2041	-3.83476	
489	0.000488	-1.07239	-3.78921	
490	0.000489	-1.07938	-3.6909	
491	0.00049	-1.32794	-3.42695	
492	0.000491	-1.16821	-3.62834	
493	0.000492	-1.24978	-3.58405	
494	0.000493	-1.09284	-3.68518	
495	0.000494	-1.24849	-3.57967	
496	0.000495	-1.31509	-3.57407	
497	0.000496	-1.01097	-3.81516	
498	0.000497	-1.03988	-3.76961	
499	0.000498	-1.10849	-3.73864	
500	0.000499	-1.11033	-3.72577	
501	0.0005	-0.978707	-3.82242	
502	0.000501	-1.19661	-3.67382	
503	0.000502	-1.23993	-3.68934	
504	0.000503	-1.17072	-3.68923	
505	0.000504	-1.09634	-3.76533	
506	0.000505	-1.05481	-3.78959	
507	0.000506	-1.09644	-3.77396	
508	0.000507	-1.07721	-3.83522	
509	0.000508	-1.11302	-3.78693	
510	0.000509	-1.16869	-3.73252	
511	0.00051	-1.06988	-3.84351	
512	0.000511	-1.13406	-3.80725	
513	0.000512	-0.992725	-3.88049	
514	0.000513	-0.87984	-3.99213	
515	0.000514	-0.997764	-3.94554	
516	0.000515	-1.10864	-3.8892	
517	0.000516	-1.04343	-3.92489	
518	0.000517	-1.20998	-3.83904	
519	0.000518	-1.37147	-3.75084	
520	0.000519	-1.14651	-3.87332	
521	0.00052	-1.10839	-3.89215	
522	0.000521	-1.08178	-3.96845	
523	0.000522	-1.24046	-3.87806	
524	0.000523	-1.27926	-3.83738	
525	0.000524	-1.24873	-3.91276	
526	0.000525	-1.19433	-3.93309	
527	0.000526	-1.07807	-4.03042	
528	0.000527	-1.26689	-3.82757	
529	0.000528	-1.12663	-4.14177	
530	0.000529	-1.07388	-4.13845	
531	0.00053	-1.07895	-4.07749	
532	0.000531	-1.21548	-3.90976	
533	0.000532	-1.18877	-3.97016	
534	0.000533	-1.29459	-3.92458	
535	0.000534	-1.23599	-3.96337	
536	0.000535	-1.26284	-3.89978	
537	0.000536	-1.13646	-4.03014	
538	0.000537	-1.0993	-4.27239	
539	0.000538	-1.23178	-4.1176	
540	0.000539	-1.30424	-3.93337	
541	0.00054	-1.23132	-3.98276	
542	0.000541	-1.12549	-4.10357	
543	0.000542	-1.20112	-4.07181	
544	0.000543	-1.58106	-3.70753	
545	0.000544	-1.25914	-3.99162	
546	0.000545	-1.40699	-3.8893	
547	0.000546	-1.26799	-4.04437	
548	0.000547	-1.09623	-4.11508	
549	0.000548	-1.08317	-4.07948	
550	0.000549	-1.31909	-3.84865	
551	0.00055	-1.3367	-4.02649	
552	0.000551	-1.17084	-4.16885	
553	0.000552	-1.55366	-3.86101	
554	0.000553	-1.16991	-4.26464	
555	0.000554	-1.36259	-4.02018	
556	0.000555	-1.27582	-4.07822	
557	0.000556	-1.08879	-4.29424	
558	0.000557	-1.23655	-4.18735	
559	0.000558	-1.33252	-3.96185	
560	0.000559	-1.19066	-4.0594	
561	0.00056	-1.18105	-4.10274	
562	0.000561	-1.40847	-3.85818	
563	0.000562	-1.13525	-3.98589	
564	0.000563	-1.12794	-4.03216	
565	0.000564	-1.15647	-4.05806	
566	0.000565	-1.41571	-3.87639	
567	0.000566	-1.15691	-4.09634	
568	0.000567	-0.994602	-4.20244	
569	0.000568	-1.23432	-4.0411	
570	0.000569	-1.508	-3.73323	
571	0.00057	-1.35316	-3.86338	
572	0.000571	-1.18949	-3.97748	
573	0.000572	-1.44076	-3.7327	
574	0.000573	-1.07145	-4.21005	
575	0.000574	-1.10057	-4.19045	
576	0.000575	-1.09135	-4.20142	
577	0.000576	-1.03342	-4.11921	
578	0.000577	-0.975334	-4.24233	
579	0.000578	-1.11638	-4.11096	
580	0.000579	-1.27495	-3.89924	
581	0.00058	-1.19201	-4.00143	
582	0.000581	-1.11026	-3.8721	
583	0.000582	-1.46945	-3.8586	
584	0.000583	-1.23556	-4.02507	
585	0.000584	-1.20792	-4.04072	
586	0.000585	-1.15823	-3.96752	
587	0.000586	-1.16656	-3.95038	
588	0.000587	-1.12462	-3.92109	
589	0.000588	-1.42587	-3.99465	
590	0.000589	-1.15878	-4.08367	
591	0.00059	-1.13692	-4.12157	
592	0.000591	-1.36054	-4.06661	
593	0.000592	-1.31389	-3.94563	
594	0.000593	-1.12022	-4.09257	
595	0.000594	-0.901321	-4.15383	
596	0.000595	-1.08567	-3.9385	
597	0.000596	-1.19812	-3.74999	
598	0.000597	-1.16827	-3.76165	
599	0.000598	-1.21855	-3.8704	
600	0.000599	-1.39606	-3.743	
601	0.0006	-1.30121	-3.78293	
602	0.000601	-0.956578	-4.07804	
603	0.000602	-1.21338	-3.91949	
604	0.000603	-1.12137	-4.02717	
605	0.000604	-1.09174	-4.22369	
606	0.000605	-1.31729	-3.97593	
607	0.000606	-1.22069	-4.19644	
608	0.000607	-1.43268	-3.92551	
609	0.000608	-1.19733	-4.11039	
610	0.000609	-1.25404	-4.00075	
611	0.00061	-1.12347	-4.01623	
612	0.000611	-1.26256	-3.88205	
613	0.000612	-1.13814	-3.9024	
614	0.000613	-0.945504	-4.03007	
615	0.000614	-1.14605	-3.7819	
616	0.000615	-1.13597	-3.79644	
617	0.000616	-0.874841	-4.01339	
618	0.000617	-0.958416	-3.91418	
619	0.000618	-1.05612	-3.75926	
620	0.000619	-1.11487	-3.79417	
621	0.00062	-1.11999	-3.81214	
622	0.000621	-1.04663	-3.87643	
623	0.000622	-1.1195	-3.98629	
624	0.000623	-1.26989	-3.75531	
625	0.000624	-1.00721	-3.965	
626	0.000625	-1.40044	-3.72685	
627	0.000626	-1.26666	-3.9919	
628	0.000627	-1.14212	-4.13576	
629	0.000628	-1.10815	-4.01773	
630	0.000629	-0.936691	-4.25468	
631	0.00063	-1.11912	-4.07546	
632	0.000631	-1.26913	-3.89204	
633	0.000632	-1.2843	-3.93568	
634	0.000633	-1.40556	-3.85544	
635	0.000634	-1.28552	-3.87535	
636	0.000635	-1.18493	-4.00446	
637	0.000636	-1.29814	-3.82368	
638	0.000637	-1.05201	-4.09189	
639	0.000638	-1.33125	-3.88501	
640	0.000639	-1.27496	-3.99801	
641	0.00064	-1.19344	-3.93347	
642	0.000641	-1.28041	-3.9488	
643	0.000642	-1.28465	-3.97419	
644	0.000643	-1.05791	-4.17452	
645	0.000644	-1.05397	-4.25804	
646	0.000645	-1.12592	-4.18069	
647	0.000646	-1.2841	-3.98401	
648	0.000647	-1.15921	-4.08632	
649	0.000648	-1.24844	-3.95883	
650	0.000649	-1.18826	-4.07749	
651	0.00065	-1.13087	-4.13682	
652	0.000651	-1.1586	-4.0527	
653	0.000652	-1.16827	-4.08227	
654	0.000653	-1.12452	-4.20657	
655	0.000654	-1.29913	-4.05441	
656	0.000655	-1.16657	-4.1852	
657	0.000656	-1.38914	-4.05661	
658	0.000657	-1.36109	-4.12984	
659	0.000658	-1.3274	-4.10158	
660	0.000659	-1.18107	-4.21777	
661	0.00066	-1.30354	-4.10414	
662	0.000661	-1.15397	-4.20123	
663	0.000662	-1.26574	-4.11636	
664	0.000663	-1.18137	-4.10728	
665	0.000664	-1.12981	-4.24329	
666	0.000665	-1.32588	-4.0475	
667	0.000666	-1.2017	-4.16155	
668	0.000667	-1.0784	-4.19548	
669	0.000668	-1.08042	-4.29263	
670	0.000669	-1.3827	-3.99108	
671	0.00067	-1.37704	-4.10015	
672	0.000671	-1.32512	-4.04117	
673	0.000672	-1.3895	-3.98973	
674	0.000673	-1.39412	-3.92985	
675	0.000674	-1.18344	-4.10162	
676	0.000675	-1.12763	-4.20088	
677	0.000676	-1.12673	-4.1334	
678	0.000677	-1.47762	-3.89558	
679	0.000678	-1.02726	-4.25014	
680	0.000679	-1.04292	-4.17258	
681	0.00068	-1.12477	-4.14942	
682	0.000681	-1.00685	-4.21594	
683	0.000682	-0.913783	-4.22315	
684	0.000683	-1.32039	-4.08146	
685	0.000684	-1.20347	-4.18003	
686	0.000685	-1.09858	-4.30834	
687	0.000686	-1.23154	-4.02527	
688	0.000687	-1.11886	-4.27948	
689	0.000688	-1.48598	-4.30514	
690	0.000689	-1.28096	-4.31859	
691	0.00069	-1.2216	-4.48578	
692	0.000691	-1.10201	-4.50632	
693	0.000692	-1.26145	-4.24412	
694	0.000693	-1.43514	-3.99282	
695	0.000694	-1.27489	-4.25377	
696	0.000695	-1.44318	-4.0901	
697	0.000696	-1.35844	-4.41119	
698	0.000697	-1.28577	-4.64702	
699	0.000698	-1.16697	-4.54728	
700	0.000699	-1.37722	-4.55067	
701	0.0007	-1.2604	-4.45276	
702	0.000701	-1.2104	-4.55443	
703	0.000702	-1.0624	-4.62446	
704	0.000703	-1.38081	-4.33382	
705	0.000704	-1.39005	-4.26831	
706	0.000705	-1.3705	-4.43984	
707	0.000706	-1.15379	-4.41019	
708	0.000707	-1.23182	-4.33285	
709	0.000708	-1.25109	-4.46159	
710	0.000709	-1.45924	-4.3021	
711	0.00071	-1.24223	-4.31192	
712	0.000711	-1.34578	-4.40066	
713	0.000712	-1.16282	-4.42618	
714	0.000713	-1.00969	-4.57415	
715	0.000714	-1.11479	-4.55254	
716	0.000715	-1.27087	-4.34913	
717	0.000716	-1.11844	-4.44248	
718	0.000717	-1.3039	-4.21986	
719	0.000718	-1.18788	-4.32897	
720	0.000719	-1.03693	-4.41438	
721	0.00072	-1.19961	-4.30591	
722	0.000721	-1.35249	-4.24852	
723	0.000722	-1.0897	-4.51545	
724	0.000723	-1.04555	-4.54182	
725	0.000724	-1.33737	-4.34928	
726	0.000725	-1.45883	-4.2926	
727	0.000726	-1.28625	-4.38374	
728	0.000727	-1.50641	-4.26383	
729	0.000728	-1.2582	-4.44979	
730	0.000729	-1.3904	-4.26164	
731	0.00073	-1.17874	-4.40758	
732	0.000731	-1.23159	-4.38697	
733	0.000732	-1.42045	-4.23679	
734	0.000733	-1.06832	-4.51835	
735	0.000734	-1.19829	-4.36688	
736	0.000735	-1.16596	-4.38628	
737	0.000736	-1.16272	-4.42385	
738	0.000737	-1.14749	-4.43158	
739	0.000738	-1.4576	-4.27671	
740	0.000739	-1.45508	-4.29603	
741	0.00074	-1.21686	-4.55309	
742	0.000741	-1.48515	-4.35957	
743	0.000742	-1.32864	-4.55892	
744	0.000743	-1.06414	-4.71848	
745	0.000744	-1.30679	-4.53585	
746	0.000745	-1.36779	-4.58237	
747	0.000746	-1.56174	-4.54188	
748	0.000747	-1.40084	-4.64134	
749	0.000748	-1.30821	-4.64993	
750	0.000749	-1.35022	-4.57793	
751	0.00075	-1.43269	-4.36272	
752	0.000751	-1.19911	-4.57961	
753	0.000752	-1.22437	-4.56631	
754	0.000753	-1.34065	-4.4419	
755	0.000754	-1.34976	-4.68619	
756	0.000755	-1.10329	-4.52479	
757	0.000756	-1.59565	-4.3824	
758	0.000757	-1.21117	-4.75903	
759	0.000758	-1.39616	-4.55755	
760	0.000759	-1.46342	-4.4993	
761	0.00076	-1.22893	-4.7017	
762	0.000761	-1.33944	-4.55731	
763	0.000762	-1.40967	-4.55879	
764	0.000763	-1.30018	-4.62121	
765	0.000764	-1.33997	-4.59693	
766	0.000765	-1.39639	-4.59554	
767	0.000766	-1.37844	-4.64456	
768	0.000767	-1.51396	-4.47355	
769	0.000768	-1.15465	-4.76015	
770	0.000769	-1.37551	-4.5923	
771	0.00077	-1.38994	-4.62151	
772	0.000771	-1.42836	-4.4936	
773	0.000772	-1.25326	-4.55917	
774	0.000773	-1.27573	-4.54635	
775	0.000774	-1.20369	-4.61526	
776	0.000775	-1.4851	-4.37445	
777	0.000776	-1.49951	-4.76511	
778	0.000777	-1.33198	-4.84075	
779	0.000778	-1.53198	-4.62675	
780	0.000779	-1.27848	-4.81988	
781	0.00078	-1.50393	-4.6255	
782	0.000781	-1.54014	-4.47096	
783	0.000782	-1.28503	-4.64809	
784	0.000783	-1.18954	-4.79313	
785	0.000784	-1.65802	-4.29803	
786	0.000785	-1.40874	-4.48597	
787	0.000786	-1.46471	-4.40028	
788	0.000787	-1.49933	-4.74696	
789	0.000788	-1.24293	-5.01367	
790	0.000789	-1.44379	-4.62633	
791	0.00079	-1.23965	-5.02185	
792	0.000791	-1.59049	-4.68232	
793	0.000792	-1.37827	-4.78727	
794	0.000793	-1.30396	-4.75627	
795	0.000794	-1.12598	-4.8302	
796	0.000795	-1.25148	-4.63132	
797	0.000796	-1.37501	-4.7225	
798	0.000797	-1.32159	-4.59845	
799	0.000798	-1.2938	-4.66019	
800	0.000799	-1.28535	-4.65605	
801	0.0008	-1.0671	-4.95791	
802	0.000801	-1.19934	-4.76369	
803	0.000802	-1.46308	-4.52158	
804	0.000803	-1.2622	-4.74363	
805	0.000804	-1.32478	-4.76838	
806	0.000805	-1.71989	-4.37378	
807	0.000806	-1.51524	-4.46673	
808	0.000807	-1.56355	-4.38092	
809	0.000808	-1.38357	-4.42618	
810	0.000809	-1.37447	-4.44047	
811	0.00081	-1.41626	-4.50378	
812	0.000811	-1.42975	-4.39714	
813	0.000812	-1.18864	-4.65588	
814	0.000813	-1.46038	-4.4578	
815	0.000814	-1.17344	-4.67971	
816	0.000815	-1.40263	-4.52439	
817	0.000816	-1.4568	-4.41949	
818	0.000817	-1.40925	-4.5184	
819	0.000818	-1.38043	-4.76077	
820	0.000819	-1.47119	-4.7102	
821	0.00082	-1.27401	-4.91346	
822	0.000821	-1.47315	-4.69319	
823	0.000822	-1.34316	-4.84012	
824	0.000823	-1.34801	-4.812	
825	0.000824	-1.48207	-4.64627	
826	0.000825	-1.68563	-4.47777	
827	0.000826	-1.15708	-4.85663	
828	0.000827	-1.6252	-4.48232	
829	0.000828	-1.23346	-4.83448	
830	0.000829	-1.96134	-4.10325	
831	0.00083	-1.24465	-4.86896	
832	0.000831	-1.98143	-4.24751	
833	0.000832	-1.5866	-4.61205	
834	0.000833	-1.55692	-4.56226	
835	0.000834	-1.28507	-4.69043	
836	0.000835	-1.56947	-4.45792	
837	0.000836	-1.43607	-4.63334	
838	0.000837	-1.41023	-4.57101	
839	0.000838	-1.53688	-4.48225	
840	0.000839	-1.35806	-4.64308	
841	0.00084	-1.69849	-4.39144	
842	0.000841	-1.10831	-4.91866	
843	0.000842	-1.4184	-4.56751	
844	0.000843	-1.37327	-4.65963	
845	0.000844	-1.59087	-4.40133	
846	0.000845	-1.51286	-4.64081	
847	0.000846	-1.2098	-4.69758	
848	0.000847	-1.35619	-4.68422	
849	0.000848	-1.27329	-4.72658	
850	0.000849	-1.45	-4.58471	
851	0.00085	-1.37563	-4.6357	
852	0.000851	-1.4788	-4.59039	
853	0.000852	-1.6133	-4.52219	
854	0.000853	-1.57878	-4.47018	
855	0.000854	-1.79798	-4.37523	
856	0.000855	-1.50122	-4.73876	
857	0.000856	-1.69577	-5.01403	
858	0.000857	-1.25424	-5.27415	
859	0.000858	-1.49567	-4.97831	
860	0.000859	-1.63922	-4.87337	
861	0.00086	-1.45858	-4.87455	
862	0.000861	-1.69449	-4.69826	
863	0.000862	-1.55765	-4.74315	
864	0.000863	-1.55945	-4.72604	
865	0.000864	-1.69779	-4.60713	
866	0.000865	-1.51719	-4.74403	
867	0.000866	-1.34962	-4.87006	
868	0.000867	-1.49613	-4.67222	
869	0.000868	-1.50359	-4.66447	
870	0.000869	-1.6916	-4.55252	
871	0.00087	-1.24898	-4.91037	
872	0.000871	-1.29136	-4.72667	
873	0.000872	-1.88793	-4.22729	
874	0.000873	-1.44124	-4.74708	
875	0.000874	-1.27913	-4.95144	
876	0.000875	-1.44151	-4.77635	
877	0.000876	-1.57025	-4.64285	
878	0.000877	-1.88958	-4.44266	
879	0.000878	-1.18972	-4.84521	
880	0.000879	-1.54242	-4.57847	
881	0.00088	-1.51963	-4.60972	
882	0.000881	-1.59684	-4.50703	
883	0.000882	-1.36221	-4.72302	
884	0.000883	-1.40454	-4.76103	
885	0.000884	-1.93033	-4.28211	
886	0.000885	-1.79312	-4.54581	
887	0.000886	-1.59298	-4.74308	
888	0.000887	-1.54698	-4.70469	
889	0.000888	-1.95041	-4.53608	
890	0.000889	-1.62154	-4.72307	
891	0.00089	-1.47985	-4.712	
892	0.000891	-1.52299	-4.68747	
893	0.000892	-1.59202	-4.53271	
894	0.000893	-1.39699	-4.76257	
895	0.000894	-1.47694	-4.69423	
896	0.000895	-1.3203	-4.82144	
897	0.000896	-1.26502	-5.09291	
898	0.000897	-1.5064	-4.75576	
899	0.000898	-1.3212	-4.894	
900	0.000899	-1.4389	-4.86971	
901	0.0009	-1.43611	-4.86301	
902	0.000901	-1.333	-4.90905	
903	0.000902	-1.61035	-4.80693	
904	0.000903	-1.6472	-4.75963	
905	0.000904	-1.69131	-4.72823	
906	0.000905	-1.61093	-4.87909	
907	0.000906	-1.61066	-4.88326	
908	0.000907	-1.63057	-4.89651	
909	0.000908	-1.47258	-5.00072	
910	0.000909	-1.7379	-4.70785	
911	0.00091	-1.7563	-4.80196	
912	0.000911	-1.44241	-5.05556	
913	0.000912	-1.86622	-4.6862	
914	0.000913	-1.43114	-5.04152	
915	0.000914	-1.68711	-4.82011	
916	0.000915	-1.67436	-4.88509	
917	0.000916	-1.57382	-4.91223	
918	0.000917	-1.61367	-4.89258	
919	0.000918	-1.52094	-5.15579	
920	0.000919	-1.56584	-5.08991	
921	0.00092	-1.47553	-5.09885	
922	0.000921	-1.6647	-4.92869	
923	0.000922	-1.53409	-5.09864	
924	0.000923	-1.44607	-5.17618	
925	0.000924	-1.74687	-4.84915	
926	0.000925	-1.69654	-4.82427	
927	0.000926	-1.80602	-4.83552	
928	0.000927	-1.68949	-4.97914	
929	0.000928	-1.57254	-5.18205	
930	0.000929	-1.57851	-5.11775	
931	0.00093	-1.42202	-5.23844	
932	0.000931	-1.65747	-5.0491	
933	0.000932	-1.61191	-5.07708	
934	0.000933	-1.76475	-4.85548	
935	0.000934	-1.40916	-5.2211	
936	0.000935	-1.79514	-4.86784	
937	0.000936	-1.58871	-5.08511	
938	0.000937	-1.50372	-5.13479	
939	0.000938	-1.53035	-5.05594	
940	0.000939	-1.52575	-5.05043	
941	0.00094	-1.53778	-5.01167	
942	0.000941	-1.73065	-4.86496	
943	0.000942	-1.81335	-4.87102	
944	0.000943	-1.7003	-5.09017	
945	0.000944	-1.48158	-5.22696	
946	0.000945	-1.72417	-5.03621	
947	0.000946	-1.7323	-5.07758	
948	0.000947	-1.42142	-5.34507	
949	0.000948	-1.49721	-5.20389	
950	0.000949	-1.46024	-5.3176	
951	0.00095	-1.75408	-5.02506	
952	0.000951	-1.42887	-5.40105	
953	0.000952	-1.41512	-5.57116	
954	0.000953	-1.6758	-5.27249	
955	0.000954	-1.41116	-5.46558	
956	0.000955	-1.4704	-5.31179	
957	0.000956	-1.55686	-5.20992	
958	0.000957	-1.70426	-5.05837	
959	0.000958	-1.54558	-5.23697	
960	0.000959	-1.70263	-5.04695	
961	0.00096	-1.62785	-5.08824	
962	0.000961	-1.52642	-5.13348	
963	0.000962	-1.76865	-5.13405	
964	0.000963	-1.47517	-5.33273	
965	0.000964	-1.676	-5.16513	
966	0.000965	-1.66455	-5.24082	
967	0.000966	-1.50206	-5.29156	
968	0.000967	-1.51378	-5.3809	
969	0.000968	-1.53581	-5.39168	
970	0.000969	-1.58873	-5.36634	
971	0.00097	-1.56241	-5.4375	
972	0.000971	-1.74019	-5.28702	
973	0.000972	-1.54957	-5.42744	
974	0.000973	-1.54816	-5.38137	
975	0.000974	-1.72118	-5.27906	
976	0.000975	-1.79961	-5.41709	
977	0.000976	-1.7957	-5.50717	
978	0.000977	-1.8303	-5.37132	
979	0.000978	-1.7252	-5.4826	
980	0.000979	-1.71186	-5.45076	
981	0.00098	-1.83716	-5.27434	
982	0.000981	-1.50738	-5.50854	
983	0.000982	-1.98307	-5.25489	
984	0.000983	-1.65656	-5.46509	
985	0.000984	-1.60008	-5.52559	
986	0.000985	-1.60464	-5.52142	
987	0.000986	-1.64506	-5.24239	
988	0.000987	-1.47577	-5.44631	
989	0.000988	-1.67738	-5.2928	
990	0.000989	-1.76399	-5.44086	
991	0.00099	-1.81553	-5.32416	
992	0.000991	-1.75496	-5.31987	
993	0.000992	-1.75906	-5.25799	
994	0.000993	-1.86818	-5.23475	
995	0.000994	-1.58243	-5.46765	
996	0.000995	-1.65624	-5.38358	
997	0.000996	-1.80678	-5.25849	
998	0.000997	-1.7872	-5.36722	
999	0.000998	-1.82559	-5.29484	
1000	0.000999	-1.65318	-5.41179	
1001	0.001	-1.74144	-5.34548	
1002	0.001001	-1.73639	-5.42384	
1003	0.001002	-1.84215	-5.22045	
1004	0.001003	-1.97838	-5.22532	
1005	0.001004	-1.7649	-5.43079	
1006	0.001005	-1.87273	-5.37607	
1007	0.001006	-1.86362	-5.44894	
1008	0.001007	-1.59901	-5.74587	
1009	0.001008	-1.90095	-5.38306	
1010	0.001009	-1.81177	-5.4142	
1011	0.00101	-1.65678	-5.53379	
1012	0.001011	-2.00652	-5.35331	
1013	0.001012	-1.87985	-5.47526	
1014	0.001013	-1.69316	-5.56496	
1015	0.001014	-1.61543	-5.54708	
1016	0.001015	-1.69171	-5.60369	
1017	0.001016	-2.10774	-5.25361	
1018	0.001017	-1.66852	-5.6213	
1019	0.001018	-1.81545	-5.55642	
1020	0.001019	-1.73871	-5.53475	
1021	0.00102	-1.81202	-5.42694	
1022	0.001021	-1.82135	-5.5891	
1023	0.001022	-1.72883	-5.63367	
1024	0.001023	-1.83126	-5.5182	
1025	0.001024	-1.84054	-5.56948	
1026	0.001025	-1.68491	-5.53662	
1027	0.001026	-1.99794	-5.39106	
1028	0.001027	-1.95594	-5.59892	
1029	0.001028	-1.78997	-5.73967	
1030	0.001029	-1.9024	-5.5917	
1031	0.00103	-2.09018	-5.35244	
1032	0.001031	-1.82419	-5.52402	
1033	0.001032	-1.92781	-5.45427	
1034	0.001033	-1.84277	-5.62551	
1035	0.001034	-2.00027	-5.43857	
1036	0.001035	-2.03555	-5.4107	
1037	0.001036	-1.80976	-5.63127	
1038	0.001037	-2.07675	-5.49687	
1039	0.001038	-1.92799	-5.632	
1040	0.001039	-1.9387	-5.54319	
1041	0.00104	-2.21177	-5.36531	
1042	0.001041	-1.96092	-5.5363	
1043	0.001042	-1.94669	-5.59462	
1044	0.001043	-2.03549	-5.49725	
1045	0.001044	-1.85087	-5.70783	
1046	0.001045	-1.84165	-5.70255	
1047	0.001046	-1.72557	-5.75448	
1048	0.001047	-1.85409	-5.67791	
1049	0.001048	-1.70903	-5.75744	
1050	0.001049	-1.6864	-5.72082	
1051	0.00105	-1.97167	-5.4285	
1052	0.001051	-1.75799	-5.66819	
1053	0.001052	-1.74956	-5.5611	
1054	0.001053	-2.16133	-5.22324	
1055	0.001054	-1.63521	-5.69801	
1056	0.001055	-2.28763	-5.15275	
1057	0.001056	-2.01245	-5.44637	
1058	0.001057	-1.74023	-5.76198	
1059	0.001058	-2.08586	-5.47653	
1060	0.001059	-2.04108	-5.63488	
1061	0.00106	-1.83837	-5.6876	
1062	0.001061	-1.77083	-5.75748	
1063	0.001062	-1.94292	-5.64032	
1064	0.001063	-1.84453	-5.74362	
1065	0.001064	-1.91504	-5.63971	
1066	0.001065	-1.99895	-5.63907	
1067	0.001066	-2.08785	-5.52176	
1068	0.001067	-1.69717	-5.79484	
1069	0.001068	-1.82434	-5.71097	
1070	0.001069	-2.14907	-5.44216	
1071	0.00107	-2.0084	-5.58677	
1072	0.001071	-1.86533	-5.72335	
1073	0.001072	-1.93565	-5.53	
1074	0.001073	-2.00961	-5.58959	
1075	0.001074	-1.97698	-5.57904	
1076	0.001075	-2.05505	-5.60272	
1077	0.001076	-1.98493	-5.60588	
1078	0.001077	-1.84225	-5.68559	
1079	0.001078	-1.78395	-5.69928	
1080	0.001079	-2.25442	-5.34939	
1081	0.00108	-1.84498	-5.74863	
1082	0.001081	-1.81773	-5.75517	
1083	0.001082	-1.88714	-5.74472	
1084	0.001083	-1.79205	-5.59983	
1085	0.001084	-1.84536	-6.03237	
1086	0.001085	-1.98196	-5.98144	
1087	0.001086	-1.95455	-5.99747	
1088	0.001087	-1.87426	-6.10595	
1089	0.001088	-1.9077	-6.11106	
1090	0.001089	-1.78447	-6.11598	
1091	0.00109	-1.93755	-5.95419	
1092	0.001091	-1.673	-6.35101	
1093	0.001092	-1.82262	-6.11595	
1094	0.001093	-1.94074	-5.96065	
1095	0.001094	-1.90307	-5.83469	
1096	0.001095	-1.79068	-5.92117	
1097	0.001096	-1.92842	-5.82651	
1098	0.001097	-1.74002	-5.88535	
1099	0.001098	-1.6883	-5.85491	
1100	0.001099	-1.65251	-5.81496	
1101	0.0011	-1.87292	-5.7108	
1102	0.001101	-1.94081	-5.81319	
1103	0.001102	-1.86618	-5.89513	
1104	0.001103	-1.95909	-5.74436	
1105	0.001104	-1.83836	-5.89799	
1106	0.001105	-2.03217	-5.70399	
1107	0.001106	-1.89742	-5.85309	
1108	0.001107	-1.66218	-6.00156	
1109	0.001108	-1.8692	-5.62498	
1110	0.001109	-1.78487	-5.6793	
1111	0.00111	-1.71014	-5.76515	
1112	0.001111	-1.72964	-5.64659	
1113	0.001112	-1.75808	-5.50603	
1114	0.001113	-2.08104	-5.5644	
1115	0.001114	-2.01076	-5.68578	
1116	0.001115	-2.03428	-5.78115	
1117	0.001116	-1.93763	-5.677	
1118	0.001117	-1.83687	-5.73927	
1119	0.001118	-1.77406	-5.71801	
1120	0.001119	-1.81206	-5.68021	
1121	0.00112	-1.83909	-5.53171	
1122	0.001121	-1.6138	-5.66109	
1123	0.001122	-1.70548	-5.51002	
1124	0.001123	-1.81009	-5.40417	
1125	0.001124	-1.78259	-5.42041	
1126	0.001125	-1.90758	-5.37693	
1127	0.001126	-1.68743	-5.57341	
1128	0.001127	-1.69506	-5.59446	
1129	0.001128	-1.54148	-5.70073	
1130	0.001129	-1.85167	-5.36133	
1131	0.00113	-1.84175	-5.48088	
1132	0.001131	-1.66468	-5.63076	
1133	0.001132	-2.05715	-5.40225	
1134	0.001133	-1.7061	-5.73719	
1135	0.001134	-1.69085	-5.60838	
1136	0.001135	-1.91445	-5.57959	
1137	0.001136	-1.88969	-5.70209	
1138	0.001137	-2.02157	-5.74503	
1139	0.001138	-1.76534	-5.97774	
1140	0.001139	-1.92578	-5.82531	
1141	0.00114	-2.08414	-5.62106	
1142	0.001141	-1.90181	-5.87982	
1143	0.001142	-2.08077	-5.66518	
1144	0.001143	-1.86163	-5.7853	
1145	0.001144	-1.83993	-5.74652	
1146	0.001145	-1.89543	-5.59632	
1147	0.001146	-1.80824	-5.83735	
1148	0.001147	-1.65764	-5.88126	
1149	0.001148	-1.79326	-5.62936	
1150	0.001149	-2.06461	-5.51424	
1151	0.00115	-1.88799	-5.57141	
1152	0.001151	-1.76481	-5.74045	
1153	0.001152	-1.71314	-5.83223	
1154	0.001153	-1.77515	-5.83006	
1155	0.001154	-1.6985	-5.88432	
1156	0.001155	-1.76235	-5.7778	
1157	0.001156	-1.71685	-5.76749	
1158	0.001157	-1.63994	-5.90567	
1159	0.001158	-1.76062	-5.59584	
1160	0.001159	-1.75898	-5.64691	
1161	0.00116	-1.83871	-5.43689	
1162	0.001161	-1.93015	-5.42848	
1163	0.001162	-1.73355	-5.67626	
1164	0.001163	-1.64055	-5.63195	
1165	0.001164	-1.915	-5.45764	
1166	0.001165	-1.94005	-5.43629	
1167	0.001166	-1.59434	-5.67483	
1168	0.001167	-1.86064	-5.39922	
1169	0.001168	-2.04785	-5.31551	
1170	0.001169	-1.82901	-5.50486	
1171	0.00117	-1.95578	-5.37514	
1172	0.001171	-1.87198	-5.35053	
1173	0.001172	-1.95675	-5.23572	
1174	0.001173	-1.82492	-5.40077	
1175	0.001174	-1.59792	-5.58406	
1176	0.001175	-1.75726	-5.42108	
1177	0.001176	-1.69838	-5.47499	
1178	0.001177	-1.94148	-5.23046	
1179	0.001178	-2.05502	-5.30337	
1180	0.001179	-1.62402	-5.45121	
1181	0.00118	-2.0035	-5.07788	
1182	0.001181	-1.79486	-5.50534	
1183	0.001182	-1.67339	-5.61118	
1184	0.001183	-1.73944	-5.47632	
1185	0.001184	-1.60154	-5.52218	
1186	0.001185	-1.76074	-5.30802	
1187	0.001186	-1.72602	-5.31055	
1188	0.001187	-1.73493	-5.23392	
1189	0.001188	-1.52058	-5.37604	
1190	0.001189	-1.83066	-5.15236	
1191	0.00119	-1.62186	-5.30995	
1192	0.001191	-1.88188	-5.11575	
1193	0.001192	-1.76359	-5.091	
1194	0.001193	-1.67628	-5.15319	
1195	0.001194	-1.59191	-5.2113	
1196	0.001195	-1.98178	-4.94036	
1197	0.001196	-1.40264	-5.40393	
1198	0.001197	-1.55203	-5.24319	
1199	0.001198	-1.54889	-5.12644	
1200	0.001199	-1.82354	-4.92279	
1201	0.0012	-1.70607	-4.99328	
1202	0.001201	-1.80745	-4.98063	
1203	0.001202	-1.83855	-4.93695	
1204	0.001203	-1.63437	-5.00699	
1205	0.001204	-1.86458	-4.85743	
1206	0.001205	-1.61488	-4.96241	
1207	0.001206	-1.81737	-4.66053	
1208	0.001207	-1.63392	-4.9716	
1209	0.001208	-1.90979	-4.61509	
1210	0.001209	-1.66333	-4.87783	
1211	0.00121	-1.62677	-4.92404	
1212	0.001211	-1.6531	-4.847	
1213	0.001212	-1.52463	-4.90231	
1214	0.001213	-1.6363	-4.76861	
1215	0.001214	-1.67976	-4.81712	
1216	0.001215	-1.67447	-4.74694	
1217	0.001216	-1.74461	-4.58824	
1218	0.001217	-1.73278	-4.73477	
1219	0.001218	-1.58451	-4.78571	
1220	0.001219	-1.73738	-4.70366	
1221	0.00122	-1.60262	-4.77704	
1222	0.001221	-1.56689	-4.85953	
1223	0.001222	-1.44872	-4.87169	
1224	0.001223	-1.37956	-4.90271	
1225	0.001224	-1.77808	-4.47748	
1226	0.001225	-1.36194	-4.84523	
1227	0.001226	-1.78102	-4.44497	
1228	0.001227	-1.35177	-4.79638	
1229	0.001228	-1.53562	-4.66742	
1230	0.001229	-1.44938	-4.7347	
1231	0.00123	-1.68362	-4.52529	
1232	0.001231	-1.63729	-4.49534	
1233	0.001232	-1.38368	-4.80629	
1234	0.001233	-1.76271	-4.50154	
1235	0.001234	-1.3991	-4.81818	
1236	0.001235	-1.75355	-4.51275	
1237	0.001236	-1.56478	-4.64567	
1238	0.001237	-1.61163	-4.55616	
1239	0.001238	-1.29878	-4.61944	
1240	0.001239	-1.54818	-4.39426	
1241	0.00124	-1.34775	-4.52849	
1242	0.001241	-1.51011	-4.40757	
1243	0.001242	-1.63734	-4.34471	
1244	0.001243	-1.41671	-4.58689	
1245	0.001244	-1.44513	-4.49174	
1246	0.001245	-1.39978	-4.45109	
1247	0.001246	-1.57051	-4.19602	
1248	0.001247	-1.48563	-4.30422	
1249	0.001248	-1.51593	-4.32853	
1250	0.001249	-1.64575	-4.17638	
1251	0.00125	-1.57026	-4.24803	
1252	0.001251	-1.24349	-4.52485	
1253	0.001252	-1.37933	-4.36005	
1254	0.001253	-1.43999	-4.26747	
1255	0.001254	-1.3247	-4.28114	
1256	0.001255	-1.42769	-4.19656	
1257	0.001256	-1.43755	-4.19389	
1258	0.001257	-1.33693	-4.1888	
1259	0.001258	-1.19993	-4.28182	
1260	0.001259	-1.33324	-4.2574	
1261	0.00126	-1.55644	-3.92935	
1262	0.001261	-1.41701	-4.03209	
1263	0.001262	-1.25727	-4.06159	
1264	0.001263	-1.37757	-3.91484	
1265	0.001264	-1.51326	-3.92588	
1266	0.001265	-1.15714	-4.3256	
1267	0.001266	-1.24211	-4.18525	
1268	0.001267	-1.45619	-3.95598	
1269	0.001268	-1.04699	-4.28647	
1270	0.001269	-1.35974	-4.07108	
1271	0.00127	-1.50035	-3.86953	
1272	0.001271	-1.21526	-4.21011	
1273	0.001272	-1.32228	-4.0448	
1274	0.001273	-1.35009	-4.00543	
1275	0.001274	-1.6342	-3.78667	
1276	0.001275	-1.4402	-3.90552	
1277	0.001276	-1.47207	-3.8472	
1278	0.001277	-1.28704	-4.09727	
1279	0.001278	-1.64486	-3.70651	
1280	0.001279	-1.58231	-3.68371	
1281	0.00128	-1.10431	-4.13113	
1282	0.001281	-1.22703	-3.82392	
1283	0.001282	-1.34781	-3.66388	
1284	0.001283	-1.34656	-3.75916	
1285	0.001284	-1.42497	-3.58654	
1286	0.001285	-1.61673	-3.42355	
1287	0.001286	-1.06236	-3.93841	
1288	0.001287	-1.17099	-3.78988	
1289	0.001288	-0.9164	-3.96768	
1290	0.001289	-1.16825	-3.69884	
1291	0.00129	-1.1855	-3.71997	
1292	0.001291	-1.34178	-3.54402	
1293	0.001292	-1.01484	-3.81224	
1294	0.001293	-1.15636	-3.72398	
1295	0.001294	-1.11418	-3.69293	
1296	0.001295	-1.24547	-3.61805	
1297	0.001296	-1.25437	-3.90028	
1298	0.001297	-1.32171	-3.66769	
1299	0.001298	-1.0407	-3.77465	
1300	0.001299	-1.28963	-3.49434	
1301	0.0013	-1.1393	-3.547	
1302	0.001301	-1.23334	-3.46264	
1303	0.001302	-1.08368	-3.55063	
1304	0.001303	-1.18422	-3.42148	
1305	0.001304	-1.04394	-3.48205	
1306	0.001305	-1.21892	-3.29172	
1307	0.001306	-1.15831	-3.37163	
1308	0.001307	-1.01711	-3.4135	
1309	0.001308	-1.49516	-3.00708	
1310	0.001309	-1.22908	-3.34109	
1311	0.00131	-0.992279	-3.46373	
1312	0.001311	-1.18286	-3.17551	
1313	0.001312	-0.919277	-3.46157	
1314	0.001313	-1.28955	-3.15915	
1315	0.001314	-1.24086	-3.3346	
1316	0.001315	-1.17128	-3.55721	
1317	0.001316	-1.13928	-3.59669	
1318	0.001317	-1.52112	-3.31551	
1319	0.001318	-1.17919	-3.60969	
1320	0.001319	-1.70198	-3.15819	
1321	0.00132	-1.224	-3.38633	
1322	0.001321	-1.2548	-3.50867	
1323	0.001322	-1.10595	-3.54629	
1324	0.001323	-1.15684	-3.33668	
1325	0.001324	-0.905385	-3.4852	
1326	0.001325	-1.05137	-3.2701	
1327	0.001326	-1.31301	-3.1569	
1328	0.001327	-1.08323	-3.27684	
1329	0.001328	-0.968795	-3.26135	
1330	0.001329	-1.27471	-2.97543	
1331	0.00133	-1.19246	-2.70735	
1332	0.001331	-1.18986	-3.14674	
1333	0.001332	-1.20172	-3.2735	
1334	0.001333	-1.10842	-3.20994	
1335	0.001334	-1.06349	-3.16788	
1336	0.001335	-1.26915	-2.93084	
1337	0.001336	-1.09811	-2.96253	
1338	0.001337	-1.00002	-3.03539	
1339	0.001338	-1.13604	-2.75052	
1340	0.001339	-1.17759	-2.74389	
1341	0.00134	-1.20247	-2.69295	
1342	0.001341	-1.01792	-2.88805	
1343	0.001342	-1.02342	-2.8248	
1344	0.001343	-1.17261	-2.80288	
1345	0.001344	-1.41914	-3.00917	
1346	0.001345	-1.0583	-3.3893	
1347	0.001346	-1.26319	-2.98753	
1348	0.001347	-1.13069	-3.01548	
1349	0.001348	-0.956927	-3.1068	
1350	0.001349	-1.23853	-2.77768	
1351	0.00135	-1.24167	-2.98381	
1352	0.001351	-1.10981	-3.15463	
1353	0.001352	-1.09831	-3.12639	
1354	0.001353	-1.0929	-3.09595	
1355	0.001354	-1.28312	-2.78586	
1356	0.001355	-0.999459	-3.11458	
1357	0.001356	-1.28586	-3.02511	
1358	0.001357	-1.20337	-3.07938	
1359	0.001358	-1.24491	-3.08804	
1360	0.001359	-1.16265	-3.23484	
1361	0.00136	-1.37046	-2.89862	
1362	0.001361	-1.06569	-3.03857	
1363	0.001362	-1.27767	-2.72416	
1364	0.001363	-1.17501	-2.72895	
1365	0.001364	-1.13679	-2.75499	
1366	0.001365	-1.16474	-2.70843	
1367	0.001366	-0.977434	-2.82797	
1368	0.001367	-1.11426	-2.71051	
1369	0.001368	-0.967814	-2.75825	
1370	0.001369	-1.27442	-2.41563	
1371	0.00137	-1.32606	-2.40345	
1372	0.001371	-1.6677	-2.49334	
1373	0.001372	-1.51784	-2.79479	
1374	0.001373	-1.23896	-3.03247	
1375	0.001374	-1.34616	-3.02702	
1376	0.001375	-1.17027	-3.06313	
1377	0.001376	-1.39644	-2.72444	
1378	0.001377	-1.18708	-2.88868	
1379	0.001378	-0.986905	-3.01141	
1380	0.001379	-1.49957	-2.637	
1381	0.00138	-0.838487	-3.28641	
1382	0.001381	-1.61004	-2.54253	
1383	0.001382	-1.17579	-2.86895	
1384	0.001383	-1.3913	-2.52231	
1385	0.001384	-1.29123	-2.58059	
1386	0.001385	-1.26157	-2.51498	
1387	0.001386	-1.0704	-2.79193	
1388	0.001387	-1.11562	-2.74373	
1389	0.001388	-1.10147	-2.7224	
1390	0.001389	-1.57518	-2.38323	
1391	0.00139	-0.961041	-2.87429	
1392	0.001391	-1.28253	-2.57569	
1393	0.001392	-1.09681	-2.60339	
1394	0.001393	-1.35876	-2.43602	
1395	0.001394	-1.37296	-2.49	
1396	0.001395	-1.52645	-2.47588	
1397	0.001396	-1.30988	-2.69642	
1398	0.001397	-1.51611	-2.49058	
1399	0.001398	-1.28332	-2.697	
1400	0.001399	-1.37446	-2.54778	
1401	0.0014	-1.42568	-2.5427	
1402	0.001401	-1.34154	-2.77843	
1403	0.001402	-1.22859	-2.93085	
1404	0.001403	-1.36146	-2.84274	
1405	0.001404	-1.37108	-2.79814	
1406	0.001405	-1.14747	-2.93093	
1407	0.001406	-1.04779	-2.96487	
1408	0.001407	-1.10323	-2.86945	
1409	0.001408	-1.1818	-2.84302	
1410	0.001409	-1.20988	-2.81285	
1411	0.00141	-1.12306	-2.87914	
1412	0.001411	-1.1552	-3.1902	
1413	0.001412	-0.994818	-3.36801	
1414	0.001413	-1.09013	-3.23445	
1415	0.001414	-1.34463	-2.94081	
1416	0.001415	-1.38097	-2.88082	
1417	0.001416	-1.17942	-2.86906	
1418	0.001417	-1.17847	-2.79431	
1419	0.001418	-1.35522	-2.53088	
1420	0.001419	-1.27224	-2.66612	
1421	0.00142	-1.44097	-2.54683	
1422	0.001421	-1.07815	-2.90574	
1423	0.001422	-1.20756	-2.73997	
1424	0.001423	-1.08462	-2.94374	
1425	0.001424	-1.17429	-2.77977	
1426	0.001425	-1.20743	-2.76674	
1427	0.001426	-1.34976	-2.71035	
1428	0.001427	-1.06448	-2.97229	
1429	0.001428	-1.18234	-2.92688	
1430	0.001429	-1.24168	-2.84166	
1431	0.00143	-1.70432	-2.46061	
1432	0.001431	-1.2515	-2.92965	
1433	0.001432	-1.3842	-2.76308	
1434	0.001433	-1.35376	-2.92732	
1435	0.001434	-1.31265	-2.94945	
1436	0.001435	-1.42963	-2.87208	
1437	0.001436	-1.52299	-2.83842	
1438	0.001437	-1.46095	-2.88523	
1439	0.001438	-1.23288	-3.12288	
1440	0.001439	-1.17686	-3.16094	
1441	0.00144	-1.14814	-3.09425	
1442	0.001441	-1.27849	-2.9711	
1443	0.001442	-1.33282	-3.00144	
1444	0.001443	-1.09606	-3.19798	
1445	0.001444	-1.10815	-3.07586	
1446	0.001445	-1.57983	-2.67446	
1447	0.001446	-1.28947	-2.91781	
1448	0.001447	-1.44869	-2.83745	
1449	0.001448	-1.38747	-2.89498	
1450	0.001449	-1.32518	-3.00529	
1451	0.00145	-1.23882	-2.93102	
1452	0.001451	-1.34548	-2.96267	
1453	0.001452	-1.52191	-2.94174	
1454	0.001453	-1.40415	-2.96786	
1455	0.001454	-1.11227	-3.25869	
1456	0.001455	-1.45508	-2.96826	
1457	0.001456	-1.44258	-3.04942	
1458	0.001457	-1.68822	-2.85739	
1459	0.001458	-1.41426	-3.1244	
1460	0.001459	-1.40536	-3.11004	
1461	0.00146	-1.27145	-3.32295	
1462	0.001461	-1.52225	-3.02484	
1463	0.001462	-1.35708	-3.18021	
1464	0.001463	-1.46498	-3.13585	
1465	0.001464	-1.4383	-3.17694	
1466	0.001465	-1.26003	-3.31538	
1467	0.001466	-1.39007	-3.19043	
1468	0.001467	-1.32756	-3.31669	
1469	0.001468	-1.38473	-3.46728	
1470	0.001469	-1.22865	-3.57562	
1471	0.00147	-1.36621	-3.28628	
1472	0.001471	-1.30335	-3.32273	
1473	0.001472	-1.38115	-3.26432	
1474	0.001473	-1.56867	-3.13581	
1475	0.001474	-1.33704	-3.40593	
1476	0.001475	-1.24405	-3.47329	
1477	0.001476	-1.68375	-3.07401	
1478	0.001477	-1.35326	-3.43978	
1479	0.001478	-1.16259	-3.51909	
1480	0.001479	-1.34642	-3.32531	
1481	0.00148	-1.40275	-3.46283	
1482	0.001481	-1.43583	-3.47388	
1483	0.001482	-1.18175	-3.51895	
1484	0.001483	-1.32111	-3.45435	
1485	0.001484	-1.38063	-3.37688	
1486	0.001485	-1.39781	-3.35444	
1487	0.001486	-1.41233	-3.36891	
1488	0.001487	-1.63221	-3.0642	
1489	0.001488	-1.37305	-3.40376	
1490	0.001489	-1.43401	-3.26357	
1491	0.00149	-1.30947	-3.43439	
1492	0.001491	-1.70358	-3.21064	
1493	0.001492	-1.70819	-3.10695	
1494	0.001493	-1.71298	-3.14452	
1495	0.001494	-2.00135	-2.85316	
1496	0.001495	-1.39819	-3.54428	
1497	0.001496	-1.50617	-3.43328	
1498	0.001497	-1.68477	-3.49116	
1499	0.001498	-1.56844	-3.66466	
1500	0.001499	-1.58858	-3.50971	
1501	0.0015	-1.58243	-3.54038	
1502	0.001501	-1.4626	-3.6901	
1503	0.001502	-1.3766	-3.76278	
1504	0.001503	-1.47528	-3.5836	
1505	0.001504	-1.59629	-3.51368	
1506	0.001505	-1.5995	-3.63739	
1507	0.001506	-1.58238	-3.5466	
1508	0.001507	-1.74091	-3.45638	
1509	0.001508	-1.60068	-3.67144	
1510	0.001509	-1.45498	-3.80556	
1511	0.00151	-1.55785	-3.75483	
1512	0.001511	-1.64391	-3.55859	
1513	0.001512	-1.44715	-3.71963	
1514	0.001513	-1.71034	-3.52864	
1515	0.001514	-1.42039	-3.74989	
1516	0.001515	-1.31752	-3.81308	
1517	0.001516	-1.33524	-3.74731	
1518	0.001517	-1.59792	-3.70538	
1519	0.001518	-1.55421	-3.58625	
1520	0.001519	-1.58567	-3.80374	
1521	0.00152	-1.62064	-3.61636	
1522	0.001521	-2.00246	-3.31676	
1523	0.001522	-1.68871	-3.753	
1524	0.001523	-1.6326	-3.88545	
1525	0.001524	-1.60937	-3.75521	
1526	0.001525	-1.47772	-3.80778	
1527	0.001526	-1.4214	-3.96405	
1528	0.001527	-1.57948	-3.81118	
1529	0.001528	-1.85951	-3.61945	
1530	0.001529	-1.77378	-3.62949	
1531	0.00153	-1.50991	-3.87976	
1532	0.001531	-1.62247	-3.79447	
1533	0.001532	-1.79407	-3.79922	
1534	0.001533	-1.50892	-3.96766	
1535	0.001534	-1.31624	-4.06944	
1536	0.001535	-1.60081	-3.89771	
1537	0.001536	-1.70413	-3.77689	
1538	0.001537	-1.47068	-4.0295	
1539	0.001538	-1.48413	-4.00605	
1540	0.001539	-1.69761	-3.82825	
1541	0.00154	-1.56815	-4.03782	
1542	0.001541	-1.76086	-3.78087	
1543	0.001542	-1.66421	-3.86225	
1544	0.001543	-1.56408	-4.01346	
1545	0.001544	-1.44665	-4.09955	
1546	0.001545	-1.62461	-3.97429	
1547	0.001546	-1.76062	-3.94501	
1548	0.001547	-1.81128	-3.91492	
1549	0.001548	-1.64844	-4.07029	
1550	0.001549	-1.81518	-3.91493	
1551	0.00155	-1.65547	-4.11859	
1552	0.001551	-1.47333	-4.09039	
1553	0.001552	-1.64396	-3.97886	
1554	0.001553	-1.49563	-4.13778	
1555	0.001554	-1.70552	-3.94922	
1556	0.001555	-1.39657	-4.16694	
1557	0.001556	-1.64625	-3.87169	
1558	0.001557	-1.69037	-3.91213	
1559	0.001558	-1.64073	-4.09358	
1560	0.001559	-1.48209	-4.06834	
1561	0.00156	-1.73873	-3.97189	
1562	0.001561	-1.54632	-4.22458	
1563	0.001562	-1.45043	-4.20095	
1564	0.001563	-1.70064	-4.03142	
1565	0.001564	-1.62706	-4.09503	
1566	0.001565	-1.52391	-4.23153	
1567	0.001566	-1.62886	-4.2338	
1568	0.001567	-1.63773	-4.26881	
1569	0.001568	-1.42403	-4.4706	
1570	0.001569	-1.5579	-4.51491	
1571	0.00157	-1.509	-4.45402	
1572	0.001571	-1.80192	-4.12867	
1573	0.001572	-1.65418	-4.23756	
1574	0.001573	-1.62706	-4.34519	
1575	0.001574	-1.74187	-4.27768	
1576	0.001575	-1.5505	-4.44307	
1577	0.001576	-1.76712	-4.2559	
1578	0.001577	-1.86114	-4.46081	
1579	0.001578	-1.79291	-4.50561	
1580	0.001579	-1.67689	-4.68963	
1581	0.00158	-1.89342	-4.39043	
1582	0.001581	-1.63283	-4.69945	
1583	0.001582	-1.75387	-4.47946	
1584	0.001583	-1.7869	-4.43097	
1585	0.001584	-1.84374	-4.19029	
1586	0.001585	-1.71148	-4.42051	
1587	0.001586	-1.49121	-4.59027	
1588	0.001587	-1.83239	-4.39437	
1589	0.001588	-1.8333	-4.29709	
1590	0.001589	-1.62351	-4.51653	
1591	0.00159	-1.83011	-4.53479	
1592	0.001591	-1.67743	-4.60757	
1593	0.001592	-1.9204	-4.48101	
1594	0.001593	-1.64868	-4.69884	
1595	0.001594	-1.85545	-4.49466	
1596	0.001595	-1.74437	-4.71256	
1597	0.001596	-1.63772	-4.77138	
1598	0.001597	-1.71577	-4.72923	
1599	0.001598	-1.62329	-4.77442	
1600	0.001599	-1.60976	-4.75932	
1601	0.0016	-1.58746	-4.83169	
1602	0.001601	-1.75928	-4.73386	
1603	0.001602	-1.60328	-4.71255	
1604	0.001603	-1.8954	-4.51418	
1605	0.001604	-2.00916	-4.46521	
1606	0.001605	-1.72827	-4.88052	
1607	0.001606	-1.69319	-4.81423	
1608	0.001607	-1.54842	-4.94626	
1609	0.001608	-1.65255	-4.75709	
1610	0.001609	-1.7558	-4.71114	
1611	0.00161	-1.92863	-4.52789	
1612	0.001611	-1.69226	-4.69482	
1613	0.001612	-1.58636	-4.67205	
1614	0.001613	-1.7623	-4.55748	
1615	0.001614	-1.6706	-4.6249	
1616	0.001615	-1.84735	-4.52691	
1617	0.001616	-1.77629	-4.6843	
1618	0.001617	-1.85825	-4.55001	
1619	0.001618	-1.84406	-4.7127	
1620	0.001619	-1.94002	-4.7081	
1621	0.00162	-1.64015	-5.0309	
1622	0.001621	-1.91743	-4.85292	
1623	0.001622	-1.95301	-4.73366	
1624	0.001623	-1.80258	-4.86776	
1625	0.001624	-1.73821	-4.76539	
1626	0.001625	-2.06989	-4.76941	
1627	0.001626	-2.03331	-4.78283	
1628	0.001627	-1.69835	-5.02406	
1629	0.001628	-2.00016	-4.73719	
1630	0.001629	-1.98834	-4.50804	
1631	0.00163	-1.99945	-4.57467	
1632	0.001631	-2.03564	-4.6737	
1633	0.001632	-1.92617	-4.87948	
1634	0.001633	-1.81508	-4.89862	
1635	0.001634	-2.08877	-4.84274	
1636	0.001635	-1.88111	-4.91802	
1637	0.001636	-1.65703	-4.94134	
1638	0.001637	-1.80715	-4.7612	
1639	0.001638	-1.82582	-4.68527	
1640	0.001639	-1.68541	-4.69334	
1641	0.00164	-2.02003	-4.55218	
1642	0.001641	-1.83765	-4.66615	
1643	0.001642	-2.01297	-4.48496	
1644	0.001643	-2.13912	-4.39215	
1645	0.001644	-1.80697	-4.80555	
1646	0.001645	-1.74529	-4.84401	
1647	0.001646	-1.84526	-4.69434	
1648	0.001647	-2.08918	-4.53288	
1649	0.001648	-1.87206	-4.75864	
1650	0.001649	-1.63241	-4.93058	
1651	0.00165	-2.08123	-4.53062	
1652	0.001651	-2.13724	-4.38905	
1653	0.001652	-1.7618	-4.74559	
1654	0.001653	-1.97193	-4.54056	
1655	0.001654	-2.10809	-4.44141	
1656	0.001655	-1.70485	-4.87244	
1657	0.001656	-2.02341	-4.6223	
1658	0.001657	-1.81557	-4.85272	
1659	0.001658	-1.77446	-4.77443	
1660	0.001659	-1.9374	-4.86899	
1661	0.00166	-1.91122	-4.99427	
1662	0.001661	-1.79962	-4.93171	
1663	0.001662	-1.9264	-4.72856	
1664	0.001663	-2.1634	-4.94669	
1665	0.001664	-1.97079	-5.22074	
1666	0.001665	-2.13344	-4.96379	
1667	0.001666	-2.05095	-4.97718	
1668	0.001667	-2.24639	-4.74332	
1669	0.001668	-2.26707	-4.70388	
1670	0.001669	-2.10493	-4.92956	
1671	0.00167	-2.18167	-4.75554	
1672	0.001671	-2.12469	-4.70384	
1673	0.001672	-2.36568	-4.52164	
1674	0.001673	-1.92703	-4.96974	
1675	0.001674	-1.94592	-4.95134	
1676	0.001675	-1.68649	-5.09213	
1677	0.001676	-1.99059	-4.73827	
1678	0.001677	-2.09555	-4.65009	
1679	0.001678	-1.98324	-4.67062	
1680	0.001679	-1.85276	-4.87384	
1681	0.00168	-1.84022	-4.9401	
1682	0.001681	-1.92286	-4.82412	
1683	0.001682	-1.65078	-4.87784	
1684	0.001683	-1.74814	-4.83686	
1685	0.001684	-1.8173	-4.744	
1686	0.001685	-1.72962	-4.81414	
1687	0.001686	-1.87619	-4.68211	
1688	0.001687	-1.86977	-4.7254	
1689	0.001688	-2.04198	-4.74142	
1690	0.001689	-1.82226	-4.97811	
1691	0.00169	-2.11326	-4.92213	
1692	0.001691	-2.07432	-4.98982	
1693	0.001692	-2.01157	-5.0078	
1694	0.001693	-2.00237	-4.94135	
1695	0.001694	-1.90298	-5.05298	
1696	0.001695	-1.99314	-4.88971	
1697	0.001696	-1.87298	-4.79744	
1698	0.001697	-1.94721	-4.84003	
1699	0.001698	-1.9707	-4.88588	
1700	0.001699	-2.15619	-4.66115	
1701	0.0017	-1.71202	-4.92564	
1702	0.001701	-1.96063	-4.66124	
1703	0.001702	-1.69647	-4.89378	
1704	0.001703	-1.92639	-4.66919	
1705	0.001704	-2.00093	-4.53618	
1706	0.001705	-1.93792	-4.6909	
1707	0.001706	-1.9451	-4.68566	
1708	0.001707	-2.00837	-4.60686	
1709	0.001708	-1.75879	-4.82304	
1710	0.001709	-1.93455	-4.74874	
1711	0.00171	-1.86594	-4.65679	
1712	0.001711	-1.91833	-4.64632	
1713	0.001712	-1.73593	-4.75827	
1714	0.001713	-1.63736	-4.70926	
1715	0.001714	-1.68915	-4.63776	
1716	0.001715	-1.92028	-4.36389	
1717	0.001716	-1.78572	-4.49168	
1718	0.001717	-1.73858	-4.57951	
1719	0.001718	-1.73436	-4.62236	
1720	0.001719	-2.026	-4.38241	
1721	0.00172	-2.08814	-4.36736	
1722	0.001721	-1.85014	-4.69249	
1723	0.001722	-1.90099	-4.66983	
1724	0.001723	-1.84858	-4.83829	
1725	0.001724	-1.74208	-4.8757	
1726	0.001725	-1.78815	-4.77179	
1727	0.001726	-1.98322	-4.63871	
1728	0.001727	-1.68252	-4.88459	
1729	0.001728	-1.95199	-4.67548	
1730	0.001729	-1.83826	-4.70254	
1731	0.00173	-2.01357	-4.6569	
1732	0.001731	-2.09299	-4.48788	
1733	0.001732	-1.95709	-4.60909	
1734	0.001733	-1.93015	-4.71386	
1735	0.001734	-1.70383	-4.75403	
1736	0.001735	-1.8259	-4.60946	
1737	0.001736	-1.89419	-4.56715	
1738	0.001737	-1.8616	-4.53286	
1739	0.001738	-1.71845	-4.62599	
1740	0.001739	-1.76416	-4.57387	
1741	0.00174	-2.21113	-4.2687	
1742	0.001741	-1.89762	-4.52865	
1743	0.001742	-1.82412	-4.66145	
1744	0.001743	-1.77909	-4.61757	
1745	0.001744	-1.67907	-4.63996	
1746	0.001745	-1.92167	-4.45116	
1747	0.001746	-1.74214	-4.561	
1748	0.001747	-1.64279	-4.59686	
1749	0.001748	-1.97695	-4.35611	
1750	0.001749	-2.23032	-4.192	
1751	0.00175	-2.10401	-4.33263	
1752	0.001751	-2.07638	-4.3242	
1753	0.001752	-2.28903	-4.05411	
1754	0.001753	-2.27126	-4.3883	
1755	0.001754	-2.17757	-4.38052	
1756	0.001755	-2.0895	-4.45054	
1757	0.001756	-2.18341	-4.38319	
1758	0.001757	-2.00139	-4.49795	
1759	0.001758	-2.01203	-4.37078	
1760	0.001759	-2.20423	-4.23902	
1761	0.00176	-2.04114	-4.44837	
1762	0.001761	-1.66851	-4.72392	
1763	0.001762	-1.80335	-4.6005	
1764	0.001763	-1.89826	-4.54321	
1765	0.001764	-1.99074	-4.45813	
1766	0.001765	-1.81984	-4.58389	
1767	0.001766	-2.12785	-4.43164	
1768	0.001767	-1.96787	-4.48358	
1769	0.001768	-1.87546	-4.51502	
1770	0.001769	-1.91532	-4.46668	
1771	0.00177	-1.62197	-4.74667	
1772	0.001771	-1.67419	-4.55764	
1773	0.001772	-1.70225	-4.51722	
1774	0.001773	-1.72971	-4.4647	
1775	0.001774	-1.89942	-4.38007	
1776	0.001775	-1.8523	-4.4473	
1777	0.001776	-1.61953	-4.61943	
1778	0.001777	-1.93903	-4.35739	
1779	0.001778	-2.00128	-4.2825	
1780	0.001779	-1.98229	-4.26715	
1781	0.00178	-1.96042	-4.27062	
1782	0.001781	-1.98268	-4.26217	
1783	0.001782	-2.34011	-4.0675	
1784	0.001783	-2.10207	-4.59983	
1785	0.001784	-2.07298	-4.69049	
1786	0.001785	-2.07148	-4.63322	
1787	0.001786	-1.99111	-4.78825	
1788	0.001787	-1.90726	-4.56568	
1789	0.001788	-2.5123	-4.09017	
1790	0.001789	-2.17577	-4.4493	
1791	0.00179	-2.05317	-4.44123	
1792	0.001791	-1.95034	-4.35046	
1793	0.001792	-2.39857	-4.16269	
1794	0.001793	-1.89238	-4.54268	
1795	0.001794	-1.73881	-4.61068	
1796	0.001795	-2.04362	-4.25241	
1797	0.001796	-2.36048	-4.10463	
1798	0.001797	-1.99744	-4.4337	
1799	0.001798	-1.88206	-4.39471	
1800	0.001799	-1.79253	-4.40131	
1801	0.0018	-1.77289	-4.33481	
1802	0.001801	-1.72387	-4.28231	
1803	0.001802	-1.6582	-4.32745	
1804	0.001803	-1.7255	-4.12886	
1805	0.001804	-2.07005	-3.87993	
1806	0.001805	-2.01776	-4.01439	
1807	0.001806	-2.0669	-3.97417	
1808	0.001807	-1.83543	-4.19055	
1809	0.001808	-2.21672	-3.93414	
1810	0.001809	-2.11164	-4.28784	
1811	0.00181	-1.93683	-4.29148	
1812	0.001811	-1.72889	-4.37312	
1813	0.001812	-2.11656	-4.02907	
1814	0.001813	-1.88936	-4.19058	
1815	0.001814	-1.7801	-4.14713	
1816	0.001815	-1.79473	-4.11693	
1817	0.001816	-1.65101	-4.17845	
1818	0.001817	-1.5299	-4.2186	
1819	0.001818	-1.7204	-4.14622	
1820	0.001819	-1.90943	-3.96209	
1821	0.00182	-1.77712	-4.02962	
1822	0.001821	-1.75323	-4.01426	
1823	0.001822	-1.81049	-4.19066	
1824	0.001823	-1.66438	-4.17847	
1825	0.001824	-1.72237	-4.19751	
1826	0.001825	-1.63842	-4.30737	
1827	0.001826	-1.56176	-4.21956	
1828	0.001827	-1.55911	-4.34587	
1829	0.001828	-1.41953	-4.40375	
1830	0.001829	-1.74643	-3.92845	
1831	0.00183	-1.53589	-4.01091	
1832	0.001831	-1.70306	-3.78969	
1833	0.001832	-1.56445	-4.1029	
1834	0.001833	-1.63425	-4.0315	
1835	0.001834	-1.62872	-3.95526	
1836	0.001835	-1.62215	-3.96272	
1837	0.001836	-1.60496	-3.94019	
1838	0.001837	-1.68295	-3.82064	
1839	0.001838	-1.84619	-3.67587	
1840	0.001839	-1.49252	-3.92428	
1841	0.00184	-1.72566	-3.72207	
1842	0.001841	-1.70557	-3.71939	
1843	0.001842	-1.83171	-3.60379	
1844	0.001843	-1.96919	-3.53544	
1845	0.001844	-1.6571	-3.97092	
1846	0.001845	-1.67002	-3.94334	
1847	0.001846	-1.75424	-3.80545	
1848	0.001847	-1.65761	-3.86387	
1849	0.001848	-1.88754	-3.56429	
1850	0.001849	-1.99082	-3.52659	
1851	0.00185	-1.9449	-3.61399	
1852	0.001851	-1.7402	-3.64611	
1853	0.001852	-1.69924	-3.6339	
1854	0.001853	-1.86305	-3.45824	
1855	0.001854	-1.72435	-3.65666	
1856	0.001855	-1.9747	-3.39855	
1857	0.001856	-1.64656	-3.683	
1858	0.001857	-1.5733	-3.73733	
1859	0.001858	-1.66585	-3.67552	
1860	0.001859	-1.69988	-3.63424	
1861	0.00186	-1.66448	-3.63667	
1862	0.001861	-1.54462	-3.66261	
1863	0.001862	-1.442	-3.69417	
1864	0.001863	-1.59652	-3.47278	
1865	0.001864	-1.68248	-3.3917	
1866	0.001865	-1.70289	-3.37251	
1867	0.001866	-1.72825	-3.43406	
1868	0.001867	-1.42496	-3.70048	
1869	0.001868	-1.59096	-3.52315	
1870	0.001869	-1.98557	-3.19324	
1871	0.00187	-1.79266	-3.35331	
1872	0.001871	-1.7988	-3.35433	
1873	0.001872	-1.68466	-3.456	
1874	0.001873	-1.90042	-3.20235	
1875	0.001874	-1.87567	-3.44017	
1876	0.001875	-1.72724	-3.45978	
1877	0.001876	-2.1239	-3.63023	
1878	0.001877	-1.84675	-3.56039	
1879	0.001878	-2.22769	-3.54279	
1880	0.001879	-2.14471	-3.71877	
1881	0.00188	-1.74203	-4.0262	
1882	0.001881	-1.82678	-3.87061	
1883	0.001882	-1.73898	-3.89708	
1884	0.001883	-1.85015	-3.61946	
1885	0.001884	-1.80055	-3.59448	
1886	0.001885	-1.93724	-3.5179	
1887	0.001886	-1.63873	-3.73396	
1888	0.001887	-1.79559	-3.68528	
1889	0.001888	-1.93131	-3.50844	
1890	0.001889	-2.13979	-3.39022	
1891	0.00189	-1.9529	-3.61366	
1892	0.001891	-1.91323	-3.58718	
1893	0.001892	-2.11407	-3.43038	
1894	0.001893	-1.71957	-3.68038	
1895	0.001894	-1.78055	-3.6016	
1896	0.001895	-1.81087	-3.52783	
1897	0.001896	-1.77537	-3.58031	
1898	0.001897	-1.56561	-3.67448	
1899	0.001898	-1.65512	-3.62742	
1900	0.001899	-1.59033	-3.54185	
1901	0.0019	-1.71989	-3.33797	
1902	0.001901	-1.71363	-3.26837	
1903	0.001902	-1.90565	-3.15447	
1904	0.001903	-1.77489	-3.15798	
1905	0.001904	-1.86722	-3.04393	
1906	0.001905	-2.31857	-2.67204	
1907	0.001906	-1.72738	-3.26699	
1908	0.001907	-1.90098	-3.1026	
1909	0.001908	-2.00071	-2.86415	
1910	0.001909	-1.60937	-3.28166	
1911	0.00191	-1.94247	-2.97995	
1912	0.001911	-1.48857	-3.3037	
1913	0.001912	-2.07211	-2.94521	
1914	0.001913	-1.6261	-3.27487	
1915	0.001914	-1.85831	-3.05453	
1916	0.001915	-1.69796	-3.22369	
1917	0.001916	-1.83019	-3.2014	
1918	0.001917	-1.68124	-3.30667	
1919	0.001918	-1.69086	-3.26342	
1920	0.001919	-1.76763	-3.02302	
1921	0.00192	-1.85526	-3.18664	
1922	0.001921	-1.45653	-3.55616	
1923	0.001922	-1.58627	-3.23959	
1924	0.001923	-1.8219	-2.93224	
1925	0.001924	-1.7956	-2.93461	
1926	0.001925	-1.52661	-3.11934	
1927	0.001926	-1.51914	-3.00061	
1928	0.001927	-1.48426	-2.93742	
1929	0.001928	-1.35043	-2.98645	
1930	0.001929	-1.45087	-2.90973	
1931	0.00193	-1.29567	-3.06832	
1932	0.001931	-1.50425	-2.74892	
1933	0.001932	-1.28626	-3.0802	
1934	0.001933	-1.47349	-3.03313	
1935	0.001934	-1.52865	-2.85246	
1936	0.001935	-1.36244	-2.85498	
1937	0.001936	-1.53032	-2.68661	
1938	0.001937	-1.27545	-2.86438	
1939	0.001938	-1.33272	-2.69166	
1940	0.001939	-1.30664	-2.6783	
1941	0.00194	-1.42403	-2.7273	
1942	0.001941	-1.18826	-2.77835	
1943	0.001942	-1.35128	-2.57669	
1944	0.001943	-1.57928	-2.27643	
1945	0.001944	-1.64807	-2.33117	
1946	0.001945	-1.39513	-2.68352	
1947	0.001946	-1.4773	-2.51111	
1948	0.001947	-1.27865	-2.65533	
1949	0.001948	-1.25298	-2.63273	
1950	0.001949	-1.24377	-2.58055	
1951	0.00195	-1.12555	-2.63267	
1952	0.001951	-1.25069	-2.47565	
1953	0.001952	-1.26454	-2.43546	
1954	0.001953	-1.14304	-2.51494	
1955	0.001954	-1.10293	-2.58617	
1956	0.001955	-1.45773	-2.21412	
1957	0.001956	-1.28034	-2.41948	
1958	0.001957	-1.20202	-2.44841	
1959	0.001958	-1.21312	-2.40044	
1960	0.001959	-1.85648	-1.74311	
1961	0.00196	-1.46297	-2.18968	
1962	0.001961	-1.71017	-1.95142	
1963	0.001962	-1.57366	-2.07747	
1964	0.001963	-1.56745	-1.95199	
1965	0.001964	-1.22115	-2.22625	
1966	0.001965	-1.28102	-2.13655	
1967	0.001966	-1.57359	-1.79833	
1968	0.001967	-1.41817	-2.14633	
1969	0.001968	-1.23933	-2.23072	
1970	0.001969	-1.09616	-2.24102	
1971	0.00197	-1.41809	-1.90494	
1972	0.001971	-1.14303	-2.12832	
1973	0.001972	-1.28134	-1.98243	
1974	0.001973	-1.99783	-1.60037	
1975	0.001974	-1.30063	-2.3485	
1976	0.001975	-1.17276	-2.32355	
1977	0.001976	-1.19156	-2.18445	
1978	0.001977	-1.23715	-1.9441	
1979	0.001978	-1.53679	-1.57624	
1980	0.001979	-1.48246	-1.82215	
1981	0.00198	-1.11685	-2.10797	
1982	0.001981	-1.40251	-1.90036	
1983	0.001982	-1.4677	-1.93886	
1984	0.001983	-1.33562	-2.31731	
1985	0.001984	-1.29264	-2.18051	
1986	0.001985	-1.57585	-2.10542	
1987	0.001986	-1.36285	-2.30164	
1988	0.001987	-1.41549	-2.12765	
1989	0.001988	-1.34384	-2.16416	
1990	0.001989	-1.3443	-2.13828	
1991	0.00199	-1.17964	-2.24149	
1992	0.001991	-1.00098	-2.33575	
1993	0.001992	-0.943337	-2.31814	
1994	0.001993	-1.18598	-2.0309	
1995	0.001994	-0.916149	-2.21651	
1996	0.001995	-1.24319	-1.94555	
1997	0.001996	-0.998189	-1.95542	
1998	0.001997	-0.937521	-1.93911	
1999	0.001998	-1.13783	-1.80869	
2000	0.001999	-1.40936	-1.47058	
2001	0.002	-1.68008	-1.31539	
2002	0.002001	-1.46288	-1.72764	
2003	0.002002	-1.51465	-1.73338	
2004	0.002003	-1.43939	-1.88786	
2005	0.002004	-1.53856	-1.69127	
2006	0.002005	-1.27426	-1.92155	
2007	0.002006	-1.1252	-1.97776	
2008	0.002007	-1.07878	-1.97005	
2009	0.002008	-1.36123	-1.72448	
2010	0.002009	-1.26712	-1.89306	
2011	0.00201	-1.21677	-1.92785	
2012	0.002011	-1.30193	-1.81736	
2013	0.002012	-1.12375	-1.97534	
2014	0.002013	-1.74388	-1.57524	
2015	0.002014	-1.22367	-2.10548	
2016	0.002015	-1.33559	-1.95425	
2017	0.002016	-1.3066	-1.89543	
2018	0.002017	-1.34083	-1.90099	
2019	0.002018	-1.24167	-1.97781	
2020	0.002019	-1.34415	-1.89666	
2021	0.00202	-1.33395	-1.81426	
2022	0.002021	-1.04021	-2.12733	
2023	0.002022	-1.04821	-2.1148	
2024	0.002023	-1.23381	-1.99848	
2025	0.002024	-1.29001	-1.92378	
2026	0.002025	-1.42702	-1.82866	
2027	0.002026	-1.16554	-2.05917	
2028	0.002027	-0.971665	-2.22945	
2029	0.002028	-1.0041	-2.17047	
2030	0.002029	-0.980595	-2.2519	
2031	0.00203	-1.09838	-2.12706	
2032	0.002031	-1.33806	-1.93528	
2033	0.002032	-1.17768	-2.01935	
2034	0.002033	-1.14741	-2.01033	
2035	0.002034	-1.28043	-1.91112	
2036	0.002035	-1.28629	-1.88515	
2037	0.002036	-1.25839	-1.85785	
2038	0.002037	-1.21936	-2.03634	
2039	0.002038	-1.62555	-1.70874	
2040	0.002039	-1.05861	-2.29271	
2041	0.00204	-1.23963	-2.06656	
2042	0.002041	-1.401	-1.81581	
2043	0.002042	-1.53051	-1.71578	
2044	0.002043	-0.966752	-2.20811	
2045	0.002044	-1.27574	-1.85444	
2046	0.002045	-1.12495	-1.94833	
2047	0.002046	-1.48556	-1.63505	
2048	0.002047	-1.52395	-1.58048	
2049	0.002048	-1.07456	-1.96429	
2050	0.002049	-1.29	-1.75648	
2051	0.00205	-2.03491	-1.15187	
2052	0.002051	-1.55991	-1.68394	
2053	0.002052	-1.01709	-2.10543	
2054	0.002053	-1.26002	-1.88868	
2055	0.002054	-1.65329	-1.52979	
2056	0.002055	-2.16876	-1.19928	
2057	0.002056	-1.45277	-2.05005	
2058	0.002057	-1.53662	-1.86729	
2059	0.002058	-1.48253	-1.92153	
2060	0.002059	-1.6192	-1.76758	
2061	0.00206	-1.50154	-1.91074	
2062	0.002061	-1.72935	-1.78239	
2063	0.002062	-1.60617	-2.0161	
2064	0.002063	-1.61086	-2.02087	
2065	0.002064	-1.22921	-2.36549	
2066	0.002065	-1.48008	-2.0564	
2067	0.002066	-1.46144	-2.07737	
2068	0.002067	-1.26708	-2.21804	
2069	0.002068	-1.26167	-2.25466	
2070	0.002069	-1.29476	-2.22979	
2071	0.00207	-1.57401	-2.02061	
2072	0.002071	-1.1615	-2.3389	
2073	0.002072	-1.30767	-2.08445	
2074	0.002073	-1.86145	-1.65554	
2075	0.002074	-1.37575	-2.10852	
2076	0.002075	-1.57474	-2.07457	
2077	0.002076	-1.29522	-2.26986	
2078	0.002077	-1.41261	-2.16329	
2079	0.002078	-1.5531	-2.07387	
2080	0.002079	-1.41721	-2.1729	
2081	0.00208	-1.22889	-2.3673	
2082	0.002081	-1.15547	-2.45594	
2083	0.002082	-1.47546	-2.19212	
2084	0.002083	-1.22453	-2.40864	
2085	0.002084	-1.07189	-2.50706	
2086	0.002085	-1.41288	-2.21363	
2087	0.002086	-1.6281	-2.07223	
2088	0.002087	-1.56087	-2.17281	
2089	0.002088	-1.29686	-2.44781	
2090	0.002089	-1.2226	-2.49432	
2091	0.00209	-1.52114	-2.14974	
2092	0.002091	-1.43822	-2.32816	
2093	0.002092	-1.61318	-2.15862	
2094	0.002093	-1.44503	-2.33065	
2095	0.002094	-1.27424	-2.58635	
2096	0.002095	-1.29649	-2.53764	
2097	0.002096	-1.58814	-2.26843	
2098	0.002097	-1.43956	-2.43836	
2099	0.002098	-1.26594	-2.55133	
2100	0.002099	-1.61907	-2.22989	
2101	0.0021	-1.37569	-2.5428	
2102	0.002101	-1.60724	-2.40473	
2103	0.002102	-1.61668	-2.43794	
2104	0.002103	-1.53157	-2.45491	
2105	0.002104	-1.26841	-2.68747	
2106	0.002105	-1.66723	-2.24458	
2107	0.002106	-1.39279	-2.55752	
2108	0.002107	-1.36928	-2.53548	
2109	0.002108	-1.52486	-2.38157	
2110	0.002109	-1.37187	-2.49912	
2111	0.00211	-1.26796	-2.54946	
2112	0.002111	-1.12142	-2.59792	
2113	0.002112	-1.34192	-2.37775	
2114	0.002113	-1.30329	-2.41255	
2115	0.002114	-1.31205	-2.43454	
2116	0.002115	-1.38811	-2.38207	
2117	0.002116	-1.28056	-2.4732	
2118	0.002117	-1.05315	-2.66	
2119	0.002118	-1.68026	-2.19386	
2120	0.002119	-1.62829	-2.20442	
2121	0.00212	-1.37779	-2.4665	
2122	0.002121	-1.2953	-2.53583	
2123	0.002122	-1.29602	-2.47848	
2124	0.002123	-1.16726	-2.57487	
2125	0.002124	-1.31821	-2.63207	
2126	0.002125	-1.43168	-2.47	
2127	0.002126	-1.53528	-2.42243	
2128	0.002127	-1.42061	-2.51426	
2129	0.002128	-1.74227	-2.22849	
2130	0.002129	-1.30352	-2.65525	
2131	0.00213	-1.37179	-2.65123	
2132	0.002131	-1.3763	-2.84654	
2133	0.002132	-1.29667	-2.96564	
2134	0.002133	-1.40543	-2.75646	
2135	0.002134	-1.12809	-2.93322	
2136	0.002135	-1.27272	-2.78093	
2137	0.002136	-1.25382	-2.63734	
2138	0.002137	-1.38472	-2.50036	
2139	0.002138	-1.50095	-2.50229	
2140	0.002139	-1.33722	-2.65013	
2141	0.00214	-1.52478	-2.59415	
2142	0.002141	-1.70014	-2.4641	
2143	0.002142	-1.84514	-2.57005	
2144	0.002143	-1.46897	-2.94131	
2145	0.002144	-1.23617	-3.06271	
2146	0.002145	-1.20102	-3.05839	
2147	0.002146	-1.08284	-3.06091	
2148	0.002147	-1.2614	-2.84331	
2149	0.002148	-1.27563	-2.81647	
2150	0.002149	-1.26714	-2.85382	
2151	0.00215	-1.60537	-2.56831	
2152	0.002151	-1.27925	-2.83338	
2153	0.002152	-1.60051	-2.53657	
2154	0.002153	-1.40718	-2.80436	
2155	0.002154	-1.43304	-2.74129	
2156	0.002155	-1.39715	-2.70185	
2157	0.002156	-1.29434	-2.77741	
2158	0.002157	-1.38378	-2.70401	
2159	0.002158	-1.33008	-2.84287	
2160	0.002159	-1.31749	-2.87899	
2161	0.00216	-1.54273	-2.71181	
2162	0.002161	-1.63652	-2.52474	
2163	0.002162	-1.22226	-2.92478	
2164	0.002163	-1.55341	-2.64251	
2165	0.002164	-1.59062	-2.57256	
2166	0.002165	-1.58494	-2.57829	
2167	0.002166	-1.32434	-2.74193	
2168	0.002167	-1.34663	-2.75779	
2169	0.002168	-1.80377	-2.47693	
2170	0.002169	-1.38221	-2.93629	
2171	0.00217	-1.46895	-2.9017	
2172	0.002171	-1.56201	-2.76848	
2173	0.002172	-1.49557	-2.87597	
2174	0.002173	-1.56455	-2.79499	
2175	0.002174	-1.48692	-2.75278	
2176	0.002175	-1.56634	-2.68485	
2177	0.002176	-1.41635	-2.84076	
2178	0.002177	-1.45814	-2.79605	
2179	0.002178	-1.56153	-2.82187	
2180	0.002179	-1.72837	-2.71861	
2181	0.00218	-1.49892	-2.92234	
2182	0.002181	-1.49736	-2.76213	
2183	0.002182	-1.34661	-2.95185	
2184	0.002183	-1.35193	-2.96438	
2185	0.002184	-1.33327	-2.96425	
2186	0.002185	-1.16788	-3.10082	
2187	0.002186	-1.58049	-2.76095	
2188	0.002187	-1.44288	-2.93632	
2189	0.002188	-1.49523	-3.06262	
2190	0.002189	-1.43369	-3.04768	
2191	0.00219	-1.49465	-2.95856	
2192	0.002191	-1.30219	-3.19717	
2193	0.002192	-1.13379	-3.25483	
2194	0.002193	-1.23633	-3.13177	
2195	0.002194	-1.45245	-3.01637	
2196	0.002195	-1.39167	-2.99406	
2197	0.002196	-1.47599	-2.95038	
2198	0.002197	-1.18623	-3.11427	
2199	0.002198	-1.41578	-2.92186	
2200	0.002199	-1.55087	-2.85243	
2201	0.0022	-1.49425	-2.92122	
2202	0.002201	-1.42352	-2.96803	
2203	0.002202	-1.39062	-3.09165	
2204	0.002203	-1.69904	-2.89653	
2205	0.002204	-1.48529	-3.27636	
2206	0.002205	-1.69278	-3.18815	
2207	0.002206	-1.49088	-3.29408	
2208	0.002207	-1.31397	-3.44586	
2209	0.002208	-1.62054	-3.21179	
2210	0.002209	-1.63848	-3.28675	
2211	0.00221	-1.41149	-3.47866	
2212	0.002211	-1.54013	-3.40696	
2213	0.002212	-1.3766	-3.47987	
2214	0.002213	-1.61783	-3.39237	
2215	0.002214	-1.21304	-3.60918	
2216	0.002215	-1.7314	-3.11674	
2217	0.002216	-1.42421	-3.45983	
2218	0.002217	-1.58341	-3.29321	
2219	0.002218	-1.54051	-3.39835	
2220	0.002219	-1.54907	-3.39567	
2221	0.00222	-1.43398	-3.33013	
2222	0.002221	-1.49996	-3.27035	
2223	0.002222	-1.29084	-3.6192	
2224	0.002223	-1.40058	-3.49788	
2225	0.002224	-1.4088	-3.41811	
2226	0.002225	-1.36752	-3.33172	
