CompteurTemps	Temps	Cx0	Cy0	
1	0	-229.817	61.071	
2	1e-06	-78.129	-20.7031	
3	2e-06	-26.0673	-63.8945	
4	3e-06	-20.3405	-58.5101	
5	4e-06	-17.2954	-51.7277	
6	5e-06	-14.7789	-45.5617	
7	6e-06	-13.4601	-40.2413	
8	7e-06	-12.3348	-35.7637	
9	8e-06	-10.4646	-31.692	
10	9e-06	-9.76309	-27.8245	
11	1e-05	-8.55222	-25.3711	
12	1.1e-05	-7.8662	-22.667	
13	1.2e-05	-6.89884	-20.8214	
14	1.3e-05	-6.36784	-18.8384	
15	1.4e-05	-5.80622	-16.967	
16	1.5e-05	-5.23569	-15.3681	
17	1.6e-05	-4.77102	-13.9193	
18	1.7e-05	-4.72147	-12.5525	
19	1.8e-05	-4.31896	-11.5767	
20	1.9e-05	-3.77456	-10.6791	
21	2e-05	-3.68292	-9.66238	
22	2.1e-05	-4.08567	-8.51639	
23	2.2e-05	-3.66823	-8.13416	
24	2.3e-05	-3.16661	-7.74787	
25	2.4e-05	-2.98124	-7.15255	
26	2.5e-05	-3.07317	-6.54866	
27	2.6e-05	-2.82462	-6.38509	
28	2.7e-05	-3.18957	-5.71888	
29	2.8e-05	-2.60218	-5.73332	
30	2.9e-05	-2.33597	-5.52241	
31	3e-05	-2.51791	-5.0192	
32	3.1e-05	-2.42066	-4.73449	
33	3.2e-05	-2.22598	-4.68303	
34	3.3e-05	-2.26868	-4.41971	
35	3.4e-05	-2.00013	-4.42913	
36	3.5e-05	-2.49021	-3.79921	
37	3.6e-05	-2.32962	-3.88685	
38	3.7e-05	-2.39978	-3.60905	
39	3.8e-05	-2.02051	-3.82639	
40	3.9e-05	-2.02367	-3.75266	
41	4e-05	-2.1518	-3.65824	
42	4.1e-05	-2.15954	-3.56309	
43	4.2e-05	-2.1662	-3.41058	
44	4.3e-05	-2.09205	-3.40344	
45	4.4e-05	-1.91553	-3.53189	
46	4.5e-05	-1.62315	-3.6184	
47	4.6e-05	-1.81616	-3.2689	
48	4.7e-05	-1.95544	-3.0731	
49	4.8e-05	-1.68218	-3.29918	
50	4.9e-05	-1.83085	-3.19269	
51	5e-05	-2.04847	-2.96422	
52	5.1e-05	-1.66248	-3.16475	
53	5.2e-05	-1.65032	-3.14243	
54	5.3e-05	-1.75949	-3.09421	
55	5.4e-05	-1.9595	-2.8928	
56	5.5e-05	-2.18274	-2.75287	
57	5.6e-05	-2.16617	-2.81667	
58	5.7e-05	-1.86579	-2.98377	
59	5.8e-05	-2.02815	-2.89846	
60	5.9e-05	-1.77555	-3.00833	
61	6e-05	-1.48299	-3.22997	
62	6.1e-05	-1.82096	-2.98196	
63	6.2e-05	-1.51501	-3.16208	
64	6.3e-05	-1.59129	-3.04201	
65	6.4e-05	-1.66442	-3.04981	
66	6.5e-05	-1.48376	-3.14543	
67	6.6e-05	-1.41389	-3.1618	
68	6.7e-05	-1.33418	-3.08816	
69	6.8e-05	-1.7694	-2.73173	
70	6.9e-05	-1.79061	-2.64371	
71	7e-05	-1.93087	-2.77057	
72	7.1e-05	-1.77182	-2.91071	
73	7.2e-05	-1.45444	-3.18415	
74	7.3e-05	-1.73715	-2.94655	
75	7.4e-05	-1.55661	-3.12403	
76	7.5e-05	-1.71177	-3.05134	
77	7.6e-05	-1.62097	-3.20979	
78	7.7e-05	-1.80702	-2.96164	
79	7.8e-05	-1.73617	-2.97259	
80	7.9e-05	-1.98519	-2.81926	
81	8e-05	-1.6981	-3.34549	
82	8.1e-05	-1.75566	-3.18331	
83	8.2e-05	-1.87259	-2.97976	
84	8.3e-05	-1.64445	-3.0241	
85	8.4e-05	-1.55002	-3.05817	
86	8.5e-05	-1.40104	-3.10747	
87	8.6e-05	-1.62888	-2.91681	
88	8.7e-05	-1.70542	-2.8784	
89	8.8e-05	-1.58213	-2.925	
90	8.9e-05	-1.66427	-2.89132	
91	9e-05	-1.49814	-3.00944	
92	9.1e-05	-1.63478	-3.20678	
93	9.2e-05	-1.88809	-3.1297	
94	9.3e-05	-1.81565	-3.42246	
95	9.4e-05	-1.57386	-3.52962	
96	9.5e-05	-1.62727	-3.45947	
97	9.6e-05	-1.54334	-3.51668	
98	9.7e-05	-1.77075	-3.21412	
99	9.8e-05	-1.63325	-3.32914	
100	9.9e-05	-1.75082	-3.19979	
101	0.0001	-1.54735	-3.29234	
102	0.000101	-1.49848	-3.24109	
103	0.000102	-1.47033	-3.2654	
104	0.000103	-1.53127	-3.21186	
105	0.000104	-1.53408	-3.16095	
106	0.000105	-1.47032	-3.09059	
107	0.000106	-1.44577	-3.52966	
108	0.000107	-1.45811	-3.3418	
109	0.000108	-1.4925	-3.26221	
110	0.000109	-1.37936	-3.29635	
111	0.00011	-1.37985	-3.2415	
112	0.000111	-1.84486	-2.87623	
113	0.000112	-1.52436	-3.17876	
114	0.000113	-1.414	-3.18705	
115	0.000114	-1.40225	-3.19688	
116	0.000115	-1.31717	-3.21234	
117	0.000116	-1.25648	-3.25563	
118	0.000117	-1.43817	-3.08461	
119	0.000118	-1.53539	-3.04208	
120	0.000119	-1.24901	-3.29101	
121	0.00012	-1.36378	-3.23752	
122	0.000121	-1.29721	-3.27366	
123	0.000122	-1.56915	-3.1314	
124	0.000123	-1.32018	-3.20019	
125	0.000124	-1.6787	-3.231	
126	0.000125	-1.40898	-3.26609	
127	0.000126	-1.30931	-3.3094	
128	0.000127	-1.39709	-3.17098	
129	0.000128	-1.39501	-3.09388	
130	0.000129	-1.19147	-3.2078	
131	0.00013	-1.30679	-3.06434	
132	0.000131	-1.38857	-3.02378	
133	0.000132	-1.39016	-3.08238	
134	0.000133	-1.36044	-3.16449	
135	0.000134	-1.49482	-2.99382	
136	0.000135	-1.38485	-3.0871	
137	0.000136	-1.43874	-3.12785	
138	0.000137	-1.33282	-3.17593	
139	0.000138	-1.6886	-2.80173	
140	0.000139	-1.6598	-3.10571	
141	0.00014	-1.58531	-3.2153	
142	0.000141	-1.59865	-3.22916	
143	0.000142	-1.44882	-3.31362	
144	0.000143	-1.37741	-3.29039	
145	0.000144	-1.52521	-3.05691	
146	0.000145	-1.44663	-3.17975	
147	0.000146	-1.81702	-2.9055	
148	0.000147	-1.47212	-3.23595	
149	0.000148	-1.57522	-3.21894	
150	0.000149	-1.44404	-3.27509	
151	0.00015	-1.71978	-3.15982	
152	0.000151	-1.66463	-3.32992	
153	0.000152	-1.57684	-3.17396	
154	0.000153	-1.38251	-3.21185	
155	0.000154	-1.49409	-3.20013	
156	0.000155	-1.36823	-3.24018	
157	0.000156	-1.1644	-3.4631	
158	0.000157	-1.34206	-3.30345	
159	0.000158	-1.45219	-3.2372	
160	0.000159	-1.22515	-3.44993	
161	0.00016	-1.46711	-3.20725	
162	0.000161	-1.29168	-3.39227	
163	0.000162	-1.50057	-3.1931	
164	0.000163	-1.3422	-3.34983	
165	0.000164	-1.5264	-3.1759	
166	0.000165	-1.41204	-3.3019	
167	0.000166	-1.31599	-3.35864	
168	0.000167	-1.15625	-3.47664	
169	0.000168	-1.25127	-3.4422	
170	0.000169	-1.81232	-2.94677	
171	0.00017	-1.42305	-3.31168	
172	0.000171	-1.3887	-3.37085	
173	0.000172	-1.56242	-3.23081	
174	0.000173	-1.512	-3.19904	
175	0.000174	-1.46366	-3.32614	
176	0.000175	-1.3938	-3.41144	
177	0.000176	-1.30052	-3.42995	
178	0.000177	-1.4004	-3.34264	
179	0.000178	-1.40401	-3.44252	
180	0.000179	-1.54759	-3.37959	
181	0.00018	-1.456	-3.5995	
182	0.000181	-1.56222	-3.44662	
183	0.000182	-1.28432	-3.70679	
184	0.000183	-1.57065	-3.66078	
185	0.000184	-1.57803	-3.59764	
186	0.000185	-1.56434	-3.59471	
187	0.000186	-1.36641	-3.66388	
188	0.000187	-1.45939	-3.62682	
189	0.000188	-1.30436	-3.64818	
190	0.000189	-1.47704	-3.53347	
191	0.00019	-1.40059	-3.53968	
192	0.000191	-1.57787	-3.61768	
193	0.000192	-1.25742	-3.87444	
194	0.000193	-1.44017	-3.66284	
195	0.000194	-1.34239	-3.68581	
196	0.000195	-1.38205	-3.63724	
197	0.000196	-1.54818	-3.53852	
198	0.000197	-1.47102	-3.63011	
199	0.000198	-1.54424	-3.45615	
200	0.000199	-1.37669	-3.61959	
201	0.0002	-1.46037	-3.52579	
202	0.000201	-1.38838	-3.46556	
203	0.000202	-1.46802	-3.55375	
204	0.000203	-1.50757	-3.58404	
205	0.000204	-1.47972	-3.75006	
206	0.000205	-1.5014	-3.75122	
207	0.000206	-1.36167	-3.83804	
208	0.000207	-1.64458	-3.47822	
209	0.000208	-1.57286	-3.56689	
210	0.000209	-1.54906	-3.58447	
211	0.00021	-1.37092	-3.62221	
212	0.000211	-1.28577	-3.65645	
213	0.000212	-1.36386	-3.53523	
214	0.000213	-1.34616	-3.54557	
215	0.000214	-1.33657	-3.57109	
216	0.000215	-1.19388	-3.73188	
217	0.000216	-1.05083	-3.81708	
218	0.000217	-1.18627	-3.67666	
219	0.000218	-1.30722	-3.61808	
220	0.000219	-1.14003	-3.6868	
221	0.00022	-1.35498	-3.5405	
222	0.000221	-1.31607	-3.63717	
223	0.000222	-1.2454	-3.6491	
224	0.000223	-1.24233	-3.59428	
225	0.000224	-1.35015	-3.44843	
226	0.000225	-1.37028	-3.4922	
227	0.000226	-1.45506	-3.45625	
228	0.000227	-1.4225	-3.45034	
229	0.000228	-1.38236	-3.50453	
230	0.000229	-1.15038	-3.7015	
231	0.00023	-1.11367	-3.6815	
232	0.000231	-1.47395	-3.43181	
233	0.000232	-1.22384	-3.73122	
234	0.000233	-1.47359	-3.67289	
235	0.000234	-1.24572	-3.73638	
236	0.000235	-1.44105	-3.63348	
237	0.000236	-1.28126	-3.73765	
238	0.000237	-1.32335	-3.70301	
239	0.000238	-1.3703	-3.61661	
240	0.000239	-1.47568	-3.68742	
241	0.00024	-1.24398	-3.83296	
242	0.000241	-1.4803	-3.63454	
243	0.000242	-1.28062	-3.57819	
244	0.000243	-1.51668	-3.4883	
245	0.000244	-1.25938	-3.52717	
246	0.000245	-1.20956	-3.6274	
247	0.000246	-1.02478	-3.67208	
248	0.000247	-1.23083	-3.5307	
249	0.000248	-1.15378	-3.60575	
250	0.000249	-1.27796	-3.51012	
251	0.00025	-1.50756	-3.45314	
252	0.000251	-1.54557	-3.63779	
253	0.000252	-1.41239	-3.76766	
254	0.000253	-1.54455	-3.72208	
255	0.000254	-1.32757	-3.82363	
256	0.000255	-1.3357	-3.77485	
257	0.000256	-1.39299	-3.65175	
258	0.000257	-1.16863	-3.8509	
259	0.000258	-1.39944	-3.68545	
260	0.000259	-1.19545	-3.78424	
261	0.00026	-1.23553	-3.68554	
262	0.000261	-1.18241	-3.70945	
263	0.000262	-1.30027	-3.59164	
264	0.000263	-1.21223	-3.68418	
265	0.000264	-1.32911	-3.55643	
266	0.000265	-1.26339	-3.70612	
267	0.000266	-1.26828	-3.88893	
268	0.000267	-1.31659	-3.77925	
269	0.000268	-1.29719	-3.79145	
270	0.000269	-1.23192	-3.7648	
271	0.00027	-1.27554	-3.72306	
272	0.000271	-1.23157	-3.74187	
273	0.000272	-1.42715	-3.52347	
274	0.000273	-1.24554	-3.75564	
275	0.000274	-1.20883	-3.81305	
276	0.000275	-1.37209	-3.6306	
277	0.000276	-1.39295	-3.65949	
278	0.000277	-1.51619	-3.69663	
279	0.000278	-1.39362	-3.77813	
280	0.000279	-1.2788	-3.82562	
281	0.00028	-1.39001	-3.76024	
282	0.000281	-1.19223	-3.88278	
283	0.000282	-1.13905	-3.87912	
284	0.000283	-1.38842	-3.69061	
285	0.000284	-1.17148	-3.86296	
286	0.000285	-1.34108	-3.87759	
287	0.000286	-1.68459	-3.61003	
288	0.000287	-1.39074	-3.81882	
289	0.000288	-1.42879	-3.80684	
290	0.000289	-1.26556	-3.90123	
291	0.00029	-1.29636	-3.83465	
292	0.000291	-1.37351	-3.81164	
293	0.000292	-1.20847	-3.93002	
294	0.000293	-1.21918	-3.94965	
295	0.000294	-1.36058	-3.65603	
296	0.000295	-1.46587	-3.69961	
297	0.000296	-1.42293	-3.7622	
298	0.000297	-1.36063	-3.70978	
299	0.000298	-1.13798	-3.94877	
300	0.000299	-1.51891	-3.76078	
301	0.0003	-1.36266	-3.92424	
302	0.000301	-1.2514	-4.04814	
303	0.000302	-1.3673	-3.83651	
304	0.000303	-1.36487	-3.87233	
305	0.000304	-1.16196	-4.00079	
306	0.000305	-1.40581	-3.77002	
307	0.000306	-1.31854	-3.87899	
308	0.000307	-1.17893	-3.82819	
309	0.000308	-1.16044	-3.72303	
310	0.000309	-1.26242	-3.60554	
311	0.00031	-1.17268	-3.75506	
312	0.000311	-1.1795	-3.77461	
313	0.000312	-1.28809	-3.69435	
314	0.000313	-1.26873	-3.65451	
315	0.000314	-1.36313	-3.58726	
316	0.000315	-1.29863	-3.62454	
317	0.000316	-1.25571	-3.65703	
318	0.000317	-1.29842	-3.70078	
319	0.000318	-1.2306	-3.68494	
320	0.000319	-1.17566	-3.78217	
321	0.00032	-1.38521	-3.62007	
322	0.000321	-1.34426	-3.8246	
323	0.000322	-1.53762	-3.72131	
324	0.000323	-1.30231	-3.91904	
325	0.000324	-1.45302	-3.77652	
326	0.000325	-1.60328	-3.73139	
327	0.000326	-1.4636	-3.86977	
328	0.000327	-1.24583	-4.04188	
329	0.000328	-1.19692	-4.05865	
330	0.000329	-1.15359	-4.02884	
331	0.00033	-1.27588	-3.92074	
332	0.000331	-1.27673	-3.89295	
333	0.000332	-1.28423	-3.79639	
334	0.000333	-1.33902	-3.76261	
335	0.000334	-1.32617	-3.75578	
336	0.000335	-1.47804	-3.65069	
337	0.000336	-1.31792	-3.90832	
338	0.000337	-1.35775	-3.78012	
339	0.000338	-1.40789	-3.81364	
340	0.000339	-1.26866	-3.89013	
341	0.00034	-1.44186	-4.17251	
342	0.000341	-1.41801	-4.33924	
343	0.000342	-1.28713	-4.35606	
344	0.000343	-1.35601	-4.22183	
345	0.000344	-1.18579	-4.17131	
346	0.000345	-1.12811	-4.08929	
347	0.000346	-1.25124	-3.93785	
348	0.000347	-1.17145	-4.01305	
349	0.000348	-1.30588	-3.81353	
350	0.000349	-1.25481	-3.885	
351	0.00035	-1.15722	-3.95428	
352	0.000351	-1.08007	-4.00297	
353	0.000352	-1.27931	-3.81527	
354	0.000353	-1.45501	-3.71242	
355	0.000354	-1.52628	-3.6559	
356	0.000355	-1.3885	-3.74981	
357	0.000356	-1.25233	-3.85807	
358	0.000357	-1.19274	-3.91442	
359	0.000358	-1.45831	-3.67212	
360	0.000359	-1.32019	-3.97887	
361	0.00036	-1.20646	-4.02426	
362	0.000361	-1.15405	-3.95352	
363	0.000362	-1.26204	-3.77492	
364	0.000363	-1.27208	-3.7762	
365	0.000364	-1.3579	-3.82506	
366	0.000365	-1.19549	-3.92847	
367	0.000366	-1.36598	-3.78092	
368	0.000367	-1.24943	-3.96326	
369	0.000368	-1.15522	-4.02576	
370	0.000369	-1.14702	-4.01502	
371	0.00037	-1.33603	-3.87087	
372	0.000371	-1.17712	-3.93186	
373	0.000372	-1.28978	-3.791	
374	0.000373	-1.22476	-4.11428	
375	0.000374	-1.3005	-4.10586	
376	0.000375	-1.22186	-3.93127	
377	0.000376	-1.10114	-4.11156	
378	0.000377	-1.27116	-3.89294	
379	0.000378	-1.40098	-3.73141	
380	0.000379	-1.21719	-3.83232	
381	0.00038	-1.057	-3.97476	
382	0.000381	-1.21393	-3.77301	
383	0.000382	-1.16905	-3.90525	
384	0.000383	-1.01177	-3.9897	
385	0.000384	-1.19312	-3.8226	
386	0.000385	-1.38576	-4.02305	
387	0.000386	-1.2133	-4.28817	
388	0.000387	-1.52366	-4.33317	
389	0.000388	-1.31155	-4.36559	
390	0.000389	-1.36306	-4.21756	
391	0.00039	-1.35114	-4.00254	
392	0.000391	-1.37621	-4.14851	
393	0.000392	-1.31181	-4.18387	
394	0.000393	-1.34991	-4.07717	
395	0.000394	-1.28011	-3.93822	
396	0.000395	-1.35933	-3.79064	
397	0.000396	-1.25526	-3.8381	
398	0.000397	-1.14813	-3.80849	
399	0.000398	-1.28693	-3.79411	
400	0.000399	-1.10607	-3.92634	
401	0.0004	-1.02546	-3.94987	
402	0.000401	-1.41858	-3.89917	
403	0.000402	-1.31698	-4.21729	
404	0.000403	-1.16714	-4.19551	
405	0.000404	-1.2596	-4.05128	
406	0.000405	-1.15532	-4.07737	
407	0.000406	-1.1738	-4.02713	
408	0.000407	-1.07571	-3.96314	
409	0.000408	-1.23682	-3.7378	
410	0.000409	-1.13335	-3.77827	
411	0.00041	-1.09588	-3.75695	
412	0.000411	-1.01323	-3.8446	
413	0.000412	-1.02253	-3.97933	
414	0.000413	-1.1787	-3.85954	
415	0.000414	-1.07175	-3.89579	
416	0.000415	-1.19992	-3.78388	
417	0.000416	-1.07369	-3.95168	
418	0.000417	-1.10284	-3.93089	
419	0.000418	-0.97212	-4.08919	
420	0.000419	-1.11331	-3.915	
421	0.00042	-1.15671	-3.88266	
422	0.000421	-1.11409	-3.90984	
423	0.000422	-1.11653	-3.93819	
424	0.000423	-1.30806	-3.99948	
425	0.000424	-1.30797	-3.90927	
426	0.000425	-1.49969	-3.78158	
427	0.000426	-1.29097	-3.98138	
428	0.000427	-1.31864	-3.92553	
429	0.000428	-1.3646	-3.9498	
430	0.000429	-1.16134	-4.09938	
431	0.00043	-1.14262	-4.01837	
432	0.000431	-1.10026	-4.14588	
433	0.000432	-1.24409	-3.94518	
434	0.000433	-1.16385	-4.01443	
435	0.000434	-1.47632	-3.85913	
436	0.000435	-1.13093	-4.01823	
437	0.000436	-1.33039	-3.94375	
438	0.000437	-1.08961	-4.04144	
439	0.000438	-1.33058	-3.87162	
440	0.000439	-1.16561	-4.07883	
441	0.00044	-1.15386	-4.06931	
442	0.000441	-1.19196	-4.0226	
443	0.000442	-1.37694	-4.07736	
444	0.000443	-1.52166	-3.88036	
445	0.000444	-1.17088	-4.13538	
446	0.000445	-1.31297	-4.0091	
447	0.000446	-1.22598	-4.07266	
448	0.000447	-1.35259	-4.00345	
449	0.000448	-1.31017	-4.08715	
450	0.000449	-1.27	-4.28616	
451	0.00045	-1.41031	-4.12505	
452	0.000451	-1.36785	-4.28386	
453	0.000452	-1.57481	-4.12948	
454	0.000453	-1.47488	-4.28246	
455	0.000454	-1.43159	-4.35051	
456	0.000455	-1.31306	-4.38841	
457	0.000456	-1.21184	-4.6093	
458	0.000457	-1.27618	-4.43149	
459	0.000458	-1.36371	-4.34869	
460	0.000459	-1.41223	-4.29483	
461	0.00046	-1.30482	-4.2197	
462	0.000461	-1.34869	-4.15931	
463	0.000462	-1.28919	-4.17692	
464	0.000463	-1.40518	-4.09194	
465	0.000464	-1.34435	-4.16098	
466	0.000465	-1.32869	-4.09646	
467	0.000466	-1.13212	-4.05293	
468	0.000467	-1.13827	-4.0035	
469	0.000468	-1.25987	-3.94425	
470	0.000469	-1.18766	-3.90985	
471	0.00047	-1.13166	-3.98158	
472	0.000471	-1.20444	-3.915	
473	0.000472	-1.21244	-3.98283	
474	0.000473	-1.29962	-3.91536	
475	0.000474	-1.05489	-4.1535	
476	0.000475	-1.11766	-4.05803	
477	0.000476	-1.16333	-4.07966	
478	0.000477	-1.21072	-4.02731	
479	0.000478	-1.30521	-4.03727	
480	0.000479	-1.28346	-4.04437	
481	0.00048	-1.35296	-4.03962	
482	0.000481	-1.1564	-4.21069	
483	0.000482	-1.45213	-4.18085	
484	0.000483	-1.23874	-4.32856	
485	0.000484	-1.24651	-4.09632	
486	0.000485	-1.37054	-3.95484	
487	0.000486	-1.20793	-4.11135	
488	0.000487	-1.565	-3.81236	
489	0.000488	-1.30708	-4.02223	
490	0.000489	-1.28462	-4.04294	
491	0.00049	-1.18523	-4.1011	
492	0.000491	-1.20236	-4.044	
493	0.000492	-1.18932	-4.06877	
494	0.000493	-1.20586	-4.06847	
495	0.000494	-1.0586	-4.19579	
496	0.000495	-1.05899	-4.22378	
497	0.000496	-1.12141	-4.14365	
498	0.000497	-1.02127	-4.27199	
499	0.000498	-1.33506	-4.18215	
500	0.000499	-1.35864	-4.11994	
501	0.0005	-1.20702	-4.33433	
502	0.000501	-1.1978	-4.34052	
503	0.000502	-1.31586	-4.18507	
504	0.000503	-1.24528	-4.19378	
505	0.000504	-1.22003	-4.1521	
506	0.000505	-1.11551	-4.29643	
507	0.000506	-1.58267	-3.91117	
508	0.000507	-1.38309	-4.05311	
509	0.000508	-1.3669	-4.13994	
510	0.000509	-1.30021	-4.15335	
511	0.00051	-1.29795	-4.07426	
512	0.000511	-1.30988	-4.08281	
513	0.000512	-1.21173	-4.19057	
514	0.000513	-1.22507	-4.14972	
515	0.000514	-1.34779	-4.03195	
516	0.000515	-1.14398	-4.19367	
517	0.000516	-1.42139	-4.01028	
518	0.000517	-1.28503	-4.15039	
519	0.000518	-1.31577	-4.13746	
520	0.000519	-1.28039	-4.07306	
521	0.00052	-1.18712	-4.16775	
522	0.000521	-1.09207	-4.26045	
523	0.000522	-1.04083	-4.32026	
524	0.000523	-1.0264	-4.34331	
525	0.000524	-1.24522	-4.13602	
526	0.000525	-1.08045	-4.26339	
527	0.000526	-1.04239	-4.2946	
528	0.000527	-1.04324	-4.1964	
529	0.000528	-1.13732	-4.03049	
530	0.000529	-1.29997	-3.94287	
531	0.00053	-1.0516	-4.22596	
532	0.000531	-1.24177	-4.06329	
533	0.000532	-1.13388	-4.17804	
534	0.000533	-1.30014	-4.08387	
535	0.000534	-1.06059	-4.24841	
536	0.000535	-1.30444	-4.10836	
537	0.000536	-1.15375	-4.1978	
538	0.000537	-1.32189	-4.1288	
539	0.000538	-1.21052	-4.21436	
540	0.000539	-1.171	-4.25414	
541	0.00054	-1.30268	-4.05223	
542	0.000541	-1.19205	-4.1578	
543	0.000542	-1.1465	-4.14492	
544	0.000543	-1.33639	-4.05741	
545	0.000544	-1.14224	-4.24273	
546	0.000545	-1.09501	-4.30589	
547	0.000546	-1.06857	-4.18891	
548	0.000547	-1.25746	-4.07931	
549	0.000548	-1.29163	-4.09347	
550	0.000549	-1.0304	-4.31893	
551	0.00055	-1.32716	-4.08957	
552	0.000551	-1.23884	-4.2208	
553	0.000552	-1.08252	-4.35504	
554	0.000553	-1.19699	-4.2012	
555	0.000554	-1.26201	-4.26474	
556	0.000555	-1.34513	-4.23126	
557	0.000556	-1.10994	-4.41775	
558	0.000557	-1.28299	-4.34778	
559	0.000558	-1.42968	-4.25423	
560	0.000559	-1.28648	-4.29196	
561	0.00056	-1.35811	-4.24854	
562	0.000561	-1.2327	-4.30264	
563	0.000562	-1.15814	-4.33251	
564	0.000563	-1.13995	-4.30758	
565	0.000564	-1.07666	-4.43438	
566	0.000565	-1.20223	-4.334	
567	0.000566	-1.16816	-4.35934	
568	0.000567	-1.13631	-4.39108	
569	0.000568	-1.1788	-4.36825	
570	0.000569	-1.00329	-4.50406	
571	0.00057	-1.24958	-4.3121	
572	0.000571	-1.30287	-4.27088	
573	0.000572	-1.37634	-4.24084	
574	0.000573	-1.27936	-4.32751	
575	0.000574	-1.03266	-4.57839	
576	0.000575	-1.25788	-4.36664	
577	0.000576	-1.35679	-4.35794	
578	0.000577	-1.20713	-4.51838	
579	0.000578	-1.46728	-4.23482	
580	0.000579	-1.33336	-4.39748	
581	0.00058	-1.09632	-4.60589	
582	0.000581	-1.15243	-4.5176	
583	0.000582	-1.03394	-4.62361	
584	0.000583	-1.24466	-4.43875	
585	0.000584	-1.42101	-4.23625	
586	0.000585	-1.19095	-4.55455	
587	0.000586	-1.30477	-4.38433	
588	0.000587	-1.34515	-4.37975	
589	0.000588	-1.36403	-4.36261	
590	0.000589	-1.22171	-4.45915	
591	0.00059	-1.3411	-4.33332	
592	0.000591	-1.18963	-4.53153	
593	0.000592	-1.07737	-4.66862	
594	0.000593	-1.27259	-4.51584	
595	0.000594	-1.33507	-4.431	
596	0.000595	-1.55914	-4.42681	
597	0.000596	-1.52223	-4.43509	
598	0.000597	-1.26654	-4.66335	
599	0.000598	-1.37228	-4.56375	
600	0.000599	-1.25243	-4.61279	
601	0.0006	-1.33806	-4.54736	
602	0.000601	-1.26905	-4.52235	
603	0.000602	-1.37819	-4.47065	
604	0.000603	-1.39263	-4.50897	
605	0.000604	-1.30753	-4.50946	
606	0.000605	-1.29263	-4.46866	
607	0.000606	-1.42375	-4.36864	
608	0.000607	-1.32924	-4.53618	
609	0.000608	-1.26087	-4.61975	
610	0.000609	-1.22834	-4.64524	
611	0.00061	-1.49594	-4.43509	
612	0.000611	-1.20639	-4.74264	
613	0.000612	-1.30192	-4.57004	
614	0.000613	-1.46898	-4.48394	
615	0.000614	-1.42321	-4.44179	
616	0.000615	-1.61765	-4.36983	
617	0.000616	-1.46588	-4.56514	
618	0.000617	-1.34792	-4.74098	
619	0.000618	-1.52003	-4.68499	
620	0.000619	-1.452	-4.67096	
621	0.00062	-1.33062	-4.81254	
622	0.000621	-1.50744	-4.52358	
623	0.000622	-1.46098	-4.48275	
624	0.000623	-1.32688	-4.47733	
625	0.000624	-1.43688	-4.49576	
626	0.000625	-1.37407	-4.60975	
627	0.000626	-1.46938	-4.48079	
628	0.000627	-1.5953	-4.37338	
629	0.000628	-1.34546	-4.64555	
630	0.000629	-1.23337	-4.62974	
631	0.00063	-1.34718	-4.53321	
632	0.000631	-1.30833	-4.54255	
633	0.000632	-1.44219	-4.43901	
634	0.000633	-1.61867	-4.30208	
635	0.000634	-1.4586	-4.48447	
636	0.000635	-1.39097	-4.63929	
637	0.000636	-1.32761	-4.69249	
638	0.000637	-1.47419	-4.47735	
639	0.000638	-1.24244	-4.71316	
640	0.000639	-1.27284	-4.45517	
641	0.00064	-1.25365	-4.56431	
642	0.000641	-1.50674	-4.46649	
643	0.000642	-1.52005	-4.46882	
644	0.000643	-1.15639	-4.78052	
645	0.000644	-1.46092	-4.5613	
646	0.000645	-1.48308	-4.6127	
647	0.000646	-1.54731	-4.58767	
648	0.000647	-1.58486	-4.55024	
649	0.000648	-1.35462	-4.77367	
650	0.000649	-1.50186	-4.65162	
651	0.00065	-1.28175	-4.80513	
652	0.000651	-1.52812	-4.58947	
653	0.000652	-1.37535	-4.71921	
654	0.000653	-1.45288	-4.64261	
655	0.000654	-1.32001	-4.79884	
656	0.000655	-1.61784	-4.53561	
657	0.000656	-1.40433	-4.73297	
658	0.000657	-1.38929	-4.65826	
659	0.000658	-1.40686	-4.67773	
660	0.000659	-1.3188	-4.66864	
661	0.00066	-1.33	-4.71098	
662	0.000661	-1.27501	-4.75516	
663	0.000662	-1.27117	-4.71661	
664	0.000663	-1.34575	-4.58722	
665	0.000664	-1.33331	-4.65214	
666	0.000665	-1.43392	-4.57322	
667	0.000666	-1.35716	-4.67289	
668	0.000667	-1.40144	-4.70172	
669	0.000668	-1.45257	-4.63297	
670	0.000669	-1.31166	-4.83498	
671	0.00067	-1.62629	-4.54165	
672	0.000671	-1.60985	-4.54321	
673	0.000672	-1.64406	-4.50492	
674	0.000673	-1.29211	-4.72084	
675	0.000674	-1.42092	-4.62762	
676	0.000675	-1.45012	-4.65043	
677	0.000676	-1.3182	-4.78333	
678	0.000677	-1.50784	-4.56001	
679	0.000678	-1.44433	-4.6335	
680	0.000679	-1.40046	-4.6637	
681	0.00068	-1.55125	-4.50169	
682	0.000681	-1.53756	-4.48837	
683	0.000682	-1.59486	-4.52805	
684	0.000683	-1.46261	-4.65372	
685	0.000684	-1.4138	-4.66848	
686	0.000685	-1.45929	-4.67569	
687	0.000686	-1.56581	-4.6013	
688	0.000687	-1.61655	-4.61695	
689	0.000688	-1.67005	-4.51444	
690	0.000689	-1.36972	-4.70469	
691	0.00069	-1.48178	-4.71666	
692	0.000691	-1.54128	-4.73106	
693	0.000692	-1.5534	-4.61168	
694	0.000693	-1.12511	-5.25494	
695	0.000694	-1.43521	-4.91795	
696	0.000695	-1.23232	-5.14156	
697	0.000696	-1.4523	-4.8165	
698	0.000697	-1.37288	-4.76774	
699	0.000698	-1.46202	-4.72084	
700	0.000699	-1.51101	-4.71024	
701	0.0007	-1.41894	-4.7808	
702	0.000701	-1.37216	-4.81915	
703	0.000702	-1.28121	-4.84437	
704	0.000703	-1.52751	-4.61196	
705	0.000704	-1.31247	-4.7997	
706	0.000705	-1.31264	-4.85817	
707	0.000706	-1.55313	-4.65114	
708	0.000707	-1.45402	-4.67886	
709	0.000708	-1.39157	-4.7739	
710	0.000709	-1.65492	-4.63438	
711	0.00071	-1.36774	-4.8071	
712	0.000711	-1.5879	-4.65304	
713	0.000712	-1.31764	-4.96414	
714	0.000713	-1.57519	-4.70121	
715	0.000714	-1.43142	-4.71493	
716	0.000715	-1.48139	-4.8113	
717	0.000716	-1.47554	-4.77469	
718	0.000717	-1.51887	-4.62985	
719	0.000718	-1.24222	-4.90743	
720	0.000719	-1.41983	-4.74003	
721	0.00072	-1.46031	-4.74797	
722	0.000721	-1.62973	-4.77523	
723	0.000722	-1.16296	-5.22049	
724	0.000723	-1.69315	-4.76932	
725	0.000724	-1.39051	-4.9234	
726	0.000725	-1.25186	-5.04552	
727	0.000726	-1.46376	-4.92539	
728	0.000727	-1.55854	-5.00378	
729	0.000728	-1.30757	-5.11839	
730	0.000729	-1.60154	-4.84218	
731	0.00073	-1.45925	-4.9994	
732	0.000731	-1.57296	-4.92372	
733	0.000732	-1.24033	-5.26038	
734	0.000733	-1.24876	-5.25563	
735	0.000734	-1.30383	-5.0863	
736	0.000735	-1.38958	-5.07242	
737	0.000736	-1.63935	-4.80567	
738	0.000737	-1.53834	-4.88859	
739	0.000738	-1.42583	-4.95973	
740	0.000739	-1.70159	-4.69657	
741	0.00074	-1.5491	-4.72123	
742	0.000741	-1.5031	-4.83907	
743	0.000742	-1.65779	-5.04945	
744	0.000743	-1.82946	-4.9911	
745	0.000744	-1.41426	-5.45264	
746	0.000745	-1.49353	-5.2697	
747	0.000746	-1.70917	-5.21328	
748	0.000747	-1.79091	-5.04289	
749	0.000748	-1.77633	-5.17046	
750	0.000749	-1.45796	-5.41118	
751	0.00075	-1.43465	-5.33196	
752	0.000751	-1.41267	-5.21843	
753	0.000752	-1.47979	-5.14191	
754	0.000753	-1.68774	-5.0375	
755	0.000754	-1.29701	-5.38415	
756	0.000755	-1.71581	-5.00742	
757	0.000756	-1.69786	-4.96683	
758	0.000757	-1.62813	-5.03266	
759	0.000758	-1.48933	-5.21058	
760	0.000759	-1.76158	-4.99768	
761	0.00076	-1.29904	-5.39036	
762	0.000761	-1.34408	-5.33478	
763	0.000762	-1.747	-4.9904	
764	0.000763	-1.36957	-5.23584	
765	0.000764	-1.01227	-5.45706	
766	0.000765	-1.44761	-5.00388	
767	0.000766	-1.28683	-5.16476	
768	0.000767	-1.53069	-4.94544	
769	0.000768	-1.40491	-5.0097	
770	0.000769	-1.34673	-5.05587	
771	0.00077	-1.44636	-5.09213	
772	0.000771	-1.61305	-5.25436	
773	0.000772	-1.5322	-5.33146	
774	0.000773	-1.46603	-5.29156	
775	0.000774	-1.45342	-5.28087	
776	0.000775	-1.5795	-5.18893	
777	0.000776	-1.75149	-5.11563	
778	0.000777	-1.43637	-5.39164	
779	0.000778	-1.69374	-5.14807	
780	0.000779	-1.48977	-5.31553	
781	0.00078	-1.33196	-5.33101	
782	0.000781	-1.59692	-5.16567	
783	0.000782	-1.36744	-5.36177	
784	0.000783	-1.53935	-5.1589	
785	0.000784	-1.51615	-5.25444	
786	0.000785	-1.47519	-5.19908	
787	0.000786	-1.36978	-5.29676	
788	0.000787	-1.56257	-5.10498	
789	0.000788	-1.46021	-5.24345	
790	0.000789	-1.5915	-5.07202	
791	0.00079	-1.49102	-5.19391	
792	0.000791	-1.29493	-5.46498	
793	0.000792	-1.51943	-5.18767	
794	0.000793	-1.26855	-5.41114	
795	0.000794	-1.70151	-4.99367	
796	0.000795	-1.81322	-4.93995	
797	0.000796	-1.70277	-5.04109	
798	0.000797	-1.67827	-5.04089	
799	0.000798	-1.58582	-5.20142	
800	0.000799	-1.5652	-5.16184	
801	0.0008	-1.58993	-5.10489	
802	0.000801	-1.69619	-5.17012	
803	0.000802	-1.59286	-5.24882	
804	0.000803	-1.88341	-4.90074	
805	0.000804	-1.42624	-5.41819	
806	0.000805	-1.74876	-5.09328	
807	0.000806	-1.63603	-5.38072	
808	0.000807	-1.61186	-5.56376	
809	0.000808	-1.62002	-5.46518	
810	0.000809	-1.72631	-5.25298	
811	0.00081	-1.66832	-5.39417	
812	0.000811	-1.59177	-5.41652	
813	0.000812	-1.71383	-5.2516	
814	0.000813	-1.42839	-5.56124	
815	0.000814	-1.54135	-5.2479	
816	0.000815	-1.58147	-5.41793	
817	0.000816	-1.70158	-5.25399	
818	0.000817	-1.58355	-5.32686	
819	0.000818	-1.6267	-5.35739	
820	0.000819	-1.66802	-5.26782	
821	0.00082	-1.52076	-5.40485	
822	0.000821	-1.50896	-5.57764	
823	0.000822	-1.78024	-5.38777	
824	0.000823	-1.45399	-5.63452	
825	0.000824	-1.69804	-5.37406	
826	0.000825	-1.81653	-5.35195	
827	0.000826	-1.53376	-5.48035	
828	0.000827	-1.80613	-5.14552	
829	0.000828	-1.67296	-5.3277	
830	0.000829	-1.60968	-5.23054	
831	0.00083	-1.93301	-5.03849	
832	0.000831	-1.48384	-5.42127	
833	0.000832	-1.84524	-4.98425	
834	0.000833	-1.50166	-5.45778	
835	0.000834	-1.49012	-5.48519	
836	0.000835	-1.55937	-5.44565	
837	0.000836	-1.84591	-5.13611	
838	0.000837	-1.5277	-5.4349	
839	0.000838	-1.57316	-5.39969	
840	0.000839	-1.59002	-5.4818	
841	0.00084	-1.67521	-5.52387	
842	0.000841	-1.55681	-5.57123	
843	0.000842	-1.5012	-5.45053	
844	0.000843	-1.50761	-5.41947	
845	0.000844	-1.91574	-5.3634	
846	0.000845	-1.67224	-5.4531	
847	0.000846	-1.84586	-5.47288	
848	0.000847	-1.65793	-5.74092	
849	0.000848	-1.91223	-5.43884	
850	0.000849	-1.80678	-5.46846	
851	0.00085	-1.70946	-5.88197	
852	0.000851	-1.83678	-5.64148	
853	0.000852	-1.72647	-5.72626	
854	0.000853	-1.60701	-5.65657	
855	0.000854	-1.75197	-5.5961	
856	0.000855	-1.63372	-5.52307	
857	0.000856	-1.72099	-5.67458	
858	0.000857	-1.77689	-5.46368	
859	0.000858	-1.66269	-5.51138	
860	0.000859	-1.63333	-5.61539	
861	0.00086	-1.65339	-5.50913	
862	0.000861	-1.78371	-5.33302	
863	0.000862	-1.96461	-5.29244	
864	0.000863	-1.19148	-6.01649	
865	0.000864	-1.55315	-5.6173	
866	0.000865	-1.80397	-5.44338	
867	0.000866	-1.72263	-5.41929	
868	0.000867	-1.74655	-5.43432	
869	0.000868	-1.77456	-5.29415	
870	0.000869	-1.56293	-5.62126	
871	0.00087	-1.47531	-5.64102	
872	0.000871	-1.65901	-5.42083	
873	0.000872	-1.68232	-5.4768	
874	0.000873	-1.64759	-5.44364	
875	0.000874	-1.58091	-5.5039	
876	0.000875	-1.62333	-5.49841	
877	0.000876	-1.99502	-5.19883	
878	0.000877	-1.81296	-5.41645	
879	0.000878	-2.04606	-5.27657	
880	0.000879	-1.99143	-5.36999	
881	0.00088	-1.51461	-5.58792	
882	0.000881	-1.71671	-5.46647	
883	0.000882	-1.67589	-5.40428	
884	0.000883	-1.57178	-5.44607	
885	0.000884	-1.77937	-5.27579	
886	0.000885	-1.59569	-5.45446	
887	0.000886	-1.96643	-5.17202	
888	0.000887	-1.8061	-5.30137	
889	0.000888	-1.64746	-5.45562	
890	0.000889	-1.65736	-5.46424	
891	0.00089	-1.54218	-5.60043	
892	0.000891	-1.80778	-5.43004	
893	0.000892	-1.59709	-5.51438	
894	0.000893	-2.06646	-5.16647	
895	0.000894	-1.68796	-5.46714	
896	0.000895	-2.09191	-5.14709	
897	0.000896	-1.56931	-5.60741	
898	0.000897	-1.53859	-5.49156	
899	0.000898	-1.66307	-5.51193	
900	0.000899	-1.6683	-5.63911	
901	0.0009	-1.82839	-5.40097	
902	0.000901	-1.94389	-5.48714	
903	0.000902	-1.77971	-5.65771	
904	0.000903	-1.72215	-5.56848	
905	0.000904	-1.83117	-5.50559	
906	0.000905	-1.70341	-5.68094	
907	0.000906	-1.76673	-5.59742	
908	0.000907	-1.76558	-5.60502	
909	0.000908	-1.82029	-5.58091	
910	0.000909	-1.53536	-5.86673	
911	0.00091	-1.65375	-5.51278	
912	0.000911	-1.63278	-5.61564	
913	0.000912	-1.56453	-5.66791	
914	0.000913	-1.94402	-5.46592	
915	0.000914	-1.80935	-5.48454	
916	0.000915	-1.70733	-5.50925	
917	0.000916	-1.9639	-5.24604	
918	0.000917	-1.92871	-5.38329	
919	0.000918	-1.59042	-5.72778	
920	0.000919	-1.67657	-5.64813	
921	0.00092	-1.88598	-5.49999	
922	0.000921	-1.76034	-5.67233	
923	0.000922	-1.6284	-5.66523	
924	0.000923	-1.89429	-5.56169	
925	0.000924	-1.71143	-5.78209	
926	0.000925	-2.06688	-5.5929	
927	0.000926	-1.8915	-5.65128	
928	0.000927	-1.88701	-5.5035	
929	0.000928	-1.70536	-5.80864	
930	0.000929	-1.95018	-5.49547	
931	0.00093	-1.81506	-5.47705	
932	0.000931	-1.82042	-5.60859	
933	0.000932	-1.76275	-5.6835	
934	0.000933	-1.85295	-5.62444	
935	0.000934	-1.7508	-5.62319	
936	0.000935	-1.45381	-5.96837	
937	0.000936	-1.81559	-5.49204	
938	0.000937	-1.67484	-5.73928	
939	0.000938	-1.50064	-5.87281	
940	0.000939	-1.61765	-5.75938	
941	0.00094	-1.68536	-5.58697	
942	0.000941	-2.00768	-5.38411	
943	0.000942	-1.83658	-5.61225	
944	0.000943	-1.97327	-5.42284	
945	0.000944	-1.66234	-5.68012	
946	0.000945	-1.86769	-5.5871	
947	0.000946	-1.38147	-5.95967	
948	0.000947	-1.73483	-5.66726	
949	0.000948	-1.93117	-5.486	
950	0.000949	-1.42761	-5.9907	
951	0.00095	-1.61126	-5.72369	
952	0.000951	-2.01358	-5.95545	
953	0.000952	-2.09617	-5.91208	
954	0.000953	-1.90945	-5.9985	
955	0.000954	-1.6382	-6.10223	
956	0.000955	-1.73107	-5.91094	
957	0.000956	-1.53628	-5.89997	
958	0.000957	-1.70925	-5.77052	
959	0.000958	-1.87648	-5.60519	
960	0.000959	-1.72763	-5.73449	
961	0.00096	-1.48484	-5.97232	
962	0.000961	-1.73569	-5.83385	
963	0.000962	-2.07937	-5.73528	
964	0.000963	-1.8923	-5.70603	
965	0.000964	-1.76779	-5.8236	
966	0.000965	-1.84692	-5.65701	
967	0.000966	-1.81621	-5.92283	
968	0.000967	-1.88993	-5.76335	
969	0.000968	-1.93031	-5.80223	
970	0.000969	-1.91771	-5.91864	
971	0.00097	-1.81752	-6.21181	
972	0.000971	-1.91351	-6.09785	
973	0.000972	-2.04338	-5.96822	
974	0.000973	-1.79483	-6.12559	
975	0.000974	-1.69722	-6.16762	
976	0.000975	-2.06198	-5.90258	
977	0.000976	-1.94469	-5.86849	
978	0.000977	-1.88807	-6.04376	
979	0.000978	-1.79692	-5.97844	
980	0.000979	-1.99609	-5.91133	
981	0.00098	-2.06641	-5.84357	
982	0.000981	-1.8215	-6.01238	
983	0.000982	-2.02693	-5.81735	
984	0.000983	-2.09701	-5.70734	
985	0.000984	-1.90517	-5.92092	
986	0.000985	-2.00932	-5.9134	
987	0.000986	-1.99101	-5.80547	
988	0.000987	-2.00009	-5.72721	
989	0.000988	-2.19026	-5.5865	
990	0.000989	-1.99686	-5.77802	
991	0.00099	-1.96399	-5.92979	
992	0.000991	-2.26222	-5.58023	
993	0.000992	-1.64608	-6.11206	
994	0.000993	-2.05683	-5.86207	
995	0.000994	-1.87789	-6.07058	
996	0.000995	-2.12567	-5.9415	
997	0.000996	-2.08005	-5.69162	
998	0.000997	-1.89279	-6.01044	
999	0.000998	-1.91216	-5.98287	
1000	0.000999	-2.25552	-5.71341	
1001	0.001	-2.07275	-5.87258	
1002	0.001001	-1.86177	-6.05145	
1003	0.001002	-1.93453	-5.93822	
1004	0.001003	-1.9792	-5.93069	
1005	0.001004	-1.60733	-6.26779	
1006	0.001005	-1.97991	-5.77136	
1007	0.001006	-1.80444	-5.98814	
1008	0.001007	-1.93465	-6.01687	
1009	0.001008	-1.82328	-6.08394	
1010	0.001009	-2.01975	-5.97021	
1011	0.00101	-1.81212	-6.13177	
1012	0.001011	-2.13836	-5.89737	
1013	0.001012	-1.83327	-6.07432	
1014	0.001013	-1.79408	-6.06389	
1015	0.001014	-2.09651	-5.83814	
1016	0.001015	-1.87869	-5.98153	
1017	0.001016	-2.00201	-5.76251	
1018	0.001017	-2.0079	-5.78713	
1019	0.001018	-1.99236	-5.84744	
1020	0.001019	-2.05397	-5.76365	
1021	0.00102	-1.99568	-5.79741	
1022	0.001021	-1.97052	-5.84408	
1023	0.001022	-1.85297	-5.83562	
1024	0.001023	-1.77004	-5.98155	
1025	0.001024	-1.76358	-5.95221	
1026	0.001025	-1.66732	-6.0448	
1027	0.001026	-1.8772	-5.98458	
1028	0.001027	-1.93003	-5.90923	
1029	0.001028	-2.11056	-5.93082	
1030	0.001029	-1.98307	-5.98798	
1031	0.00103	-1.88753	-6.00223	
1032	0.001031	-2.0373	-5.99067	
1033	0.001032	-2.13657	-5.71492	
1034	0.001033	-2.04465	-5.82951	
1035	0.001034	-2.1	-5.88447	
1036	0.001035	-1.99923	-5.95697	
1037	0.001036	-1.78866	-6.14609	
1038	0.001037	-1.83298	-6.2466	
1039	0.001038	-2.08442	-5.90812	
1040	0.001039	-1.82166	-6.16993	
1041	0.00104	-2.14783	-5.94614	
1042	0.001041	-2.13252	-5.90143	
1043	0.001042	-2.03908	-6.03263	
1044	0.001043	-1.89296	-6.19855	
1045	0.001044	-1.97881	-6.03163	
1046	0.001045	-2.27522	-5.76779	
1047	0.001046	-1.94258	-6.0364	
1048	0.001047	-1.90873	-5.94035	
1049	0.001048	-1.81263	-6.05676	
1050	0.001049	-2.18473	-5.76911	
1051	0.00105	-2.30205	-5.57782	
1052	0.001051	-2.18755	-5.80778	
1053	0.001052	-1.91663	-5.96075	
1054	0.001053	-1.92453	-5.97453	
1055	0.001054	-2.00416	-5.906	
1056	0.001055	-2.07487	-5.85812	
1057	0.001056	-2.01146	-5.92115	
1058	0.001057	-1.90755	-6.01377	
1059	0.001058	-1.84411	-6.05377	
1060	0.001059	-1.82311	-6.08626	
1061	0.00106	-1.77202	-6.12171	
1062	0.001061	-1.85206	-6.05353	
1063	0.001062	-1.74029	-6.13036	
1064	0.001063	-1.73848	-6.07006	
1065	0.001064	-1.59607	-6.21479	
1066	0.001065	-1.89074	-5.95915	
1067	0.001066	-2.3188	-5.70414	
1068	0.001067	-2.14713	-5.77683	
1069	0.001068	-2.01061	-6.00978	
1070	0.001069	-2.11688	-5.92353	
1071	0.00107	-1.7905	-6.10396	
1072	0.001071	-1.88699	-6.16126	
1073	0.001072	-2.03662	-5.88802	
1074	0.001073	-2.02825	-5.97141	
1075	0.001074	-2.19865	-5.88277	
1076	0.001075	-1.83905	-6.2636	
1077	0.001076	-1.82829	-6.20921	
1078	0.001077	-1.96506	-5.88823	
1079	0.001078	-1.94123	-5.94093	
1080	0.001079	-2.0034	-5.92417	
1081	0.00108	-1.78319	-6.08498	
1082	0.001081	-1.88746	-5.90731	
1083	0.001082	-2.01459	-5.98913	
1084	0.001083	-1.94057	-6.04414	
1085	0.001084	-1.99203	-6.04693	
1086	0.001085	-2.08526	-5.99488	
1087	0.001086	-2.14535	-5.97252	
1088	0.001087	-2.16046	-6.044	
1089	0.001088	-1.73882	-6.51035	
1090	0.001089	-2.01688	-6.17786	
1091	0.00109	-1.74292	-6.32969	
1092	0.001091	-2.28082	-5.9935	
1093	0.001092	-2.28615	-5.79147	
1094	0.001093	-2.05392	-5.967	
1095	0.001094	-2.21601	-5.86617	
1096	0.001095	-2.17078	-6.00824	
1097	0.001096	-2.16493	-6.03278	
1098	0.001097	-2.08769	-6.09345	
1099	0.001098	-1.89523	-6.32064	
1100	0.001099	-2.03493	-6.08015	
1101	0.0011	-2.12739	-6.07354	
1102	0.001101	-2.02926	-6.09992	
1103	0.001102	-2.11413	-6.14042	
1104	0.001103	-2.14178	-6.21956	
1105	0.001104	-2.12809	-6.14528	
1106	0.001105	-2.27314	-6.06301	
1107	0.001106	-2.36241	-5.93693	
1108	0.001107	-2.06208	-6.13868	
1109	0.001108	-1.69164	-6.38417	
1110	0.001109	-2.05798	-6.29648	
1111	0.00111	-2.03011	-6.34683	
1112	0.001111	-2.15774	-6.04045	
1113	0.001112	-2.22971	-5.97065	
1114	0.001113	-2.10938	-5.99833	
1115	0.001114	-2.23841	-6.06721	
1116	0.001115	-1.90823	-6.30027	
1117	0.001116	-2.16011	-6.13683	
1118	0.001117	-1.98399	-6.18474	
1119	0.001118	-1.84115	-6.26876	
1120	0.001119	-1.77407	-6.17524	
1121	0.00112	-2.07488	-5.7881	
1122	0.001121	-1.90216	-5.95638	
1123	0.001122	-2.41466	-5.62195	
1124	0.001123	-2.02354	-5.97809	
1125	0.001124	-2.21612	-5.67549	
1126	0.001125	-2.05926	-5.89297	
1127	0.001126	-2.13681	-5.88083	
1128	0.001127	-2.19164	-5.84455	
1129	0.001128	-2.04125	-5.89322	
1130	0.001129	-2.02819	-5.86689	
1131	0.00113	-2.06305	-5.81484	
1132	0.001131	-2.11485	-5.8971	
1133	0.001132	-1.92943	-6.04406	
1134	0.001133	-1.81856	-6.02484	
1135	0.001134	-2.08548	-5.67361	
1136	0.001135	-1.96658	-5.90347	
1137	0.001136	-2.07619	-5.68811	
1138	0.001137	-2.0976	-5.65859	
1139	0.001138	-1.72811	-5.93303	
1140	0.001139	-1.92719	-5.75443	
1141	0.00114	-1.74682	-5.86357	
1142	0.001141	-1.80436	-5.74242	
1143	0.001142	-1.82413	-5.78485	
1144	0.001143	-2.04425	-5.563	
1145	0.001144	-1.73187	-5.78548	
1146	0.001145	-1.84497	-5.81583	
1147	0.001146	-1.96776	-5.69007	
1148	0.001147	-1.65127	-5.90572	
1149	0.001148	-1.83568	-5.72825	
1150	0.001149	-1.74129	-5.71381	
1151	0.00115	-1.6435	-5.73187	
1152	0.001151	-1.52081	-5.75295	
1153	0.001152	-1.43314	-5.67356	
1154	0.001153	-1.93782	-5.25472	
1155	0.001154	-1.70638	-5.62957	
1156	0.001155	-1.55175	-5.66422	
1157	0.001156	-1.63063	-5.52608	
1158	0.001157	-1.16109	-5.98323	
1159	0.001158	-1.44069	-5.67185	
1160	0.001159	-1.74349	-5.30402	
1161	0.00116	-1.48296	-5.76465	
1162	0.001161	-1.70454	-5.57649	
1163	0.001162	-1.61933	-5.46634	
1164	0.001163	-1.70001	-5.41982	
1165	0.001164	-1.46411	-5.53639	
1166	0.001165	-1.77361	-5.36431	
1167	0.001166	-2.04413	-5.05624	
1168	0.001167	-1.87019	-5.12984	
1169	0.001168	-1.87903	-5.15218	
1170	0.001169	-1.98591	-5.09883	
1171	0.00117	-1.57089	-5.3933	
1172	0.001171	-1.67169	-5.30706	
1173	0.001172	-1.81084	-5.25926	
1174	0.001173	-1.62194	-5.4872	
1175	0.001174	-1.59818	-5.34471	
1176	0.001175	-1.64983	-5.28029	
1177	0.001176	-1.48676	-5.31246	
1178	0.001177	-1.72135	-4.92164	
1179	0.001178	-1.78957	-4.9698	
1180	0.001179	-1.56864	-5.0998	
1181	0.00118	-1.75546	-4.71896	
1182	0.001181	-1.89145	-4.85426	
1183	0.001182	-1.6603	-4.94364	
1184	0.001183	-1.62483	-4.80887	
1185	0.001184	-1.62672	-4.75006	
1186	0.001185	-1.73404	-4.57517	
1187	0.001186	-1.32043	-4.9966	
1188	0.001187	-1.68681	-4.65741	
1189	0.001188	-1.81092	-4.53721	
1190	0.001189	-1.49979	-4.72054	
1191	0.00119	-1.66004	-4.71823	
1192	0.001191	-1.60718	-4.75335	
1193	0.001192	-1.43676	-4.83047	
1194	0.001193	-1.52319	-4.8095	
1195	0.001194	-1.58108	-4.6409	
1196	0.001195	-1.61852	-4.70603	
1197	0.001196	-1.48231	-4.73759	
1198	0.001197	-1.3721	-4.76969	
1199	0.001198	-1.33644	-4.78683	
1200	0.001199	-1.69847	-4.48216	
1201	0.0012	-1.81228	-4.6901	
1202	0.001201	-1.3923	-5.06564	
1203	0.001202	-1.33759	-5.09729	
1204	0.001203	-1.58061	-4.76966	
1205	0.001204	-1.53215	-4.83518	
1206	0.001205	-1.67864	-4.61135	
1207	0.001206	-1.7594	-4.60531	
1208	0.001207	-1.92602	-4.57288	
1209	0.001208	-1.88174	-4.74023	
1210	0.001209	-1.71327	-4.81326	
1211	0.00121	-1.33852	-5.03022	
1212	0.001211	-1.50065	-4.87132	
1213	0.001212	-1.43847	-4.84926	
1214	0.001213	-1.41011	-4.88409	
1215	0.001214	-1.62674	-4.75649	
1216	0.001215	-1.247	-4.98596	
1217	0.001216	-1.37032	-4.75218	
1218	0.001217	-1.42861	-4.64283	
1219	0.001218	-1.32306	-4.64152	
1220	0.001219	-1.40803	-4.57483	
1221	0.00122	-1.33529	-4.62962	
1222	0.001221	-1.55021	-4.4884	
1223	0.001222	-1.58013	-4.44181	
1224	0.001223	-1.45582	-4.45363	
1225	0.001224	-1.46022	-4.47961	
1226	0.001225	-1.32271	-4.6424	
1227	0.001226	-1.56098	-4.41974	
1228	0.001227	-1.36152	-4.5886	
1229	0.001228	-1.19044	-4.65538	
1230	0.001229	-1.27513	-4.51978	
1231	0.00123	-1.24694	-4.44735	
1232	0.001231	-1.32733	-4.28165	
1233	0.001232	-1.63264	-4.00289	
1234	0.001233	-1.68603	-4.12287	
1235	0.001234	-1.20688	-4.50706	
1236	0.001235	-1.61397	-4.19602	
1237	0.001236	-1.48143	-4.33255	
1238	0.001237	-1.40091	-4.25606	
1239	0.001238	-1.61811	-4.14369	
1240	0.001239	-1.2053	-4.46383	
1241	0.00124	-1.52613	-4.134	
1242	0.001241	-1.2337	-4.37794	
1243	0.001242	-1.53714	-4.1987	
1244	0.001243	-1.39979	-4.2738	
1245	0.001244	-1.3104	-4.32657	
1246	0.001245	-1.59028	-4.03841	
1247	0.001246	-1.34562	-4.4694	
1248	0.001247	-1.5607	-4.17239	
1249	0.001248	-1.76486	-4.13372	
1250	0.001249	-1.56486	-4.17124	
1251	0.00125	-1.66546	-4.46111	
1252	0.001251	-1.4578	-4.50921	
1253	0.001252	-1.36748	-4.83621	
1254	0.001253	-1.51158	-4.17242	
1255	0.001254	-1.33524	-4.24993	
1256	0.001255	-1.30904	-4.32265	
1257	0.001256	-1.42532	-4.06212	
1258	0.001257	-1.21754	-4.2881	
1259	0.001258	-1.375	-4.21911	
1260	0.001259	-1.48992	-4.20464	
1261	0.00126	-1.323	-4.1782	
1262	0.001261	-1.51396	-3.99049	
1263	0.001262	-1.23198	-4.17079	
1264	0.001263	-1.12468	-4.16987	
1265	0.001264	-1.30381	-3.89471	
1266	0.001265	-1.3196	-3.85596	
1267	0.001266	-1.13023	-3.97466	
1268	0.001267	-1.28773	-3.90233	
1269	0.001268	-1.45623	-3.73708	
1270	0.001269	-1.38628	-3.7531	
1271	0.00127	-1.41363	-3.69215	
1272	0.001271	-1.34273	-3.75405	
1273	0.001272	-1.49691	-3.57631	
1274	0.001273	-1.43794	-3.57381	
1275	0.001274	-1.43001	-3.67128	
1276	0.001275	-1.41401	-3.59031	
1277	0.001276	-1.36522	-3.66887	
1278	0.001277	-1.32917	-3.79462	
1279	0.001278	-1.3399	-3.93064	
1280	0.001279	-1.30927	-4.11921	
1281	0.00128	-1.74547	-3.74253	
1282	0.001281	-1.47301	-3.91278	
1283	0.001282	-1.37907	-4.03943	
1284	0.001283	-1.37584	-4.06067	
1285	0.001284	-1.39226	-4.10207	
1286	0.001285	-1.40253	-4.10566	
1287	0.001286	-1.33056	-4.12441	
1288	0.001287	-1.35656	-4.05052	
1289	0.001288	-1.40792	-3.94398	
1290	0.001289	-1.27952	-4.02237	
1291	0.00129	-1.32818	-3.94732	
1292	0.001291	-1.17222	-3.98864	
1293	0.001292	-1.14066	-3.92416	
1294	0.001293	-1.37893	-3.72729	
1295	0.001294	-1.4294	-3.61109	
1296	0.001295	-1.21294	-3.71475	
1297	0.001296	-1.37016	-3.56279	
1298	0.001297	-1.65019	-3.27024	
1299	0.001298	-1.60413	-3.44795	
1300	0.001299	-1.11546	-3.75051	
1301	0.0013	-1.50418	-3.43876	
1302	0.001301	-1.49494	-3.53407	
1303	0.001302	-1.55165	-3.41793	
1304	0.001303	-1.34076	-3.74631	
1305	0.001304	-1.34151	-3.59693	
1306	0.001305	-1.24704	-3.57606	
1307	0.001306	-1.29655	-3.58644	
1308	0.001307	-1.26099	-3.55476	
1309	0.001308	-1.29218	-3.55158	
1310	0.001309	-1.4744	-3.43255	
1311	0.00131	-1.56862	-3.43456	
1312	0.001311	-1.53814	-3.48454	
1313	0.001312	-1.27923	-3.62472	
1314	0.001313	-1.24398	-3.62187	
1315	0.001314	-1.40396	-3.44551	
1316	0.001315	-1.20293	-3.5799	
1317	0.001316	-1.48118	-3.31469	
1318	0.001317	-1.5496	-3.33492	
1319	0.001318	-1.41915	-3.45298	
1320	0.001319	-1.26574	-3.56908	
1321	0.00132	-1.47683	-3.399	
1322	0.001321	-1.5506	-3.37415	
1323	0.001322	-1.55774	-3.42167	
1324	0.001323	-1.33691	-3.59067	
1325	0.001324	-1.49452	-3.442	
1326	0.001325	-1.28442	-3.56726	
1327	0.001326	-1.48507	-3.41236	
1328	0.001327	-1.38479	-3.53685	
1329	0.001328	-1.31624	-3.65466	
1330	0.001329	-1.35737	-3.56221	
1331	0.00133	-1.34748	-3.49653	
1332	0.001331	-1.50545	-3.37323	
1333	0.001332	-1.30535	-3.61085	
1334	0.001333	-1.39281	-3.49732	
1335	0.001334	-1.30169	-3.55457	
1336	0.001335	-1.32844	-3.62217	
1337	0.001336	-1.2516	-3.63719	
1338	0.001337	-1.42119	-3.52856	
1339	0.001338	-1.38391	-3.51986	
1340	0.001339	-1.32465	-3.54936	
1341	0.00134	-1.24554	-3.56352	
1342	0.001341	-1.51308	-3.4411	
1343	0.001342	-1.30773	-3.66088	
1344	0.001343	-1.54638	-3.49581	
1345	0.001344	-1.24725	-3.7062	
1346	0.001345	-1.48121	-3.41064	
1347	0.001346	-1.51037	-3.40467	
1348	0.001347	-1.20785	-3.6298	
1349	0.001348	-1.21398	-3.58901	
1350	0.001349	-1.51275	-3.29686	
1351	0.00135	-1.29473	-3.5512	
1352	0.001351	-1.13555	-3.68194	
1353	0.001352	-1.29976	-3.47982	
1354	0.001353	-1.46988	-3.27885	
1355	0.001354	-1.57117	-3.26238	
1356	0.001355	-1.30271	-3.59907	
1357	0.001356	-1.54672	-3.3816	
1358	0.001357	-1.78203	-3.23093	
1359	0.001358	-1.48268	-3.48529	
1360	0.001359	-1.47152	-3.45167	
1361	0.00136	-1.53764	-3.32132	
1362	0.001361	-1.50645	-3.39951	
1363	0.001362	-1.39543	-3.47006	
1364	0.001363	-1.43667	-3.44812	
1365	0.001364	-1.18417	-3.6371	
1366	0.001365	-1.55905	-3.28313	
1367	0.001366	-1.37986	-3.47071	
1368	0.001367	-1.43364	-3.35054	
1369	0.001368	-1.55548	-3.20207	
1370	0.001369	-1.49683	-3.15782	
1371	0.00137	-1.44844	-3.24922	
1372	0.001371	-1.39155	-3.39474	
1373	0.001372	-1.41602	-3.38806	
1374	0.001373	-1.39741	-3.43982	
1375	0.001374	-1.34605	-3.51291	
1376	0.001375	-1.30253	-3.53456	
1377	0.001376	-1.35387	-3.44297	
1378	0.001377	-1.32891	-3.48546	
1379	0.001378	-1.31832	-3.53175	
1380	0.001379	-1.40964	-3.32494	
1381	0.00138	-1.68596	-3.11818	
1382	0.001381	-1.21248	-3.54503	
1383	0.001382	-1.65699	-3.1726	
1384	0.001383	-1.45493	-3.38467	
1385	0.001384	-1.48427	-3.40096	
1386	0.001385	-1.66294	-3.18881	
1387	0.001386	-1.70303	-3.0906	
1388	0.001387	-1.37588	-3.37288	
1389	0.001388	-1.66611	-3.05639	
1390	0.001389	-1.4756	-3.27932	
1391	0.00139	-1.45315	-3.34221	
1392	0.001391	-1.39299	-3.36907	
1393	0.001392	-1.55067	-3.23954	
1394	0.001393	-1.56464	-3.23674	
1395	0.001394	-1.41166	-3.43219	
1396	0.001395	-1.30036	-3.49289	
1397	0.001396	-1.36308	-3.45877	
1398	0.001397	-1.42998	-3.36642	
1399	0.001398	-1.29111	-3.48412	
1400	0.001399	-1.32224	-3.48761	
1401	0.0014	-1.26169	-3.51188	
1402	0.001401	-1.41035	-3.45006	
1403	0.001402	-1.40768	-3.47461	
1404	0.001403	-1.51267	-3.38008	
1405	0.001404	-1.39849	-3.44874	
1406	0.001405	-1.61216	-3.25027	
1407	0.001406	-1.545	-3.35097	
1408	0.001407	-1.43059	-3.3932	
1409	0.001408	-1.61555	-3.45535	
1410	0.001409	-1.44122	-3.77532	
1411	0.00141	-1.3948	-3.75724	
1412	0.001411	-1.58503	-3.82302	
1413	0.001412	-1.3738	-3.87805	
1414	0.001413	-1.42912	-3.71033	
1415	0.001414	-1.54239	-3.6499	
1416	0.001415	-1.63718	-3.64676	
1417	0.001416	-1.9067	-3.7029	
1418	0.001417	-1.4548	-4.11572	
1419	0.001418	-1.41282	-4.00313	
1420	0.001419	-1.32988	-3.95414	
1421	0.00142	-1.56879	-3.71824	
1422	0.001421	-1.80704	-3.43499	
1423	0.001422	-1.42217	-3.74665	
1424	0.001423	-1.43248	-3.71437	
1425	0.001424	-1.88603	-3.31454	
1426	0.001425	-1.67955	-3.45199	
1427	0.001426	-1.70584	-3.44638	
1428	0.001427	-1.42477	-3.70531	
1429	0.001428	-1.48796	-3.64367	
1430	0.001429	-1.54034	-3.59605	
1431	0.00143	-1.68247	-3.54068	
1432	0.001431	-1.45049	-3.78583	
1433	0.001432	-1.64634	-3.60196	
1434	0.001433	-1.51914	-3.67519	
1435	0.001434	-1.55206	-3.65321	
1436	0.001435	-1.71411	-3.52235	
1437	0.001436	-1.75737	-3.47412	
1438	0.001437	-1.65052	-3.68714	
1439	0.001438	-1.6337	-3.76102	
1440	0.001439	-1.71407	-3.74404	
1441	0.00144	-1.72611	-3.65046	
1442	0.001441	-1.97153	-3.5265	
1443	0.001442	-1.75632	-3.75689	
1444	0.001443	-1.55717	-3.95284	
1445	0.001444	-1.71805	-3.68313	
1446	0.001445	-1.55589	-3.8215	
1447	0.001446	-1.42641	-3.84746	
1448	0.001447	-1.64226	-3.61611	
1449	0.001448	-1.7588	-3.55244	
1450	0.001449	-1.89742	-3.51502	
1451	0.00145	-1.55389	-3.74144	
1452	0.001451	-1.78701	-3.55726	
1453	0.001452	-1.63468	-3.77719	
1454	0.001453	-1.6668	-3.71396	
1455	0.001454	-1.65233	-3.67666	
1456	0.001455	-1.68208	-4.07704	
1457	0.001456	-1.817	-4.0357	
1458	0.001457	-1.94743	-3.90224	
1459	0.001458	-1.60987	-4.16552	
1460	0.001459	-2.01762	-3.80996	
1461	0.00146	-1.60437	-4.21052	
1462	0.001461	-1.37997	-4.33402	
1463	0.001462	-1.83515	-3.93565	
1464	0.001463	-1.56245	-4.12856	
1465	0.001464	-1.62493	-3.92296	
1466	0.001465	-1.65091	-4.05474	
1467	0.001466	-1.73113	-4.00671	
1468	0.001467	-1.61574	-3.99015	
1469	0.001468	-1.73662	-3.93524	
1470	0.001469	-1.47762	-4.19204	
1471	0.00147	-1.6036	-4.07276	
1472	0.001471	-1.84644	-3.81388	
1473	0.001472	-1.86584	-3.89414	
1474	0.001473	-1.77798	-4.19109	
1475	0.001474	-1.73567	-4.12088	
1476	0.001475	-1.77889	-4.19258	
1477	0.001476	-2.13083	-3.98767	
1478	0.001477	-2.07441	-4.11225	
1479	0.001478	-2.03677	-4.14362	
1480	0.001479	-1.81523	-4.33676	
1481	0.00148	-1.93768	-4.23892	
1482	0.001481	-1.88304	-4.33444	
1483	0.001482	-1.88467	-4.27855	
1484	0.001483	-1.75241	-4.52301	
1485	0.001484	-2.05047	-4.21134	
1486	0.001485	-1.88383	-4.3199	
1487	0.001486	-1.85362	-4.32539	
1488	0.001487	-1.78758	-4.28106	
1489	0.001488	-1.72407	-4.26284	
1490	0.001489	-1.80024	-4.27641	
1491	0.00149	-1.99267	-4.09596	
1492	0.001491	-1.91926	-4.21418	
1493	0.001492	-1.78344	-4.37519	
1494	0.001493	-1.95102	-4.28852	
1495	0.001494	-1.93545	-4.3098	
1496	0.001495	-1.89789	-4.32713	
1497	0.001496	-1.68358	-4.47368	
1498	0.001497	-1.89236	-4.32029	
1499	0.001498	-1.70988	-4.52845	
1500	0.001499	-1.72497	-4.55086	
1501	0.0015	-1.60673	-4.74169	
1502	0.001501	-1.66045	-4.68853	
1503	0.001502	-1.76852	-4.59115	
1504	0.001503	-1.76151	-4.61136	
1505	0.001504	-1.68931	-4.71781	
1506	0.001505	-1.85671	-4.57862	
1507	0.001506	-1.62683	-4.77884	
1508	0.001507	-1.58871	-4.72765	
1509	0.001508	-1.75688	-4.52918	
1510	0.001509	-2.07001	-4.27252	
1511	0.00151	-1.86028	-4.43017	
1512	0.001511	-2.31843	-4.18914	
1513	0.001512	-2.03557	-4.47098	
1514	0.001513	-2.02925	-4.50823	
1515	0.001514	-2.13298	-4.50956	
1516	0.001515	-2.03958	-4.66299	
1517	0.001516	-1.94598	-4.71064	
1518	0.001517	-1.66232	-4.93266	
1519	0.001518	-1.68601	-4.90771	
1520	0.001519	-1.80265	-4.63851	
1521	0.00152	-1.93003	-4.43308	
1522	0.001521	-1.92985	-4.40595	
1523	0.001522	-1.86061	-4.44718	
1524	0.001523	-1.97668	-4.31665	
1525	0.001524	-1.76385	-4.58867	
1526	0.001525	-2.04105	-4.50443	
1527	0.001526	-1.8013	-4.57081	
1528	0.001527	-1.81712	-4.57185	
1529	0.001528	-1.47097	-4.79441	
1530	0.001529	-1.78818	-4.64511	
1531	0.00153	-1.63118	-4.86436	
1532	0.001531	-1.98903	-4.52553	
1533	0.001532	-2.00227	-4.53474	
1534	0.001533	-1.96102	-4.75362	
1535	0.001534	-1.86087	-5.02163	
1536	0.001535	-1.80561	-5.0419	
1537	0.001536	-1.90082	-4.92096	
1538	0.001537	-2.00809	-4.81003	
1539	0.001538	-2.07117	-4.76597	
1540	0.001539	-1.94054	-4.86136	
1541	0.00154	-2.03964	-4.90634	
1542	0.001541	-1.92656	-4.90997	
1543	0.001542	-1.86398	-4.99256	
1544	0.001543	-1.63465	-5.06615	
1545	0.001544	-1.90181	-4.80401	
1546	0.001545	-2.09116	-4.74183	
1547	0.001546	-1.8609	-4.98974	
1548	0.001547	-1.72857	-5.0213	
1549	0.001548	-1.822	-4.96881	
1550	0.001549	-1.89945	-4.86257	
1551	0.00155	-1.81366	-4.90625	
1552	0.001551	-2.09862	-4.79219	
1553	0.001552	-1.90231	-5.02784	
1554	0.001553	-1.88394	-4.99735	
1555	0.001554	-2.10357	-4.69839	
1556	0.001555	-1.81845	-5.0704	
1557	0.001556	-1.76481	-5.06373	
1558	0.001557	-1.94235	-4.8853	
1559	0.001558	-1.77257	-4.9382	
1560	0.001559	-2.09238	-4.64839	
1561	0.00156	-1.6262	-5.08395	
1562	0.001561	-1.62089	-5.07624	
1563	0.001562	-2.03262	-4.72298	
1564	0.001563	-1.91055	-4.84062	
1565	0.001564	-1.58964	-5.07632	
1566	0.001565	-1.70788	-4.95509	
1567	0.001566	-1.5917	-4.96601	
1568	0.001567	-1.78743	-4.8442	
1569	0.001568	-1.83615	-4.78769	
1570	0.001569	-1.77344	-4.81785	
1571	0.00157	-2.11173	-4.59619	
1572	0.001571	-1.76272	-4.96536	
1573	0.001572	-1.7542	-4.84913	
1574	0.001573	-1.91107	-4.68277	
1575	0.001574	-1.86113	-4.757	
1576	0.001575	-2.0509	-4.6431	
1577	0.001576	-1.99418	-4.83902	
1578	0.001577	-1.86326	-4.79211	
1579	0.001578	-2.02254	-4.90798	
1580	0.001579	-2.03813	-4.8322	
1581	0.00158	-1.98568	-4.88903	
1582	0.001581	-1.8183	-5.5233	
1583	0.001582	-1.96525	-5.32968	
1584	0.001583	-1.70166	-5.54958	
1585	0.001584	-2.06722	-5.21272	
1586	0.001585	-2.22251	-5.09714	
1587	0.001586	-1.99558	-5.3254	
1588	0.001587	-2.10909	-5.2596	
1589	0.001588	-2.18671	-5.13054	
1590	0.001589	-1.8401	-5.38011	
1591	0.00159	-1.97913	-4.976	
1592	0.001591	-1.79724	-5.13511	
1593	0.001592	-1.83279	-5.17822	
1594	0.001593	-2.08349	-4.90123	
1595	0.001594	-1.98239	-4.92205	
1596	0.001595	-1.86676	-5.2157	
1597	0.001596	-1.76037	-5.12775	
1598	0.001597	-1.8923	-5.04994	
1599	0.001598	-1.85798	-4.9934	
1600	0.001599	-1.86798	-5.20862	
1601	0.0016	-1.86314	-5.22	
1602	0.001601	-2.00029	-4.96579	
1603	0.001602	-1.72032	-5.28331	
1604	0.001603	-2.04025	-4.93955	
1605	0.001604	-2.03976	-5.006	
1606	0.001605	-2.04334	-4.95712	
1607	0.001606	-2.22056	-4.78474	
1608	0.001607	-1.93213	-5.07846	
1609	0.001608	-1.9749	-5.06711	
1610	0.001609	-2.16751	-4.94645	
1611	0.00161	-2.03232	-4.93616	
1612	0.001611	-2.06232	-4.88972	
1613	0.001612	-1.88769	-5.11621	
1614	0.001613	-1.87606	-5.20575	
1615	0.001614	-1.43562	-5.36863	
1616	0.001615	-1.86561	-5.1271	
1617	0.001616	-1.88226	-5.11671	
1618	0.001617	-1.7465	-5.17439	
1619	0.001618	-1.81616	-5.11405	
1620	0.001619	-2.02566	-5.01542	
1621	0.00162	-1.92952	-5.07036	
1622	0.001621	-1.83869	-5.15099	
1623	0.001622	-1.91711	-5.17178	
1624	0.001623	-1.89023	-5.13947	
1625	0.001624	-2.28772	-4.83151	
1626	0.001625	-2.02085	-5.18681	
1627	0.001626	-2.09126	-5.18606	
1628	0.001627	-2.05231	-5.18206	
1629	0.001628	-1.90356	-5.15525	
1630	0.001629	-1.78146	-5.24775	
1631	0.00163	-2.17487	-5.00136	
1632	0.001631	-2.08566	-5.14613	
1633	0.001632	-2.26146	-5.02684	
1634	0.001633	-2.04368	-5.15868	
1635	0.001634	-2.03479	-5.0657	
1636	0.001635	-1.95648	-5.27546	
1637	0.001636	-1.77193	-5.26685	
1638	0.001637	-1.81503	-5.24539	
1639	0.001638	-1.67934	-5.26233	
1640	0.001639	-1.83946	-5.17945	
1641	0.00164	-1.67133	-5.28262	
1642	0.001641	-1.48828	-5.37376	
1643	0.001642	-1.72447	-5.12518	
1644	0.001643	-1.72962	-5.18951	
1645	0.001644	-1.62801	-5.26672	
1646	0.001645	-1.53979	-5.23166	
1647	0.001646	-1.62821	-5.23126	
1648	0.001647	-1.71741	-5.1244	
1649	0.001648	-1.6871	-5.02595	
1650	0.001649	-1.53695	-5.07064	
1651	0.00165	-1.41004	-5.07181	
1652	0.001651	-1.42374	-5.01941	
1653	0.001652	-1.79926	-4.80239	
1654	0.001653	-1.74249	-4.92233	
1655	0.001654	-1.68772	-5.02453	
1656	0.001655	-1.444	-5.22449	
1657	0.001656	-1.64873	-5.00741	
1658	0.001657	-1.41099	-5.17507	
1659	0.001658	-1.36255	-5.2042	
1660	0.001659	-1.66479	-4.90147	
1661	0.00166	-1.63473	-4.98075	
1662	0.001661	-1.55572	-5.00705	
1663	0.001662	-1.50327	-4.97731	
1664	0.001663	-1.6371	-4.82069	
1665	0.001664	-1.47981	-4.90924	
1666	0.001665	-1.40134	-5.00893	
1667	0.001666	-1.43942	-4.82577	
1668	0.001667	-1.72931	-4.61654	
1669	0.001668	-1.34257	-4.98117	
1670	0.001669	-1.43351	-4.94499	
1671	0.00167	-1.58758	-4.6876	
1672	0.001671	-1.56875	-4.60755	
1673	0.001672	-1.28007	-4.75369	
1674	0.001673	-1.41616	-4.60525	
1675	0.001674	-1.41707	-4.48385	
1676	0.001675	-1.61395	-4.30441	
1677	0.001676	-1.49455	-4.60608	
1678	0.001677	-1.46778	-4.56636	
1679	0.001678	-1.79059	-4.16449	
1680	0.001679	-1.76311	-4.23032	
1681	0.00168	-1.68836	-4.32295	
1682	0.001681	-1.80519	-4.2185	
1683	0.001682	-1.66172	-4.32215	
1684	0.001683	-2.14463	-4.02871	
1685	0.001684	-1.93952	-4.29691	
1686	0.001685	-1.48494	-4.54834	
1687	0.001686	-1.84474	-4.41876	
1688	0.001687	-1.65866	-4.55264	
1689	0.001688	-1.42229	-4.72647	
1690	0.001689	-1.61714	-4.52105	
1691	0.00169	-1.75981	-4.28546	
1692	0.001691	-1.45444	-4.74886	
1693	0.001692	-1.48925	-4.50075	
1694	0.001693	-1.4909	-4.53238	
1695	0.001694	-1.49548	-4.5108	
1696	0.001695	-1.4742	-4.50309	
1697	0.001696	-1.44281	-4.49651	
1698	0.001697	-1.38761	-4.44715	
1699	0.001698	-1.33185	-4.46078	
1700	0.001699	-1.28141	-4.43514	
1701	0.0017	-1.23109	-4.44798	
1702	0.001701	-1.49448	-4.20945	
1703	0.001702	-1.2873	-4.45903	
1704	0.001703	-1.60386	-4.12576	
1705	0.001704	-1.48134	-4.20345	
1706	0.001705	-1.42644	-4.14199	
1707	0.001706	-1.51752	-4.40745	
1708	0.001707	-1.65736	-4.38454	
1709	0.001708	-1.4616	-4.30738	
1710	0.001709	-1.59238	-4.3123	
1711	0.00171	-1.7103	-4.27598	
1712	0.001711	-1.59544	-4.33301	
1713	0.001712	-1.73225	-4.25167	
1714	0.001713	-1.53136	-4.29288	
1715	0.001714	-1.50811	-4.20784	
1716	0.001715	-1.43822	-4.26113	
1717	0.001716	-1.30573	-4.28758	
1718	0.001717	-1.39076	-4.22684	
1719	0.001718	-1.30728	-4.40754	
1720	0.001719	-1.37907	-4.24453	
1721	0.00172	-1.35736	-4.26791	
1722	0.001721	-1.17648	-4.37296	
1723	0.001722	-1.43725	-4.09695	
1724	0.001723	-1.41896	-3.9942	
1725	0.001724	-1.34526	-4.06632	
1726	0.001725	-1.09603	-4.30271	
1727	0.001726	-1.26391	-4.06639	
1728	0.001727	-1.17439	-4.13129	
1729	0.001728	-1.59935	-3.80098	
1730	0.001729	-1.41887	-3.93121	
1731	0.00173	-1.23793	-4.07135	
1732	0.001731	-1.26512	-4.29399	
1733	0.001732	-1.21932	-4.39516	
1734	0.001733	-1.56308	-4.05213	
1735	0.001734	-1.53069	-4.09736	
1736	0.001735	-1.18645	-4.29035	
1737	0.001736	-1.48608	-4.04168	
1738	0.001737	-1.25267	-4.19693	
1739	0.001738	-1.41806	-4.08018	
1740	0.001739	-1.20338	-4.16948	
1741	0.00174	-1.4461	-3.947	
1742	0.001741	-1.43787	-3.89577	
1743	0.001742	-1.66845	-3.83417	
1744	0.001743	-1.45352	-3.95357	
1745	0.001744	-1.29097	-4.2182	
1746	0.001745	-1.63954	-4.07684	
1747	0.001746	-1.75376	-4.10707	
1748	0.001747	-1.32531	-4.22172	
1749	0.001748	-1.72756	-3.87378	
1750	0.001749	-1.4781	-4.08922	
1751	0.00175	-1.31378	-4.20119	
1752	0.001751	-1.48321	-3.98702	
1753	0.001752	-1.12144	-4.24822	
1754	0.001753	-0.97649	-4.29967	
1755	0.001754	-1.53277	-3.79389	
1756	0.001755	-1.47988	-3.84805	
1757	0.001756	-1.53528	-3.98598	
1758	0.001757	-1.71385	-3.97575	
1759	0.001758	-1.56219	-4.11613	
1760	0.001759	-1.31741	-4.2078	
1761	0.00176	-1.32349	-4.19153	
1762	0.001761	-1.484	-3.90105	
1763	0.001762	-1.71457	-3.97876	
1764	0.001763	-1.35388	-4.25053	
1765	0.001764	-1.3181	-4.19304	
1766	0.001765	-1.30239	-4.14229	
1767	0.001766	-1.55683	-3.99624	
1768	0.001767	-1.32735	-4.14611	
1769	0.001768	-1.09249	-4.30525	
1770	0.001769	-1.35391	-4.03495	
1771	0.00177	-1.13071	-4.07719	
1772	0.001771	-1.21766	-4.09531	
1773	0.001772	-1.41816	-3.8977	
1774	0.001773	-1.30452	-3.99315	
1775	0.001774	-1.50771	-3.87629	
1776	0.001775	-1.49788	-3.89929	
1777	0.001776	-1.41049	-3.90272	
1778	0.001777	-1.43349	-3.91021	
1779	0.001778	-1.42856	-3.84628	
1780	0.001779	-1.47939	-3.7616	
1781	0.00178	-1.79906	-3.53916	
1782	0.001781	-1.43213	-3.91923	
1783	0.001782	-1.37669	-3.91822	
1784	0.001783	-1.67142	-3.7605	
1785	0.001784	-1.46494	-3.91022	
1786	0.001785	-1.56025	-3.74467	
1787	0.001786	-1.75476	-3.5949	
1788	0.001787	-1.49028	-3.90195	
1789	0.001788	-1.24841	-4.12162	
1790	0.001789	-1.19277	-4.19241	
1791	0.00179	-1.43834	-3.84516	
1792	0.001791	-1.28357	-3.90896	
1793	0.001792	-1.23878	-3.96124	
1794	0.001793	-1.5075	-3.82196	
1795	0.001794	-1.31605	-3.9192	
1796	0.001795	-1.36307	-3.85609	
1797	0.001796	-1.52385	-3.82034	
1798	0.001797	-1.35202	-3.89287	
1799	0.001798	-1.32882	-3.89172	
1800	0.001799	-1.44158	-3.73007	
1801	0.0018	-1.29075	-3.864	
1802	0.001801	-1.16154	-3.89574	
1803	0.001802	-1.3848	-3.70294	
1804	0.001803	-1.32983	-3.65427	
1805	0.001804	-1.55396	-3.56632	
1806	0.001805	-1.29236	-3.86845	
1807	0.001806	-1.37012	-3.88428	
1808	0.001807	-1.2824	-3.98814	
1809	0.001808	-1.40918	-3.80443	
1810	0.001809	-1.17232	-3.95277	
1811	0.00181	-1.21014	-3.89423	
1812	0.001811	-1.55427	-3.58462	
1813	0.001812	-1.45423	-3.79398	
1814	0.001813	-1.13311	-3.72748	
1815	0.001814	-1.33858	-3.66322	
1816	0.001815	-1.52336	-3.54409	
1817	0.001816	-1.63896	-3.46348	
1818	0.001817	-1.20131	-3.85388	
1819	0.001818	-1.09194	-3.90092	
1820	0.001819	-1.27095	-3.71566	
1821	0.00182	-1.40927	-3.61356	
1822	0.001821	-1.5183	-3.66682	
1823	0.001822	-1.40511	-3.59942	
1824	0.001823	-1.32897	-3.69426	
1825	0.001824	-1.32424	-3.79878	
1826	0.001825	-1.33074	-3.80027	
1827	0.001826	-1.29089	-3.88076	
1828	0.001827	-1.41377	-3.69267	
1829	0.001828	-1.28689	-3.79989	
1830	0.001829	-1.24356	-3.84766	
1831	0.00183	-1.40332	-3.68215	
1832	0.001831	-1.07058	-3.9566	
1833	0.001832	-1.51176	-3.65112	
1834	0.001833	-1.41687	-3.7395	
1835	0.001834	-1.34755	-3.77535	
1836	0.001835	-1.52396	-3.567	
1837	0.001836	-1.50157	-3.54053	
1838	0.001837	-1.38829	-3.66107	
1839	0.001838	-1.5585	-3.56723	
1840	0.001839	-1.3178	-3.82052	
1841	0.00184	-1.43731	-3.71384	
1842	0.001841	-1.47887	-3.6474	
1843	0.001842	-1.56718	-3.50994	
1844	0.001843	-1.76933	-3.45077	
1845	0.001844	-1.53423	-3.6068	
1846	0.001845	-1.54036	-3.63051	
1847	0.001846	-1.35265	-3.76596	
1848	0.001847	-1.38733	-3.71568	
1849	0.001848	-1.33873	-3.71107	
1850	0.001849	-1.49324	-3.73231	
1851	0.00185	-1.37565	-3.79479	
1852	0.001851	-1.41709	-3.66457	
1853	0.001852	-1.24669	-3.79518	
1854	0.001853	-1.38507	-3.75749	
1855	0.001854	-1.29858	-3.72312	
1856	0.001855	-1.3866	-3.66986	
1857	0.001856	-1.13399	-3.81065	
1858	0.001857	-1.12061	-3.82509	
1859	0.001858	-1.37967	-3.63147	
1860	0.001859	-1.27361	-3.73982	
1861	0.00186	-1.31725	-3.66472	
1862	0.001861	-1.30323	-3.71734	
1863	0.001862	-1.52954	-3.51732	
1864	0.001863	-1.47807	-3.56594	
1865	0.001864	-1.39714	-3.74479	
1866	0.001865	-1.92258	-3.24139	
1867	0.001866	-1.41162	-3.78046	
1868	0.001867	-1.71039	-3.3886	
1869	0.001868	-1.29878	-3.74977	
1870	0.001869	-1.46919	-3.59424	
1871	0.00187	-1.41727	-3.58236	
1872	0.001871	-1.41387	-3.59161	
1873	0.001872	-1.35188	-3.648	
1874	0.001873	-1.60899	-3.27466	
1875	0.001874	-1.61152	-3.39176	
1876	0.001875	-1.63067	-3.35502	
1877	0.001876	-1.72484	-3.49254	
1878	0.001877	-1.43455	-3.71204	
1879	0.001878	-1.28606	-3.72542	
1880	0.001879	-1.58728	-3.42476	
1881	0.00188	-1.55801	-3.48398	
1882	0.001881	-1.60576	-3.43315	
1883	0.001882	-1.54629	-3.53554	
1884	0.001883	-1.45628	-3.57272	
1885	0.001884	-1.46241	-3.49118	
1886	0.001885	-1.66584	-3.47812	
1887	0.001886	-1.67755	-3.32343	
1888	0.001887	-1.29454	-3.79568	
1889	0.001888	-1.78477	-3.28757	
1890	0.001889	-1.46299	-3.73119	
1891	0.00189	-1.50123	-3.44593	
1892	0.001891	-1.7407	-3.22555	
1893	0.001892	-1.45077	-3.62599	
1894	0.001893	-1.5775	-3.46564	
1895	0.001894	-1.366	-3.63231	
1896	0.001895	-1.22685	-3.69298	
1897	0.001896	-1.83404	-3.18583	
1898	0.001897	-1.65053	-3.23593	
1899	0.001898	-1.32033	-3.47516	
1900	0.001899	-1.73592	-3.14368	
1901	0.0019	-1.53796	-3.33426	
1902	0.001901	-1.13775	-3.6325	
1903	0.001902	-1.2992	-3.44485	
1904	0.001903	-1.16526	-3.56137	
1905	0.001904	-1.08253	-3.64532	
1906	0.001905	-1.44156	-3.25795	
1907	0.001906	-1.3218	-3.4109	
1908	0.001907	-1.446	-3.2539	
1909	0.001908	-1.49541	-3.20408	
1910	0.001909	-1.53253	-3.19524	
1911	0.00191	-1.27514	-3.37465	
1912	0.001911	-1.54464	-3.11653	
1913	0.001912	-1.89103	-2.99446	
1914	0.001913	-1.47306	-3.4405	
1915	0.001914	-1.37672	-3.50911	
1916	0.001915	-1.32461	-3.57274	
1917	0.001916	-1.41823	-3.4853	
1918	0.001917	-1.65907	-3.23656	
1919	0.001918	-1.38617	-3.52541	
1920	0.001919	-1.20051	-3.61381	
1921	0.00192	-1.45395	-3.53237	
1922	0.001921	-1.18249	-3.74898	
1923	0.001922	-1.29988	-3.60003	
